/newplot
/plotname contrast2=0.0
0.0000e+00 6.6832e+02 1.2636e+01
3.0000e+01 6.8010e+02 1.6179e+01
6.0000e+01 7.0865e+02 2.0607e+01
9.0000e+01 7.1125e+02 1.7787e+01
1.2000e+02 6.8162e+02 1.3147e+01
1.5000e+02 6.7780e+02 1.0439e+01
1.8000e+02 6.8604e+02 1.1535e+01
2.1000e+02 6.7825e+02 9.9085e+00
2.4000e+02 7.4312e+02 1.8439e+01
2.7000e+02 7.4807e+02 1.7084e+01
3.0000e+02 6.8203e+02 1.0896e+01
3.3000e+02 6.8647e+02 1.0048e+01
/newplot
/plotname contrast2=0.5
0.0000e+00 6.9682e+02 1.6151e+01
3.0000e+01 7.0879e+02 2.8880e+01
6.0000e+01 7.0203e+02 1.8268e+01
9.0000e+01 6.8677e+02 1.2263e+01
1.2000e+02 7.1735e+02 1.4326e+01
1.5000e+02 7.0642e+02 1.5790e+01
1.8000e+02 6.9823e+02 1.9505e+01
2.1000e+02 6.9753e+02 1.3732e+01
2.4000e+02 7.0304e+02 1.7055e+01
2.7000e+02 6.9477e+02 1.9571e+01
3.0000e+02 7.0090e+02 1.5835e+01
3.3000e+02 6.8892e+02 8.6286e+00
/newplot
/plotname baseline
0.000000e+00 6.603588e+02
3.300000e+02 6.603588e+02
