/newplot
/plotname contrast2=0.0
0.0000e+00 5.6198e+02 8.2365e+00
3.0000e+01 5.4154e+02 3.9767e+00
6.0000e+01 5.3575e+02 6.3119e+00
9.0000e+01 5.4379e+02 4.7677e+00
1.2000e+02 5.5807e+02 1.1769e+01
1.5000e+02 5.9259e+02 1.3546e+01
1.8000e+02 5.5935e+02 5.2378e+00
2.1000e+02 5.4283e+02 5.8455e+00
2.4000e+02 5.4699e+02 9.3747e+00
2.7000e+02 5.5064e+02 7.9498e+00
3.0000e+02 5.7301e+02 9.4837e+00
3.3000e+02 6.2132e+02 1.4600e+01
/newplot
/plotname contrast2=0.5
0.0000e+00 5.5174e+02 1.5727e+01
3.0000e+01 5.7714e+02 2.3841e+01
6.0000e+01 5.8047e+02 9.5157e+00
9.0000e+01 5.6583e+02 9.2985e+00
1.2000e+02 5.7781e+02 1.4786e+01
1.5000e+02 5.8575e+02 9.3626e+00
1.8000e+02 5.6568e+02 2.1147e+01
2.1000e+02 5.6677e+02 1.3340e+01
2.4000e+02 5.8845e+02 1.5849e+01
2.7000e+02 5.6249e+02 1.4169e+01
3.0000e+02 5.8083e+02 1.2260e+01
3.3000e+02 5.9388e+02 1.1058e+01
/newplot
/plotname baseline
0.000000e+00 5.345712e+02
3.300000e+02 5.345712e+02
