/newplot
/plotname contrast2=0.0
0.0000e+00 6.3464e+02 1.3208e+01
3.0000e+01 6.0556e+02 7.6750e+00
6.0000e+01 6.1223e+02 5.7344e+00
9.0000e+01 6.2061e+02 1.3621e+01
1.2000e+02 6.0507e+02 9.0618e+00
1.5000e+02 6.4773e+02 2.2847e+01
1.8000e+02 6.3278e+02 1.7222e+00
2.1000e+02 6.1019e+02 6.1295e+00
2.4000e+02 6.2288e+02 1.1665e+01
2.7000e+02 6.1976e+02 1.0019e+01
3.0000e+02 6.1919e+02 1.0800e+01
3.3000e+02 6.7617e+02 1.4022e+01
/newplot
/plotname contrast2=0.5
0.0000e+00 6.3349e+02 1.5543e+01
3.0000e+01 6.5336e+02 2.6740e+01
6.0000e+01 6.4750e+02 1.2230e+01
9.0000e+01 6.3016e+02 9.3711e+00
1.2000e+02 6.3799e+02 1.0288e+01
1.5000e+02 6.5014e+02 8.8497e+00
1.8000e+02 6.2742e+02 9.0889e+00
2.1000e+02 6.2799e+02 1.0575e+01
2.4000e+02 6.7068e+02 1.9143e+01
2.7000e+02 6.3392e+02 1.0440e+01
3.0000e+02 6.4180e+02 1.8505e+01
3.3000e+02 6.5159e+02 1.4572e+01
/newplot
/plotname baseline
0.000000e+00 6.056884e+02
3.300000e+02 6.056884e+02
