/newplot
/plotname contrast2=0.0
0.0000e+00 6.0789e+02 5.1274e+00
3.0000e+01 5.8812e+02 7.0170e+00
6.0000e+01 5.9583e+02 9.0631e+00
9.0000e+01 5.9258e+02 4.9359e+00
1.2000e+02 5.9590e+02 6.2986e+00
1.5000e+02 6.1846e+02 1.2564e+01
1.8000e+02 6.1909e+02 7.3042e+00
2.1000e+02 6.0158e+02 4.5354e+00
2.4000e+02 6.0516e+02 5.1871e+00
2.7000e+02 5.9983e+02 5.7944e+00
3.0000e+02 6.0133e+02 8.9098e+00
3.3000e+02 6.2276e+02 9.4884e+00
/newplot
/plotname contrast2=0.5
0.0000e+00 6.0025e+02 9.3337e+00
3.0000e+01 6.1903e+02 1.7083e+01
6.0000e+01 6.2829e+02 1.0924e+01
9.0000e+01 6.1200e+02 7.5902e+00
1.2000e+02 6.2011e+02 7.0267e+00
1.5000e+02 6.2158e+02 1.0545e+01
1.8000e+02 6.0748e+02 1.0692e+01
2.1000e+02 6.1485e+02 9.6902e+00
2.4000e+02 6.2316e+02 9.1451e+00
2.7000e+02 6.1029e+02 1.3037e+01
3.0000e+02 6.1447e+02 8.2762e+00
3.3000e+02 6.2351e+02 1.0320e+01
/newplot
/plotname baseline
0.000000e+00 5.830530e+02
3.300000e+02 5.830530e+02
