/newplot
/plotname contrast2=0.0
0.0000e+00 6.4271e+02 6.4732e+00
3.0000e+01 6.1794e+02 3.5482e+00
6.0000e+01 6.1720e+02 5.0659e+00
9.0000e+01 6.1824e+02 8.3355e+00
1.2000e+02 6.1297e+02 9.2764e+00
1.5000e+02 6.2630e+02 1.3427e+01
1.8000e+02 6.8671e+02 7.6956e+00
2.1000e+02 6.3012e+02 7.2896e+00
2.4000e+02 6.1302e+02 4.8608e+00
2.7000e+02 6.2144e+02 6.8492e+00
3.0000e+02 6.1086e+02 7.7686e+00
3.3000e+02 6.2969e+02 5.9487e+00
/newplot
/plotname contrast2=0.5
0.0000e+00 6.2486e+02 4.9424e+00
3.0000e+01 6.3443e+02 1.0070e+01
6.0000e+01 6.3245e+02 7.1140e+00
9.0000e+01 6.4422e+02 1.1581e+01
1.2000e+02 6.4469e+02 7.4725e+00
1.5000e+02 6.3234e+02 8.5208e+00
1.8000e+02 6.4877e+02 1.2706e+01
2.1000e+02 6.2899e+02 7.1386e+00
2.4000e+02 6.2318e+02 8.7283e+00
2.7000e+02 6.3395e+02 1.1046e+01
3.0000e+02 6.2985e+02 8.1260e+00
3.3000e+02 6.3227e+02 8.1028e+00
/newplot
/plotname baseline
0.000000e+00 6.117581e+02
3.300000e+02 6.117581e+02
