/newplot
/plotname contrast2=0.0
0.0000e+00 6.5339e+02 1.0218e+01
3.0000e+01 6.5155e+02 9.4102e+00
6.0000e+01 6.8841e+02 1.6282e+01
9.0000e+01 7.0981e+02 1.7925e+01
1.2000e+02 6.7759e+02 1.4830e+01
1.5000e+02 6.4811e+02 3.8360e+00
1.8000e+02 6.5097e+02 7.3983e+00
2.1000e+02 6.5370e+02 6.5831e+00
2.4000e+02 7.1232e+02 1.4941e+01
2.7000e+02 7.3683e+02 1.2751e+01
3.0000e+02 6.7492e+02 1.2905e+01
3.3000e+02 6.6184e+02 7.1168e+00
/newplot
/plotname contrast2=0.5
0.0000e+00 6.7319e+02 1.4813e+01
3.0000e+01 6.9307e+02 2.1208e+01
6.0000e+01 6.8982e+02 1.6884e+01
9.0000e+01 6.7227e+02 8.8490e+00
1.2000e+02 6.9816e+02 1.4126e+01
1.5000e+02 6.8237e+02 5.8628e+00
1.8000e+02 6.8795e+02 1.6046e+01
2.1000e+02 6.8492e+02 1.0678e+01
2.4000e+02 6.7264e+02 2.2101e+01
2.7000e+02 6.7473e+02 1.4848e+01
3.0000e+02 6.8660e+02 1.4087e+01
3.3000e+02 6.6879e+02 5.5871e+00
/newplot
/plotname baseline
0.000000e+00 6.361597e+02
3.300000e+02 6.361597e+02
