/newplot
/plotname contrast2=0.0
0.0000e+00 5.7996e+02 1.1027e+01
3.0000e+01 5.6649e+02 8.1430e+00
6.0000e+01 5.7477e+02 9.1670e+00
9.0000e+01 5.7199e+02 3.6116e+00
1.2000e+02 5.6132e+02 4.7812e+00
1.5000e+02 5.6176e+02 7.4671e+00
1.8000e+02 5.7946e+02 3.0652e+00
2.1000e+02 5.6884e+02 1.1780e+01
2.4000e+02 5.6332e+02 6.3154e+00
2.7000e+02 5.7462e+02 4.6957e+00
3.0000e+02 5.7172e+02 6.3360e+00
3.3000e+02 5.8271e+02 4.6502e+00
/newplot
/plotname contrast2=0.5
0.0000e+00 5.7203e+02 6.6164e+00
3.0000e+01 5.7456e+02 1.0798e+01
6.0000e+01 5.7092e+02 6.1528e+00
9.0000e+01 5.5450e+02 6.0338e+00
1.2000e+02 5.7586e+02 4.7291e+00
1.5000e+02 5.7667e+02 6.7557e+00
1.8000e+02 5.8071e+02 5.6017e+00
2.1000e+02 5.6777e+02 9.0288e+00
2.4000e+02 5.8081e+02 8.1430e+00
2.7000e+02 5.7033e+02 3.6371e+00
3.0000e+02 5.7804e+02 6.9579e+00
3.3000e+02 5.7167e+02 6.0911e+00
/newplot
/plotname baseline
0.000000e+00 5.679218e+02
3.300000e+02 5.679218e+02
