/newplot
/plotname contrast2=0.0
0.0000e+00 6.6146e+02 6.8990e+00
3.0000e+01 6.0414e+02 8.8327e+00
6.0000e+01 5.9043e+02 4.7382e+00
9.0000e+01 5.8976e+02 4.2565e+00
1.2000e+02 6.0162e+02 8.3812e+00
1.5000e+02 6.5770e+02 1.7214e+01
1.8000e+02 6.3270e+02 5.5079e+00
2.1000e+02 5.9968e+02 5.7478e+00
2.4000e+02 6.0583e+02 6.9172e+00
2.7000e+02 6.0093e+02 1.1259e+01
3.0000e+02 5.9378e+02 1.3496e+01
3.3000e+02 6.8875e+02 1.2710e+01
/newplot
/plotname contrast2=0.5
0.0000e+00 6.3828e+02 1.4179e+01
3.0000e+01 6.2481e+02 1.8409e+01
6.0000e+01 6.3981e+02 9.1519e+00
9.0000e+01 6.2403e+02 1.0285e+01
1.2000e+02 6.1342e+02 7.5832e+00
1.5000e+02 6.4317e+02 1.5077e+01
1.8000e+02 6.2653e+02 8.6997e+00
2.1000e+02 6.0809e+02 7.3867e+00
2.4000e+02 6.7238e+02 1.6496e+01
2.7000e+02 6.2392e+02 1.3644e+01
3.0000e+02 6.1436e+02 6.5655e+00
3.3000e+02 6.6788e+02 1.3424e+01
/newplot
/plotname baseline
0.000000e+00 5.867628e+02
3.300000e+02 5.867628e+02
