/newplot
/plotname contrast2=0.0
0.0000e+00 6.6742e+02 1.2252e+01
3.0000e+01 6.7378e+02 2.3200e+01
6.0000e+01 6.5526e+02 1.2100e+01
9.0000e+01 6.6594e+02 1.3377e+01
1.2000e+02 6.7607e+02 1.3286e+01
1.5000e+02 6.9830e+02 1.0177e+01
1.8000e+02 6.8203e+02 1.0910e+01
2.1000e+02 6.7629e+02 1.3125e+01
2.4000e+02 6.7800e+02 1.3872e+01
2.7000e+02 6.8866e+02 1.6427e+01
3.0000e+02 6.4622e+02 1.9542e+01
3.3000e+02 7.0008e+02 1.3855e+01
/newplot
/plotname contrast2=0.5
0.0000e+00 6.6907e+02 4.4837e+00
3.0000e+01 6.9967e+02 1.3961e+01
6.0000e+01 6.7737e+02 1.7614e+01
9.0000e+01 6.8386e+02 1.4830e+01
1.2000e+02 6.6637e+02 8.2980e+00
1.5000e+02 6.9501e+02 2.1660e+01
1.8000e+02 6.7977e+02 2.3965e+01
2.1000e+02 6.7238e+02 1.8174e+01
2.4000e+02 6.7232e+02 1.8646e+01
2.7000e+02 6.9108e+02 1.4402e+01
3.0000e+02 6.9328e+02 1.5021e+01
3.3000e+02 6.7552e+02 1.3258e+01
/newplot
/plotname baseline
0.000000e+00 6.362739e+02
3.300000e+02 6.362739e+02
