/newplot
/plotname contrast2=0.0
0.0000e+00 5.5904e+02 8.6908e+00
3.0000e+01 5.4025e+02 9.0196e+00
6.0000e+01 5.5851e+02 1.1508e+01
9.0000e+01 5.5642e+02 1.0009e+01
1.2000e+02 5.5275e+02 5.1526e+00
1.5000e+02 5.5585e+02 1.3527e+01
1.8000e+02 5.5412e+02 3.3291e+00
2.1000e+02 5.3663e+02 1.0634e+01
2.4000e+02 5.8406e+02 1.1924e+01
2.7000e+02 5.7836e+02 8.0861e+00
3.0000e+02 5.5186e+02 1.4656e+01
3.3000e+02 5.6727e+02 1.4212e+01
/newplot
/plotname contrast2=0.5
0.0000e+00 5.5459e+02 1.0501e+01
3.0000e+01 5.7865e+02 2.3304e+01
6.0000e+01 5.7035e+02 1.4519e+01
9.0000e+01 5.5958e+02 4.9931e+00
1.2000e+02 5.9538e+02 1.1764e+01
1.5000e+02 5.8193e+02 1.6038e+01
1.8000e+02 5.5386e+02 9.3459e+00
2.1000e+02 5.6338e+02 1.3631e+01
2.4000e+02 5.9354e+02 9.9643e+00
2.7000e+02 5.5510e+02 1.5488e+01
3.0000e+02 5.7394e+02 1.2939e+01
3.3000e+02 5.4908e+02 1.4044e+01
/newplot
/plotname baseline
0.000000e+00 5.267869e+02
3.300000e+02 5.267869e+02
