/newplot
/plotname contrast2=0.0
0.0000e+00 7.2210e+02 1.1460e+01
3.0000e+01 7.0056e+02 1.1852e+01
6.0000e+01 7.0589e+02 1.2550e+01
9.0000e+01 7.0730e+02 2.0768e+01
1.2000e+02 6.9061e+02 1.1190e+01
1.5000e+02 7.1809e+02 2.0174e+01
1.8000e+02 7.3324e+02 1.0415e+01
2.1000e+02 6.9845e+02 5.4336e+00
2.4000e+02 7.1306e+02 1.5975e+01
2.7000e+02 7.1437e+02 6.9688e+00
3.0000e+02 7.0764e+02 1.0014e+01
3.3000e+02 7.4004e+02 1.3352e+01
/newplot
/plotname contrast2=0.5
0.0000e+00 7.1372e+02 2.2880e+01
3.0000e+01 7.3015e+02 2.4946e+01
6.0000e+01 7.2476e+02 1.2057e+01
9.0000e+01 7.1683e+02 1.0246e+01
1.2000e+02 7.3500e+02 1.7132e+01
1.5000e+02 7.2327e+02 1.3481e+01
1.8000e+02 7.1858e+02 1.7672e+01
2.1000e+02 7.2025e+02 2.0397e+01
2.4000e+02 7.4159e+02 2.5715e+01
2.7000e+02 7.1738e+02 1.4491e+01
3.0000e+02 7.3304e+02 1.4034e+01
3.3000e+02 7.2183e+02 1.1572e+01
/newplot
/plotname baseline
0.000000e+00 6.792667e+02
3.300000e+02 6.792667e+02
