/newplot
/plotname contrast2=0.0
0.0000e+00 5.5930e+02 1.1134e+01
3.0000e+01 5.2546e+02 1.4953e+01
6.0000e+01 5.1118e+02 9.8842e+00
9.0000e+01 5.3260e+02 1.3618e+01
1.2000e+02 5.4028e+02 2.2233e+01
1.5000e+02 5.7239e+02 1.8143e+01
1.8000e+02 5.7625e+02 1.5902e+01
2.1000e+02 5.3712e+02 5.1979e+00
2.4000e+02 5.3079e+02 1.4830e+01
2.7000e+02 5.2537e+02 8.2043e+00
3.0000e+02 5.3386e+02 1.1555e+01
3.3000e+02 6.4327e+02 2.2534e+01
/newplot
/plotname contrast2=0.5
0.0000e+00 5.5255e+02 1.4768e+01
3.0000e+01 5.5591e+02 2.2190e+01
6.0000e+01 5.8319e+02 2.1381e+01
9.0000e+01 5.4654e+02 6.0221e+00
1.2000e+02 5.4743e+02 1.1058e+01
1.5000e+02 5.7103e+02 1.2387e+01
1.8000e+02 5.4082e+02 9.0591e+00
2.1000e+02 5.5119e+02 1.9183e+01
2.4000e+02 6.0610e+02 1.6170e+01
2.7000e+02 5.5646e+02 1.1951e+01
3.0000e+02 5.7029e+02 2.0341e+01
3.3000e+02 6.3226e+02 2.4735e+01
/newplot
/plotname baseline
0.000000e+00 5.180256e+02
3.300000e+02 5.180256e+02
