/newplot
/plotname contrast2=0.0
0.0000e+00 8.1643e+02 2.0649e+01
3.0000e+01 8.2587e+02 1.0198e+01
6.0000e+01 8.0224e+02 2.3777e+01
9.0000e+01 8.1233e+02 1.3033e+01
1.2000e+02 8.1075e+02 1.5020e+01
1.5000e+02 8.3155e+02 1.6279e+01
1.8000e+02 8.3842e+02 1.1942e+01
2.1000e+02 8.2331e+02 1.5441e+01
2.4000e+02 7.9683e+02 8.2011e+00
2.7000e+02 8.1566e+02 1.7446e+01
3.0000e+02 7.9020e+02 2.4437e+01
3.3000e+02 8.1971e+02 1.0507e+01
/newplot
/plotname contrast2=0.5
0.0000e+00 8.3459e+02 1.0703e+01
3.0000e+01 8.2735e+02 2.0193e+01
6.0000e+01 8.4009e+02 8.9499e+00
9.0000e+01 8.3060e+02 7.9977e+00
1.2000e+02 8.3781e+02 1.7995e+01
1.5000e+02 8.0918e+02 1.9810e+01
1.8000e+02 8.3810e+02 1.2249e+01
2.1000e+02 8.1199e+02 1.6177e+01
2.4000e+02 8.3167e+02 1.1546e+01
2.7000e+02 7.9900e+02 1.9689e+01
3.0000e+02 7.9727e+02 9.5464e+00
3.3000e+02 8.0472e+02 2.1312e+01
/newplot
/plotname baseline
0.000000e+00 7.977139e+02
3.300000e+02 7.977139e+02
