/newplot
/plotname contrast2=0.0
0.0000e+00 8.0308e+02 1.4244e+01
3.0000e+01 7.7711e+02 1.2721e+01
6.0000e+01 7.7140e+02 8.8507e+00
9.0000e+01 7.6189e+02 7.3939e+00
1.2000e+02 7.5019e+02 3.7924e+00
1.5000e+02 7.6901e+02 1.4486e+01
1.8000e+02 8.5710e+02 1.8499e+01
2.1000e+02 7.9292e+02 7.6645e+00
2.4000e+02 7.8013e+02 6.0282e+00
2.7000e+02 7.5027e+02 6.2342e+00
3.0000e+02 7.4407e+02 8.3983e+00
3.3000e+02 7.7910e+02 9.1017e+00
/newplot
/plotname contrast2=0.5
0.0000e+00 7.6918e+02 1.8361e+01
3.0000e+01 7.9048e+02 2.1265e+01
6.0000e+01 7.8297e+02 1.0615e+01
9.0000e+01 8.0912e+02 1.9122e+01
1.2000e+02 8.1394e+02 9.8267e+00
1.5000e+02 7.9111e+02 9.7715e+00
1.8000e+02 8.0717e+02 1.8892e+01
2.1000e+02 7.7995e+02 1.4470e+01
2.4000e+02 7.7942e+02 1.2279e+01
2.7000e+02 7.8173e+02 1.3679e+01
3.0000e+02 7.7985e+02 1.4471e+01
3.3000e+02 7.7048e+02 1.1376e+01
/newplot
/plotname baseline
0.000000e+00 7.490598e+02
3.300000e+02 7.490598e+02
