/newplot
/plotname contrast2=0.0
0.0000e+00 4.8315e+02 1.0102e+01
3.0000e+01 4.6562e+02 1.6797e+01
6.0000e+01 4.6507e+02 1.1522e+01
9.0000e+01 4.5434e+02 9.7185e+00
1.2000e+02 4.3998e+02 8.1157e+00
1.5000e+02 4.6510e+02 1.0658e+01
1.8000e+02 4.9729e+02 1.6821e+01
2.1000e+02 4.6878e+02 1.2081e+01
2.4000e+02 4.8818e+02 1.7321e+01
2.7000e+02 4.7161e+02 9.5810e+00
3.0000e+02 4.6132e+02 9.7324e+00
3.3000e+02 4.7435e+02 9.0657e+00
/newplot
/plotname contrast2=0.5
0.0000e+00 4.6988e+02 1.4480e+01
3.0000e+01 4.7606e+02 2.2937e+01
6.0000e+01 4.5924e+02 2.3190e+01
9.0000e+01 4.9210e+02 8.0303e+00
1.2000e+02 4.9777e+02 1.4243e+01
1.5000e+02 4.8807e+02 1.2583e+01
1.8000e+02 4.8258e+02 1.6888e+01
2.1000e+02 4.7953e+02 4.1218e+00
2.4000e+02 4.8697e+02 1.4012e+01
2.7000e+02 4.9044e+02 1.8702e+01
3.0000e+02 4.9901e+02 2.3131e+01
3.3000e+02 4.8971e+02 9.8033e+00
/newplot
/plotname baseline
0.000000e+00 4.470801e+02
3.300000e+02 4.470801e+02
