/newplot
/plotname contrast2=0.0
0.0000e+00 5.8381e+02 6.5268e+00
3.0000e+01 5.3767e+02 7.2676e+00
6.0000e+01 5.4365e+02 9.4679e+00
9.0000e+01 5.4104e+02 6.5873e+00
1.2000e+02 5.4695e+02 1.0312e+01
1.5000e+02 6.0446e+02 3.0088e+01
1.8000e+02 5.7794e+02 3.5093e+00
2.1000e+02 5.4636e+02 6.2532e+00
2.4000e+02 5.5950e+02 8.6899e+00
2.7000e+02 5.5224e+02 7.8095e+00
3.0000e+02 5.4459e+02 4.8229e+00
3.3000e+02 6.3841e+02 1.5373e+01
/newplot
/plotname contrast2=0.5
0.0000e+00 5.6001e+02 8.8435e+00
3.0000e+01 5.8307e+02 2.6096e+01
6.0000e+01 6.0027e+02 1.2752e+01
9.0000e+01 5.7800e+02 1.2787e+01
1.2000e+02 5.6510e+02 8.5482e+00
1.5000e+02 5.8667e+02 1.3998e+01
1.8000e+02 5.6586e+02 5.6353e+00
2.1000e+02 5.7220e+02 1.1335e+01
2.4000e+02 6.2317e+02 1.8216e+01
2.7000e+02 5.6397e+02 1.0188e+01
3.0000e+02 5.7060e+02 1.1871e+01
3.3000e+02 6.2198e+02 1.2169e+01
/newplot
/plotname baseline
0.000000e+00 5.431616e+02
3.300000e+02 5.431616e+02
