/newplot
/plotname contrast2=0.0
0.0000e+00 6.5792e+02 8.5981e+00
3.0000e+01 6.7229e+02 1.0903e+01
6.0000e+01 6.9570e+02 1.3968e+01
9.0000e+01 6.7033e+02 8.4913e+00
1.2000e+02 6.5221e+02 4.7295e+00
1.5000e+02 6.4718e+02 7.3286e+00
1.8000e+02 6.7411e+02 7.3552e+00
2.1000e+02 6.8248e+02 7.8577e+00
2.4000e+02 6.9706e+02 1.5975e+01
2.7000e+02 6.8917e+02 7.5739e+00
3.0000e+02 6.5847e+02 8.6405e+00
3.3000e+02 6.7117e+02 5.6021e+00
/newplot
/plotname contrast2=0.5
0.0000e+00 6.6145e+02 9.6895e+00
3.0000e+01 6.8959e+02 1.8414e+01
6.0000e+01 6.7012e+02 1.2093e+01
9.0000e+01 6.6850e+02 5.1586e+00
1.2000e+02 6.9043e+02 1.2600e+01
1.5000e+02 6.8974e+02 8.7658e+00
1.8000e+02 6.8194e+02 1.2532e+01
2.1000e+02 6.7608e+02 7.4162e+00
2.4000e+02 6.9111e+02 9.1640e+00
2.7000e+02 6.7692e+02 7.1265e+00
3.0000e+02 6.6343e+02 1.1249e+01
3.3000e+02 6.6322e+02 6.9600e+00
/newplot
/plotname baseline
0.000000e+00 6.481597e+02
3.300000e+02 6.481597e+02
