/newplot
/plotname contrast2=0.0
0.0000e+00 6.7648e+02 1.4586e+01
3.0000e+01 6.5861e+02 1.1612e+01
6.0000e+01 7.0129e+02 2.1215e+01
9.0000e+01 7.4766e+02 3.3663e+01
1.2000e+02 7.1473e+02 2.1762e+01
1.5000e+02 6.6026e+02 1.0537e+01
1.8000e+02 6.6477e+02 8.7140e+00
2.1000e+02 6.7816e+02 7.0888e+00
2.4000e+02 7.3259e+02 1.1184e+01
2.7000e+02 7.7181e+02 1.5793e+01
3.0000e+02 6.8330e+02 2.0355e+01
3.3000e+02 6.9504e+02 1.5084e+01
/newplot
/plotname contrast2=0.5
0.0000e+00 6.9788e+02 1.9220e+01
3.0000e+01 7.0564e+02 2.7053e+01
6.0000e+01 6.9731e+02 1.5165e+01
9.0000e+01 6.8926e+02 1.7022e+01
1.2000e+02 7.2788e+02 1.5645e+01
1.5000e+02 6.9860e+02 1.5001e+01
1.8000e+02 7.1074e+02 1.8498e+01
2.1000e+02 7.1570e+02 1.0051e+01
2.4000e+02 7.0858e+02 1.7004e+01
2.7000e+02 6.9497e+02 1.7920e+01
3.0000e+02 6.8853e+02 1.7949e+01
3.3000e+02 6.9068e+02 9.9643e+00
/newplot
/plotname baseline
0.000000e+00 6.642517e+02
3.300000e+02 6.642517e+02
