/newplot
/plotname contrast2=0.0
0.0000e+00 6.1602e+02 1.1802e+01
3.0000e+01 5.9696e+02 8.1851e+00
6.0000e+01 5.9625e+02 1.2265e+01
9.0000e+01 5.9975e+02 5.9758e+00
1.2000e+02 6.0623e+02 6.2980e+00
1.5000e+02 6.2443e+02 8.6107e+00
1.8000e+02 6.1954e+02 2.5526e+00
2.1000e+02 6.0493e+02 4.7253e+00
2.4000e+02 5.9283e+02 1.0259e+01
2.7000e+02 6.0068e+02 4.9766e+00
3.0000e+02 6.1773e+02 6.2846e+00
3.3000e+02 6.3754e+02 6.6690e+00
/newplot
/plotname contrast2=0.5
0.0000e+00 6.0983e+02 8.2398e+00
3.0000e+01 6.1701e+02 1.9083e+01
6.0000e+01 6.2131e+02 8.2915e+00
9.0000e+01 6.1189e+02 1.0874e+01
1.2000e+02 6.1902e+02 9.6828e+00
1.5000e+02 6.2763e+02 7.4484e+00
1.8000e+02 6.0967e+02 9.0236e+00
2.1000e+02 6.1133e+02 5.2953e+00
2.4000e+02 6.3959e+02 1.3629e+01
2.7000e+02 6.1586e+02 1.0715e+01
3.0000e+02 6.1818e+02 5.6487e+00
3.3000e+02 6.2549e+02 8.8738e+00
/newplot
/plotname baseline
0.000000e+00 5.831589e+02
3.300000e+02 5.831589e+02
