/newplot
/plotname contrast2=0.0
0.0000e+00 5.8032e+02 1.6898e+01
3.0000e+01 5.7160e+02 1.7705e+01
6.0000e+01 5.9786e+02 2.4307e+01
9.0000e+01 6.3289e+02 2.4021e+01
1.2000e+02 6.1306e+02 1.8767e+01
1.5000e+02 5.9947e+02 2.0610e+01
1.8000e+02 5.7620e+02 1.6749e+01
2.1000e+02 5.8229e+02 4.2903e+00
2.4000e+02 6.1410e+02 1.3870e+01
2.7000e+02 6.3711e+02 1.7576e+01
3.0000e+02 6.1293e+02 1.9013e+01
3.3000e+02 6.0175e+02 2.0771e+01
/newplot
/plotname contrast2=0.5
0.0000e+00 6.1458e+02 2.3790e+01
3.0000e+01 6.4093e+02 2.7966e+01
6.0000e+01 6.1165e+02 2.3580e+01
9.0000e+01 5.9870e+02 1.0856e+01
1.2000e+02 6.3543e+02 1.7668e+01
1.5000e+02 5.9848e+02 1.0344e+01
1.8000e+02 6.0841e+02 2.1241e+01
2.1000e+02 6.0977e+02 2.2015e+01
2.4000e+02 6.1845e+02 2.5649e+01
2.7000e+02 5.9071e+02 1.9089e+01
3.0000e+02 6.1111e+02 1.6756e+01
3.3000e+02 5.7962e+02 1.2710e+01
/newplot
/plotname baseline
0.000000e+00 5.701423e+02
3.300000e+02 5.701423e+02
