/newplot
/plotname contrast2=0.0
0.0000e+00 6.3157e+02 8.8481e+00
3.0000e+01 6.2085e+02 4.2389e+00
6.0000e+01 6.3028e+02 8.9917e+00
9.0000e+01 6.3781e+02 8.1118e+00
1.2000e+02 6.4833e+02 1.4456e+01
1.5000e+02 6.7489e+02 1.6203e+01
1.8000e+02 6.4448e+02 1.4048e+01
2.1000e+02 6.3550e+02 1.1104e+01
2.4000e+02 6.3946e+02 6.8446e+00
2.7000e+02 6.3783e+02 8.2074e+00
3.0000e+02 6.8201e+02 1.1626e+01
3.3000e+02 7.0826e+02 5.9811e+00
/newplot
/plotname contrast2=0.5
0.0000e+00 6.3661e+02 1.1212e+01
3.0000e+01 6.7223e+02 2.4008e+01
6.0000e+01 6.6090e+02 1.5984e+01
9.0000e+01 6.4079e+02 1.0085e+01
1.2000e+02 6.6191e+02 8.2097e+00
1.5000e+02 6.5431e+02 6.5472e+00
1.8000e+02 6.4601e+02 1.3985e+01
2.1000e+02 6.7844e+02 1.6415e+01
2.4000e+02 6.9110e+02 1.9184e+01
2.7000e+02 6.3972e+02 1.5046e+01
3.0000e+02 6.5962e+02 1.4858e+01
3.3000e+02 6.7485e+02 1.0015e+01
/newplot
/plotname baseline
0.000000e+00 6.165623e+02
3.300000e+02 6.165623e+02
