/newplot
/plotname contrast2=0.0
0.0000e+00 5.1758e+02 7.8851e+00
3.0000e+01 5.0943e+02 9.0420e+00
6.0000e+01 4.8602e+02 7.8914e+00
9.0000e+01 5.0020e+02 8.0227e+00
1.2000e+02 5.0676e+02 1.0488e+01
1.5000e+02 5.2498e+02 1.3033e+01
1.8000e+02 5.2341e+02 7.8223e+00
2.1000e+02 4.9678e+02 1.0159e+01
2.4000e+02 5.0828e+02 9.8578e+00
2.7000e+02 5.0204e+02 5.2493e+00
3.0000e+02 5.0963e+02 9.8899e+00
3.3000e+02 5.4662e+02 1.0616e+01
/newplot
/plotname contrast2=0.5
0.0000e+00 5.1570e+02 7.5284e+00
3.0000e+01 5.3378e+02 1.6752e+01
6.0000e+01 5.2166e+02 3.4300e+00
9.0000e+01 5.2436e+02 7.2122e+00
1.2000e+02 5.3382e+02 7.1831e+00
1.5000e+02 5.1583e+02 1.7211e+01
1.8000e+02 5.1936e+02 8.7653e+00
2.1000e+02 5.1348e+02 8.1974e+00
2.4000e+02 5.3153e+02 1.5179e+01
2.7000e+02 5.1508e+02 1.0296e+01
3.0000e+02 5.3069e+02 1.0131e+01
3.3000e+02 5.3524e+02 8.2315e+00
/newplot
/plotname baseline
0.000000e+00 4.888772e+02
3.300000e+02 4.888772e+02
