/newplot
/plotname contrast2=0.0
0.0000e+00 6.5461e+02 9.7853e+00
3.0000e+01 6.6022e+02 7.5442e+00
6.0000e+01 7.2185e+02 2.3319e+01
9.0000e+01 6.8307e+02 2.0547e+01
1.2000e+02 6.6290e+02 1.1205e+01
1.5000e+02 6.4141e+02 1.0671e+01
1.8000e+02 6.5800e+02 1.0305e+01
2.1000e+02 6.5218e+02 5.4262e+00
2.4000e+02 7.6544e+02 2.5162e+01
2.7000e+02 7.4249e+02 1.3507e+01
3.0000e+02 6.3461e+02 1.4613e+01
3.3000e+02 6.5993e+02 5.5766e+00
/newplot
/plotname contrast2=0.5
0.0000e+00 6.7212e+02 1.4942e+01
3.0000e+01 6.7003e+02 1.9000e+01
6.0000e+01 6.8762e+02 1.2796e+01
9.0000e+01 6.6728e+02 8.7470e+00
1.2000e+02 6.8224e+02 1.0081e+01
1.5000e+02 6.9423e+02 8.7206e+00
1.8000e+02 6.7096e+02 1.9744e+01
2.1000e+02 6.6388e+02 9.6413e+00
2.4000e+02 6.9989e+02 1.3487e+01
2.7000e+02 6.8249e+02 1.8521e+01
3.0000e+02 6.6972e+02 1.5907e+01
3.3000e+02 6.6816e+02 9.9499e+00
/newplot
/plotname baseline
0.000000e+00 6.491354e+02
3.300000e+02 6.491354e+02
