/newplot
/plotname contrast2=0.0
0.0000e+00 6.6270e+02 8.5035e+00
3.0000e+01 6.1692e+02 1.3093e+01
6.0000e+01 6.1717e+02 1.0938e+01
9.0000e+01 6.1942e+02 2.1253e+01
1.2000e+02 6.1842e+02 1.4916e+01
1.5000e+02 6.5584e+02 2.4726e+01
1.8000e+02 6.5145e+02 6.8086e+00
2.1000e+02 6.1531e+02 9.8114e+00
2.4000e+02 6.2440e+02 1.5381e+01
2.7000e+02 6.1900e+02 9.9061e+00
3.0000e+02 6.1652e+02 1.0306e+01
3.3000e+02 7.1917e+02 1.7453e+01
/newplot
/plotname contrast2=0.5
0.0000e+00 6.5204e+02 1.2730e+01
3.0000e+01 6.4211e+02 2.5176e+01
6.0000e+01 6.7143e+02 2.1470e+01
9.0000e+01 6.4860e+02 8.7914e+00
1.2000e+02 6.3347e+02 1.3103e+01
1.5000e+02 6.4191e+02 1.1716e+01
1.8000e+02 6.3215e+02 1.5863e+01
2.1000e+02 6.4916e+02 1.8674e+01
2.4000e+02 7.0581e+02 2.4750e+01
2.7000e+02 6.3650e+02 1.5261e+01
3.0000e+02 6.4289e+02 1.7695e+01
3.3000e+02 7.0111e+02 1.8877e+01
/newplot
/plotname baseline
0.000000e+00 6.068562e+02
3.300000e+02 6.068562e+02
