/newplot
/plotname contrast2=0.0
0.0000e+00 7.2895e+02 6.5909e+00
3.0000e+01 7.3373e+02 6.2533e+00
6.0000e+01 7.2394e+02 1.1572e+01
9.0000e+01 7.3833e+02 9.0896e+00
1.2000e+02 7.4258e+02 7.5285e+00
1.5000e+02 7.4369e+02 6.0515e+00
1.8000e+02 7.3984e+02 8.0373e+00
2.1000e+02 7.4724e+02 6.5140e+00
2.4000e+02 7.3903e+02 6.1730e+00
2.7000e+02 7.5421e+02 9.2422e+00
3.0000e+02 7.3905e+02 8.0022e+00
3.3000e+02 7.4692e+02 6.6201e+00
/newplot
/plotname contrast2=0.5
0.0000e+00 7.4363e+02 9.3585e+00
3.0000e+01 7.4779e+02 1.6591e+01
6.0000e+01 7.4613e+02 8.0770e+00
9.0000e+01 7.4447e+02 6.0271e+00
1.2000e+02 7.6841e+02 1.2206e+01
1.5000e+02 7.5237e+02 9.8525e+00
1.8000e+02 7.4780e+02 3.9350e+00
2.1000e+02 7.5772e+02 7.7860e+00
2.4000e+02 7.4388e+02 8.8668e+00
2.7000e+02 7.6286e+02 1.3139e+01
3.0000e+02 7.5249e+02 8.0117e+00
3.3000e+02 7.4418e+02 5.0712e+00
/newplot
/plotname baseline
0.000000e+00 7.268937e+02
3.300000e+02 7.268937e+02
