/newplot
/plotname contrast2=0.0
0.0000e+00 6.8776e+02 1.3036e+01
3.0000e+01 6.6775e+02 5.6460e+00
6.0000e+01 6.8477e+02 1.2543e+01
9.0000e+01 6.9240e+02 1.3002e+01
1.2000e+02 6.9287e+02 1.7298e+01
1.5000e+02 7.0576e+02 1.5412e+01
1.8000e+02 7.0229e+02 1.0064e+01
2.1000e+02 6.7595e+02 9.6676e+00
2.4000e+02 6.9977e+02 9.4283e+00
2.7000e+02 6.9306e+02 1.5030e+01
3.0000e+02 6.9474e+02 1.8274e+01
3.3000e+02 7.0983e+02 1.7220e+01
/newplot
/plotname contrast2=0.5
0.0000e+00 6.9176e+02 1.4335e+01
3.0000e+01 7.1966e+02 2.6275e+01
6.0000e+01 7.2117e+02 2.1458e+01
9.0000e+01 6.9549e+02 1.7003e+01
1.2000e+02 7.0161e+02 1.5331e+01
1.5000e+02 6.9783e+02 1.2937e+01
1.8000e+02 6.9002e+02 1.6866e+01
2.1000e+02 7.0482e+02 2.3984e+01
2.4000e+02 7.1844e+02 1.7614e+01
2.7000e+02 6.8260e+02 1.9054e+01
3.0000e+02 7.0243e+02 1.6928e+01
3.3000e+02 6.8813e+02 1.1921e+01
/newplot
/plotname baseline
0.000000e+00 6.606390e+02
3.300000e+02 6.606390e+02
