/newplot
/plotname contrast2=0.0
0.0000e+00 7.0358e+02 1.8218e+01
3.0000e+01 6.7504e+02 1.9810e+01
6.0000e+01 6.7959e+02 2.1035e+01
9.0000e+01 6.8798e+02 2.3406e+01
1.2000e+02 6.6974e+02 1.7414e+01
1.5000e+02 7.1081e+02 3.2343e+01
1.8000e+02 6.9671e+02 1.8038e+01
2.1000e+02 6.7115e+02 1.3958e+01
2.4000e+02 6.9929e+02 1.9362e+01
2.7000e+02 6.9772e+02 1.5057e+01
3.0000e+02 6.9358e+02 2.4345e+01
3.3000e+02 7.4990e+02 2.1700e+01
/newplot
/plotname contrast2=0.5
0.0000e+00 6.9659e+02 2.4774e+01
3.0000e+01 7.1142e+02 3.3200e+01
6.0000e+01 7.1589e+02 2.7995e+01
9.0000e+01 7.0271e+02 1.4269e+01
1.2000e+02 7.1929e+02 2.3548e+01
1.5000e+02 7.1149e+02 2.0256e+01
1.8000e+02 6.9317e+02 1.7596e+01
2.1000e+02 7.0137e+02 2.3779e+01
2.4000e+02 7.3081e+02 2.9756e+01
2.7000e+02 7.0846e+02 2.2262e+01
3.0000e+02 7.0967e+02 2.2235e+01
3.3000e+02 7.1131e+02 2.1213e+01
/newplot
/plotname baseline
0.000000e+00 6.665149e+02
3.300000e+02 6.665149e+02
