/newplot
/plotname contrast2=0.0
0.0000e+00 5.9620e+02 1.1602e+01
3.0000e+01 5.9049e+02 9.7498e+00
6.0000e+01 5.7790e+02 3.9450e+00
9.0000e+01 5.9156e+02 8.3763e+00
1.2000e+02 5.9221e+02 1.3269e+01
1.5000e+02 6.3635e+02 1.3312e+01
1.8000e+02 6.0678e+02 1.4440e+01
2.1000e+02 5.7469e+02 6.4437e+00
2.4000e+02 5.8926e+02 8.2232e+00
2.7000e+02 5.6638e+02 8.5907e+00
3.0000e+02 5.8710e+02 9.5359e+00
3.3000e+02 6.6522e+02 1.3199e+01
/newplot
/plotname contrast2=0.5
0.0000e+00 5.8583e+02 4.9945e+00
3.0000e+01 6.0429e+02 2.1316e+01
6.0000e+01 6.3829e+02 1.1608e+01
9.0000e+01 6.0560e+02 1.0941e+01
1.2000e+02 6.0302e+02 1.1476e+01
1.5000e+02 6.3446e+02 1.3570e+01
1.8000e+02 6.0043e+02 1.2141e+01
2.1000e+02 6.0711e+02 1.2895e+01
2.4000e+02 6.2971e+02 1.8496e+01
2.7000e+02 5.9729e+02 8.6569e+00
3.0000e+02 6.0833e+02 9.4023e+00
3.3000e+02 6.3700e+02 1.0579e+01
/newplot
/plotname baseline
0.000000e+00 5.661469e+02
3.300000e+02 5.661469e+02
