/newplot
/plotname contrast2=0.0
0.0000e+00 7.6713e+02 8.7302e+00
3.0000e+01 7.2915e+02 8.6588e+00
6.0000e+01 7.2327e+02 7.5797e+00
9.0000e+01 7.3078e+02 7.0454e+00
1.2000e+02 7.3594e+02 8.7968e+00
1.5000e+02 7.8917e+02 1.7243e+01
1.8000e+02 7.7935e+02 6.2379e+00
2.1000e+02 7.2882e+02 9.1536e+00
2.4000e+02 7.4140e+02 9.7520e+00
2.7000e+02 7.2866e+02 9.6782e+00
3.0000e+02 7.3872e+02 1.1407e+01
3.3000e+02 8.2184e+02 1.2603e+01
/newplot
/plotname contrast2=0.5
0.0000e+00 7.4155e+02 1.1526e+01
3.0000e+01 7.6463e+02 1.7127e+01
6.0000e+01 7.7785e+02 1.1439e+01
9.0000e+01 7.7003e+02 1.1643e+01
1.2000e+02 7.6381e+02 5.2288e+00
1.5000e+02 7.7676e+02 1.6096e+01
1.8000e+02 7.4300e+02 8.6823e+00
2.1000e+02 7.5489e+02 1.3306e+01
2.4000e+02 7.8436e+02 1.4373e+01
2.7000e+02 7.4664e+02 8.0699e+00
3.0000e+02 7.5170e+02 1.7356e+01
3.3000e+02 7.8294e+02 1.2668e+01
/newplot
/plotname baseline
0.000000e+00 7.207025e+02
3.300000e+02 7.207025e+02
