/newplot
/plotname contrast2=0.0
0.0000e+00 5.8895e+02 1.1092e+01
3.0000e+01 5.5008e+02 8.6932e+00
6.0000e+01 5.4916e+02 9.1110e+00
9.0000e+01 5.2653e+02 9.0954e+00
1.2000e+02 5.1754e+02 9.9578e+00
1.5000e+02 5.4231e+02 1.3078e+01
1.8000e+02 6.1416e+02 9.8585e+00
2.1000e+02 5.5700e+02 6.3320e+00
2.4000e+02 5.3576e+02 5.8235e+00
2.7000e+02 5.3448e+02 5.7638e+00
3.0000e+02 5.1861e+02 7.5891e+00
3.3000e+02 5.5714e+02 5.5673e+00
/newplot
/plotname contrast2=0.5
0.0000e+00 5.5475e+02 1.2148e+01
3.0000e+01 5.5843e+02 2.0118e+01
6.0000e+01 5.5727e+02 1.1327e+01
9.0000e+01 5.8626e+02 1.4895e+01
1.2000e+02 5.7894e+02 1.0713e+01
1.5000e+02 5.5538e+02 1.1900e+01
1.8000e+02 5.7291e+02 1.7849e+01
2.1000e+02 5.6778e+02 1.3680e+01
2.4000e+02 5.5935e+02 7.5745e+00
2.7000e+02 5.5851e+02 1.1619e+01
3.0000e+02 5.5882e+02 1.3634e+01
3.3000e+02 5.5057e+02 1.0836e+01
/newplot
/plotname baseline
0.000000e+00 5.252654e+02
3.300000e+02 5.252654e+02
