/newplot
/plotname contrast2=0.0
0.0000e+00 5.5978e+02 8.3449e+00
3.0000e+01 5.1128e+02 8.3872e+00
6.0000e+01 4.9452e+02 8.0518e+00
9.0000e+01 4.8373e+02 6.1543e+00
1.2000e+02 4.7669e+02 2.1590e+00
1.5000e+02 5.0795e+02 1.2616e+01
1.8000e+02 5.8862e+02 1.0188e+01
2.1000e+02 5.1397e+02 6.6093e+00
2.4000e+02 4.9423e+02 4.6783e+00
2.7000e+02 4.9087e+02 4.2950e+00
3.0000e+02 4.8975e+02 7.8599e+00
3.3000e+02 5.2499e+02 9.2188e+00
/newplot
/plotname contrast2=0.5
0.0000e+00 5.2897e+02 1.1374e+01
3.0000e+01 5.3266e+02 2.0477e+01
6.0000e+01 5.0936e+02 7.9578e+00
9.0000e+01 5.5812e+02 1.3792e+01
1.2000e+02 5.3124e+02 1.4468e+01
1.5000e+02 5.2493e+02 1.0729e+01
1.8000e+02 5.5009e+02 1.6484e+01
2.1000e+02 5.1366e+02 9.1595e+00
2.4000e+02 5.0729e+02 9.9650e+00
2.7000e+02 5.2864e+02 1.5624e+01
3.0000e+02 5.0965e+02 1.0079e+01
3.3000e+02 5.2231e+02 1.1772e+01
/newplot
/plotname baseline
0.000000e+00 4.801621e+02
3.300000e+02 4.801621e+02
