/newplot
/plotname contrast2=0.0
0.0000e+00 7.2851e+02 1.0487e+01
3.0000e+01 7.1266e+02 7.4535e+00
6.0000e+01 6.9978e+02 7.3714e+00
9.0000e+01 7.0602e+02 9.9168e+00
1.2000e+02 6.8835e+02 7.1516e+00
1.5000e+02 7.2621e+02 1.3947e+01
1.8000e+02 7.4986e+02 5.9050e+00
2.1000e+02 7.1275e+02 5.9900e+00
2.4000e+02 7.0820e+02 7.3855e+00
2.7000e+02 7.0367e+02 4.0656e+00
3.0000e+02 6.9454e+02 8.6021e+00
3.3000e+02 7.3278e+02 9.0427e+00
/newplot
/plotname contrast2=0.5
0.0000e+00 7.0398e+02 1.3385e+01
3.0000e+01 7.2234e+02 1.4098e+01
6.0000e+01 7.3007e+02 1.6649e+01
9.0000e+01 7.4144e+02 1.0171e+01
1.2000e+02 7.2380e+02 7.6898e+00
1.5000e+02 7.2998e+02 6.7411e+00
1.8000e+02 7.2188e+02 1.5682e+01
2.1000e+02 7.2003e+02 1.0270e+01
2.4000e+02 7.2124e+02 8.1482e+00
2.7000e+02 7.2280e+02 3.6719e+00
3.0000e+02 7.2500e+02 1.1383e+01
3.3000e+02 7.2254e+02 7.3119e+00
/newplot
/plotname baseline
0.000000e+00 6.858184e+02
3.300000e+02 6.858184e+02
