/newplot
/plotname contrast2=0.0
0.0000e+00 3.3212e+02 4.4048e+01
3.0000e+01 2.8273e+02 2.0790e+01
6.0000e+01 2.8096e+02 2.6422e+01
9.0000e+01 2.8650e+02 1.7089e+01
1.2000e+02 3.0147e+02 1.1614e+01
1.5000e+02 3.1987e+02 3.1611e+01
1.8000e+02 2.8859e+02 9.1922e+00
2.1000e+02 2.9868e+02 1.1893e+01
2.4000e+02 2.8121e+02 1.5014e+01
2.7000e+02 2.8584e+02 1.0985e+01
3.0000e+02 3.0263e+02 1.4005e+01
3.3000e+02 3.2962e+02 1.3283e+01
/newplot
/plotname contrast2=0.5
0.0000e+00 3.3472e+02 5.2893e+01
3.0000e+01 3.4474e+02 4.7687e+01
6.0000e+01 3.6883e+02 4.1716e+01
9.0000e+01 3.7264e+02 6.4508e+01
1.2000e+02 3.7082e+02 3.6200e+01
1.5000e+02 3.6161e+02 2.7676e+01
1.8000e+02 3.3147e+02 4.1131e+01
2.1000e+02 3.8737e+02 3.8851e+01
2.4000e+02 4.6831e+02 1.2449e+02
2.7000e+02 4.2656e+02 7.3703e+01
3.0000e+02 3.5524e+02 3.6601e+01
3.3000e+02 3.5036e+02 4.0029e+01
/newplot
/plotname baseline
0.000000e+00 2.816436e+02
3.300000e+02 2.816436e+02
