/newplot
/plotname contrast2=0.0
0.0000e+00 7.3415e+02 2.6736e+01
3.0000e+01 7.1986e+02 2.7042e+01
6.0000e+01 7.0899e+02 4.1479e+01
9.0000e+01 7.7070e+02 4.3791e+01
1.2000e+02 7.7713e+02 5.4699e+01
1.5000e+02 7.3752e+02 3.0314e+01
1.8000e+02 7.0446e+02 2.3994e+01
2.1000e+02 7.4226e+02 3.4277e+01
2.4000e+02 7.2107e+02 2.9476e+01
2.7000e+02 7.4275e+02 3.5521e+01
3.0000e+02 7.9298e+02 3.8354e+01
3.3000e+02 7.1571e+02 2.4180e+01
/newplot
/plotname contrast2=0.5
0.0000e+00 8.2381e+02 9.4649e+01
3.0000e+01 7.9710e+02 8.8039e+01
6.0000e+01 7.8745e+02 5.2374e+01
9.0000e+01 7.8574e+02 6.8778e+01
1.2000e+02 8.2561e+02 5.6977e+01
1.5000e+02 9.0114e+02 6.1231e+01
1.8000e+02 8.6737e+02 1.0120e+02
2.1000e+02 8.8553e+02 7.1757e+01
2.4000e+02 8.8926e+02 7.0245e+01
2.7000e+02 8.9862e+02 1.1933e+02
3.0000e+02 7.8345e+02 4.6941e+01
3.3000e+02 7.9759e+02 5.6673e+01
/newplot
/plotname baseline
0.000000e+00 7.235460e+02
3.300000e+02 7.235460e+02
