/newplot
/plotname contrast2=0.0
0.0000e+00 2.2165e+02 3.2980e+01
3.0000e+01 2.4176e+02 4.9656e+01
6.0000e+01 1.9940e+02 4.0693e+01
9.0000e+01 2.0688e+02 2.2792e+01
1.2000e+02 1.9468e+02 9.4326e+00
1.5000e+02 2.0735e+02 2.9930e+01
1.8000e+02 1.9307e+02 1.6272e+01
2.1000e+02 2.3206e+02 2.6300e+01
2.4000e+02 2.0699e+02 3.4125e+01
2.7000e+02 2.0116e+02 2.7789e+01
3.0000e+02 2.0583e+02 1.4924e+01
3.3000e+02 2.1353e+02 3.3580e+01
/newplot
/plotname contrast2=0.5
0.0000e+00 2.1182e+02 4.0298e+01
3.0000e+01 2.3312e+02 6.9520e+01
6.0000e+01 2.1159e+02 2.7931e+01
9.0000e+01 2.2250e+02 3.8810e+01
1.2000e+02 2.3015e+02 2.0696e+01
1.5000e+02 2.3771e+02 3.2797e+01
1.8000e+02 2.3173e+02 9.5866e+00
2.1000e+02 2.7843e+02 3.4497e+01
2.4000e+02 2.6553e+02 4.5882e+01
2.7000e+02 2.6050e+02 5.0548e+01
3.0000e+02 2.0297e+02 1.3906e+01
3.3000e+02 2.1037e+02 1.0957e+01
/newplot
/plotname baseline
0.000000e+00 1.931863e+02
3.300000e+02 1.931863e+02
