/newplot
/plotname contrast2=0.0
0.0000e+00 5.8185e+02 8.6502e+01
3.0000e+01 6.4538e+02 1.1795e+02
6.0000e+01 5.8288e+02 9.5765e+01
9.0000e+01 5.2214e+02 4.5359e+01
1.2000e+02 5.1469e+02 5.9575e+01
1.5000e+02 5.2040e+02 5.1453e+01
1.8000e+02 5.4358e+02 7.4135e+01
2.1000e+02 7.4561e+02 1.4774e+02
2.4000e+02 5.3135e+02 4.0215e+01
2.7000e+02 4.8344e+02 2.1627e+01
3.0000e+02 5.0182e+02 2.7597e+01
3.3000e+02 5.0867e+02 3.4884e+01
/newplot
/plotname contrast2=0.5
0.0000e+00 5.4799e+02 5.5572e+01
3.0000e+01 6.6562e+02 7.7339e+01
6.0000e+01 9.0798e+02 5.5488e+02
9.0000e+01 7.3672e+02 2.6304e+02
1.2000e+02 1.0362e+03 3.0110e+02
1.5000e+02 8.7374e+02 3.5695e+02
1.8000e+02 5.3959e+02 6.1876e+01
2.1000e+02 6.6792e+02 7.8317e+01
2.4000e+02 1.0180e+03 3.6175e+02
2.7000e+02 9.9136e+02 4.4331e+02
3.0000e+02 9.2533e+02 1.2321e+02
3.3000e+02 7.1651e+02 2.1593e+02
/newplot
/plotname baseline
0.000000e+00 5.431550e+02
3.300000e+02 5.431550e+02
