/newplot
/plotname contrast2=0.0
0.0000e+00 3.0595e+02 1.9659e+01
3.0000e+01 2.9957e+02 1.8737e+01
6.0000e+01 2.8832e+02 1.8707e+01
9.0000e+01 2.9600e+02 7.2605e+00
1.2000e+02 2.9374e+02 1.7621e+01
1.5000e+02 3.0431e+02 1.4333e+01
1.8000e+02 2.8341e+02 1.0512e+01
2.1000e+02 2.8762e+02 2.5176e+01
2.4000e+02 2.8383e+02 1.4633e+01
2.7000e+02 2.9183e+02 3.4447e+01
3.0000e+02 2.8842e+02 1.3815e+01
3.3000e+02 2.9249e+02 1.6277e+01
/newplot
/plotname contrast2=0.5
0.0000e+00 2.9872e+02 2.2382e+01
3.0000e+01 3.0601e+02 2.7201e+01
6.0000e+01 2.9496e+02 2.5525e+01
9.0000e+01 3.0210e+02 2.4250e+01
1.2000e+02 2.9810e+02 3.1530e+01
1.5000e+02 3.0376e+02 2.2410e+01
1.8000e+02 2.8445e+02 8.7097e+00
2.1000e+02 3.0718e+02 4.3653e+01
2.4000e+02 3.1942e+02 3.5162e+01
2.7000e+02 3.1350e+02 2.4379e+01
3.0000e+02 3.0941e+02 2.4725e+01
3.3000e+02 2.8740e+02 1.2063e+01
/newplot
/plotname baseline
0.000000e+00 2.909551e+02
3.300000e+02 2.909551e+02
