/newplot
/plotname contrast2=0.0
0.0000e+00 2.8649e+02 3.5467e+01
3.0000e+01 2.6030e+02 2.8021e+01
6.0000e+01 2.6781e+02 2.5342e+01
9.0000e+01 2.9236e+02 2.8161e+01
1.2000e+02 3.5329e+02 3.1171e+01
1.5000e+02 2.9918e+02 2.5312e+01
1.8000e+02 2.7240e+02 1.8279e+01
2.1000e+02 2.5694e+02 1.2075e+01
2.4000e+02 2.6440e+02 1.9409e+01
2.7000e+02 2.7600e+02 3.5505e+01
3.0000e+02 3.5958e+02 3.2556e+01
3.3000e+02 3.0953e+02 4.2083e+01
/newplot
/plotname contrast2=0.5
0.0000e+00 3.3709e+02 7.4798e+01
3.0000e+01 3.4477e+02 5.3089e+01
6.0000e+01 3.1027e+02 2.9420e+01
9.0000e+01 2.9603e+02 4.7555e+01
1.2000e+02 3.5291e+02 5.5884e+01
1.5000e+02 3.4311e+02 3.2590e+01
1.8000e+02 3.2893e+02 5.7141e+01
2.1000e+02 3.6892e+02 3.3083e+01
2.4000e+02 3.4954e+02 3.6060e+01
2.7000e+02 3.6131e+02 5.9521e+01
3.0000e+02 3.3068e+02 2.7033e+01
3.3000e+02 3.2164e+02 2.9134e+01
/newplot
/plotname baseline
0.000000e+00 2.720464e+02
3.300000e+02 2.720464e+02
