/newplot
/plotname contrast2=0.0
0.0000e+00 5.0954e+02 7.8684e+01
3.0000e+01 4.2519e+02 2.6008e+01
6.0000e+01 4.1446e+02 2.1777e+01
9.0000e+01 4.2754e+02 1.7899e+01
1.2000e+02 4.2123e+02 1.3102e+01
1.5000e+02 4.3829e+02 3.0705e+01
1.8000e+02 4.4038e+02 3.2512e+01
2.1000e+02 4.3993e+02 2.6748e+01
2.4000e+02 4.2741e+02 2.2400e+01
2.7000e+02 4.2207e+02 8.8667e+00
3.0000e+02 4.4423e+02 2.1940e+01
3.3000e+02 4.4497e+02 1.6772e+01
/newplot
/plotname contrast2=0.5
0.0000e+00 4.7332e+02 4.7317e+01
3.0000e+01 5.0793e+02 1.4051e+02
6.0000e+01 4.5112e+02 7.5040e+00
9.0000e+01 4.5317e+02 4.0345e+01
1.2000e+02 4.7322e+02 4.1151e+01
1.5000e+02 4.5808e+02 1.5290e+01
1.8000e+02 4.7744e+02 3.6249e+01
2.1000e+02 5.1206e+02 5.9998e+01
2.4000e+02 5.1847e+02 7.9369e+01
2.7000e+02 4.8731e+02 3.9078e+01
3.0000e+02 4.4360e+02 1.2588e+01
3.3000e+02 4.5461e+02 2.2053e+01
/newplot
/plotname baseline
0.000000e+00 4.232058e+02
3.300000e+02 4.232058e+02
