/newplot
/plotname contrast2=0.0
0.0000e+00 1.0362e+03 4.2339e+01
3.0000e+01 1.0449e+03 9.8491e+01
6.0000e+01 1.0324e+03 4.2902e+01
9.0000e+01 1.0432e+03 7.2771e+01
1.2000e+02 1.0119e+03 4.3486e+01
1.5000e+02 1.0212e+03 5.7380e+01
1.8000e+02 1.0076e+03 3.9392e+01
2.1000e+02 1.0397e+03 4.6607e+01
2.4000e+02 1.0195e+03 4.8293e+01
2.7000e+02 1.0197e+03 3.9125e+01
3.0000e+02 1.0196e+03 5.2378e+01
3.3000e+02 1.0185e+03 3.3174e+01
/newplot
/plotname contrast2=0.5
0.0000e+00 1.0674e+03 4.4181e+01
3.0000e+01 1.0588e+03 4.4228e+01
6.0000e+01 1.0412e+03 4.5632e+01
9.0000e+01 1.0411e+03 3.1514e+01
1.2000e+02 1.0697e+03 3.3793e+01
1.5000e+02 1.0737e+03 5.1669e+01
1.8000e+02 1.0816e+03 4.5363e+01
2.1000e+02 1.0797e+03 4.7342e+01
2.4000e+02 1.0869e+03 3.3444e+01
2.7000e+02 1.0864e+03 4.2548e+01
3.0000e+02 1.0697e+03 3.9024e+01
3.3000e+02 1.0540e+03 4.7789e+01
/newplot
/plotname baseline
0.000000e+00 1.011664e+03
3.300000e+02 1.011664e+03
