/newplot
/plotname contrast2=0.0
0.0000e+00 9.4801e+02 2.9364e+02
3.0000e+01 9.7940e+02 3.1297e+02
6.0000e+01 7.6799e+02 1.2135e+02
9.0000e+01 8.5835e+02 2.0764e+02
1.2000e+02 9.0970e+02 3.0158e+02
1.5000e+02 8.5413e+02 3.3185e+02
1.8000e+02 9.0477e+02 2.7435e+02
2.1000e+02 1.0736e+03 3.6468e+02
2.4000e+02 8.0043e+02 1.7570e+02
2.7000e+02 8.2690e+02 2.2477e+02
3.0000e+02 7.8719e+02 1.6205e+02
3.3000e+02 7.5577e+02 1.3779e+02
/newplot
/plotname contrast2=0.5
0.0000e+00 9.5856e+02 2.6419e+02
3.0000e+01 9.9372e+02 3.1095e+02
6.0000e+01 1.0920e+03 4.7380e+02
9.0000e+01 8.7777e+02 2.7507e+02
1.2000e+02 1.2155e+03 4.2364e+02
1.5000e+02 1.0921e+03 4.7694e+02
1.8000e+02 8.5158e+02 2.0490e+02
2.1000e+02 1.3318e+03 5.0663e+02
2.4000e+02 1.2155e+03 4.5861e+02
2.7000e+02 1.1688e+03 2.8629e+02
3.0000e+02 9.5500e+02 2.0146e+02
3.3000e+02 8.2369e+02 1.7131e+02
/newplot
/plotname baseline
0.000000e+00 8.435349e+02
3.300000e+02 8.435349e+02
