/newplot
/plotname contrast2=0.0
0.0000e+00 3.8357e+02 1.7644e+01
3.0000e+01 3.5412e+02 2.2520e+01
6.0000e+01 3.5791e+02 2.1275e+01
9.0000e+01 3.6869e+02 2.4753e+01
1.2000e+02 3.6321e+02 2.7752e+01
1.5000e+02 3.6068e+02 1.6277e+01
1.8000e+02 3.5455e+02 1.9759e+01
2.1000e+02 3.6143e+02 1.6216e+01
2.4000e+02 3.6690e+02 2.9753e+01
2.7000e+02 3.5957e+02 1.8374e+01
3.0000e+02 3.6782e+02 2.3943e+01
3.3000e+02 3.6087e+02 9.7820e+00
/newplot
/plotname contrast2=0.5
0.0000e+00 3.7978e+02 2.1166e+01
3.0000e+01 3.9055e+02 3.5039e+01
6.0000e+01 3.6058e+02 2.0467e+01
9.0000e+01 3.6319e+02 3.4312e+01
1.2000e+02 3.8095e+02 1.1347e+01
1.5000e+02 3.7284e+02 2.4296e+01
1.8000e+02 3.7733e+02 2.3085e+01
2.1000e+02 4.0125e+02 1.7267e+01
2.4000e+02 3.9268e+02 7.5210e+00
2.7000e+02 4.0125e+02 3.8597e+01
3.0000e+02 3.7285e+02 2.5302e+01
3.3000e+02 3.6703e+02 2.1391e+01
/newplot
/plotname baseline
0.000000e+00 3.529006e+02
3.300000e+02 3.529006e+02
