/newplot
/plotname contrast2=0.0
0.0000e+00 5.0994e+02 2.9759e+01
3.0000e+01 4.8872e+02 4.2876e+01
6.0000e+01 4.8068e+02 1.6927e+01
9.0000e+01 4.8751e+02 3.1806e+01
1.2000e+02 5.0874e+02 2.3106e+01
1.5000e+02 5.4393e+02 2.6273e+01
1.8000e+02 4.8451e+02 4.3921e+01
2.1000e+02 4.9100e+02 4.2479e+01
2.4000e+02 4.7180e+02 2.1071e+01
2.7000e+02 4.9483e+02 2.7057e+01
3.0000e+02 4.9069e+02 3.4843e+01
3.3000e+02 5.6415e+02 2.9151e+01
/newplot
/plotname contrast2=0.5
0.0000e+00 5.3400e+02 4.6094e+01
3.0000e+01 5.4339e+02 3.8167e+01
6.0000e+01 5.2634e+02 5.0100e+01
9.0000e+01 4.9054e+02 3.6852e+01
1.2000e+02 5.1459e+02 3.0817e+01
1.5000e+02 5.3545e+02 4.0961e+01
1.8000e+02 5.2571e+02 1.6117e+01
2.1000e+02 5.4268e+02 3.4902e+01
2.4000e+02 5.4432e+02 3.5095e+01
2.7000e+02 5.4897e+02 4.0673e+01
3.0000e+02 5.2489e+02 2.9700e+01
3.3000e+02 5.3765e+02 1.4494e+01
/newplot
/plotname baseline
0.000000e+00 4.794808e+02
3.300000e+02 4.794808e+02
