/newplot
/plotname contrast2=0.0
0.0000e+00 5.4131e+02 2.0724e+02
3.0000e+01 3.4365e+02 2.7193e+01
6.0000e+01 3.1600e+02 2.9348e+01
9.0000e+01 3.2877e+02 3.0709e+01
1.2000e+02 3.7506e+02 7.2941e+01
1.5000e+02 4.7089e+02 1.7424e+02
1.8000e+02 3.7073e+02 4.7335e+01
2.1000e+02 3.7707e+02 7.9227e+01
2.4000e+02 3.0857e+02 1.0765e+01
2.7000e+02 3.0755e+02 1.7036e+01
3.0000e+02 3.6087e+02 4.8256e+01
3.3000e+02 4.3641e+02 3.9375e+01
/newplot
/plotname contrast2=0.5
0.0000e+00 3.9124e+02 6.3902e+01
3.0000e+01 4.0863e+02 1.1829e+02
6.0000e+01 4.0963e+02 1.0177e+02
9.0000e+01 3.6679e+02 6.8070e+01
1.2000e+02 4.9305e+02 2.3281e+02
1.5000e+02 4.4114e+02 6.8958e+01
1.8000e+02 3.9164e+02 7.8015e+01
2.1000e+02 5.0403e+02 1.1798e+02
2.4000e+02 6.2411e+02 3.1910e+02
2.7000e+02 4.6992e+02 1.0678e+02
3.0000e+02 3.7363e+02 3.1267e+01
3.3000e+02 3.8215e+02 3.3875e+01
/newplot
/plotname baseline
0.000000e+00 3.392862e+02
3.300000e+02 3.392862e+02
