/newplot
/plotname contrast2=0.0
0.0000e+00 4.4574e+02 2.4705e+01
3.0000e+01 4.8665e+02 5.2233e+01
6.0000e+01 5.2038e+02 6.7808e+01
9.0000e+01 4.8086e+02 5.0643e+01
1.2000e+02 4.4825e+02 2.0467e+01
1.5000e+02 4.3091e+02 2.4195e+01
1.8000e+02 4.4602e+02 1.5521e+01
2.1000e+02 5.7272e+02 9.9396e+01
2.4000e+02 5.3856e+02 7.8215e+01
2.7000e+02 6.5103e+02 3.5604e+02
3.0000e+02 4.8678e+02 8.7880e+01
3.3000e+02 4.3005e+02 1.5841e+01
/newplot
/plotname contrast2=0.5
0.0000e+00 5.2377e+02 9.3656e+01
3.0000e+01 4.9576e+02 5.3072e+01
6.0000e+01 5.0682e+02 5.9133e+01
9.0000e+01 5.0645e+02 1.0657e+02
1.2000e+02 5.5425e+02 6.4444e+01
1.5000e+02 6.0073e+02 7.2199e+01
1.8000e+02 5.4131e+02 8.3065e+01
2.1000e+02 5.7816e+02 6.6542e+01
2.4000e+02 5.9084e+02 8.1553e+01
2.7000e+02 6.1367e+02 1.1416e+02
3.0000e+02 5.1649e+02 3.5644e+01
3.3000e+02 4.9919e+02 5.0218e+01
/newplot
/plotname baseline
0.000000e+00 4.476923e+02
3.300000e+02 4.476923e+02
