/newplot
/plotname contrast2=0.0
0.0000e+00 8.6045e+02 8.0904e+01
3.0000e+01 7.6487e+02 4.2886e+01
6.0000e+01 7.4333e+02 3.8011e+01
9.0000e+01 7.5226e+02 3.8633e+01
1.2000e+02 7.7710e+02 3.7727e+01
1.5000e+02 7.9748e+02 6.7933e+01
1.8000e+02 8.0618e+02 4.9428e+01
2.1000e+02 7.7724e+02 4.8973e+01
2.4000e+02 7.5862e+02 2.3689e+01
2.7000e+02 7.3335e+02 3.0561e+01
3.0000e+02 7.9498e+02 9.1238e+01
3.3000e+02 7.6995e+02 2.4244e+01
/newplot
/plotname contrast2=0.5
0.0000e+00 9.0428e+02 1.6652e+02
3.0000e+01 1.0342e+03 3.0523e+02
6.0000e+01 8.3146e+02 5.2667e+01
9.0000e+01 7.9192e+02 3.7250e+01
1.2000e+02 9.0190e+02 1.6134e+02
1.5000e+02 8.8360e+02 9.4616e+01
1.8000e+02 9.0257e+02 6.5765e+01
2.1000e+02 9.9206e+02 2.0032e+02
2.4000e+02 9.0099e+02 1.3505e+02
2.7000e+02 8.2349e+02 5.6861e+01
3.0000e+02 8.2476e+02 7.7552e+01
3.3000e+02 1.1097e+03 4.5168e+02
/newplot
/plotname baseline
0.000000e+00 7.649119e+02
3.300000e+02 7.649119e+02
