/newplot
/plotname contrast2=0.0
0.0000e+00 4.3024e+02 4.5171e+01
3.0000e+01 4.0338e+02 2.6751e+01
6.0000e+01 4.1345e+02 2.7133e+01
9.0000e+01 4.1577e+02 3.4209e+01
1.2000e+02 4.1516e+02 4.4156e+01
1.5000e+02 4.1860e+02 2.9837e+01
1.8000e+02 4.0565e+02 2.7365e+01
2.1000e+02 4.2680e+02 2.9123e+01
2.4000e+02 4.1678e+02 3.4869e+01
2.7000e+02 4.0968e+02 1.4919e+01
3.0000e+02 4.1689e+02 8.6472e+00
3.3000e+02 4.2002e+02 3.0876e+01
/newplot
/plotname contrast2=0.5
0.0000e+00 4.0295e+02 3.6296e+01
3.0000e+01 4.3494e+02 3.1497e+01
6.0000e+01 4.2968e+02 4.7125e+01
9.0000e+01 4.2459e+02 2.1504e+01
1.2000e+02 4.2649e+02 1.6257e+01
1.5000e+02 4.3814e+02 2.5986e+01
1.8000e+02 4.3402e+02 2.1355e+01
2.1000e+02 4.3810e+02 2.9549e+01
2.4000e+02 4.3999e+02 1.5182e+01
2.7000e+02 4.4679e+02 2.9297e+01
3.0000e+02 4.2956e+02 2.4012e+01
3.3000e+02 4.2833e+02 2.9142e+01
/newplot
/plotname baseline
0.000000e+00 4.015676e+02
3.300000e+02 4.015676e+02
