/newplot
/plotname contrast2=0.0
0.0000e+00 4.4149e+02 7.1197e+01
3.0000e+01 4.0350e+02 4.0534e+01
6.0000e+01 3.7569e+02 2.7287e+01
9.0000e+01 3.6066e+02 2.1529e+01
1.2000e+02 3.5893e+02 9.9788e+00
1.5000e+02 3.9147e+02 2.5798e+01
1.8000e+02 3.7708e+02 2.6250e+01
2.1000e+02 4.2942e+02 2.6362e+01
2.4000e+02 3.7806e+02 2.4733e+01
2.7000e+02 3.6416e+02 1.9219e+01
3.0000e+02 3.7479e+02 1.0888e+01
3.3000e+02 3.7900e+02 1.6705e+01
/newplot
/plotname contrast2=0.5
0.0000e+00 4.3048e+02 8.9875e+01
3.0000e+01 4.5320e+02 1.1440e+02
6.0000e+01 4.0865e+02 3.4388e+01
9.0000e+01 4.0994e+02 4.3498e+01
1.2000e+02 4.6564e+02 4.6500e+01
1.5000e+02 4.4363e+02 2.2505e+01
1.8000e+02 4.5057e+02 2.7916e+01
2.1000e+02 5.7073e+02 9.5701e+01
2.4000e+02 5.4690e+02 1.1559e+02
2.7000e+02 5.3582e+02 9.4064e+01
3.0000e+02 4.0565e+02 1.0463e+01
3.3000e+02 4.1111e+02 2.1507e+01
/newplot
/plotname baseline
0.000000e+00 3.648645e+02
3.300000e+02 3.648645e+02
