/newplot
/plotname contrast2=0.0
0.0000e+00 3.5118e+02 2.2207e+01
3.0000e+01 3.3988e+02 2.5570e+01
6.0000e+01 3.4151e+02 1.7804e+01
9.0000e+01 3.3944e+02 2.0592e+01
1.2000e+02 3.4308e+02 2.0331e+01
1.5000e+02 3.4634e+02 2.2583e+01
1.8000e+02 3.3656e+02 1.6821e+01
2.1000e+02 3.3767e+02 1.8821e+01
2.4000e+02 3.3882e+02 9.5047e+00
2.7000e+02 3.2531e+02 9.3124e+00
3.0000e+02 3.3612e+02 2.5519e+01
3.3000e+02 3.5287e+02 1.1930e+01
/newplot
/plotname contrast2=0.5
0.0000e+00 3.5419e+02 3.6106e+01
3.0000e+01 3.7222e+02 3.7145e+01
6.0000e+01 3.4764e+02 1.9966e+01
9.0000e+01 3.4939e+02 3.6639e+01
1.2000e+02 3.9338e+02 3.7474e+01
1.5000e+02 3.6254e+02 1.9419e+01
1.8000e+02 3.5337e+02 7.0291e+00
2.1000e+02 3.7174e+02 2.2617e+01
2.4000e+02 3.7905e+02 2.1661e+01
2.7000e+02 3.7685e+02 2.6340e+01
3.0000e+02 3.5980e+02 2.7306e+01
3.3000e+02 3.5919e+02 1.2159e+01
/newplot
/plotname baseline
0.000000e+00 3.303030e+02
3.300000e+02 3.303030e+02
