/newplot
/plotname contrast2=0.0
0.0000e+00 2.1686e+02 1.3540e+01
3.0000e+01 2.1483e+02 1.1673e+01
6.0000e+01 2.1249e+02 1.2291e+01
9.0000e+01 2.0826e+02 1.8517e+01
1.2000e+02 2.1748e+02 5.6217e+00
1.5000e+02 2.1767e+02 1.3275e+01
1.8000e+02 2.0505e+02 1.7939e+01
2.1000e+02 2.1362e+02 8.1897e+00
2.4000e+02 2.1168e+02 8.5731e+00
2.7000e+02 2.1838e+02 9.8928e+00
3.0000e+02 2.1625e+02 8.3446e+00
3.3000e+02 2.0395e+02 1.1012e+01
/newplot
/plotname contrast2=0.5
0.0000e+00 2.1488e+02 1.6527e+01
3.0000e+01 2.2386e+02 1.4290e+01
6.0000e+01 2.1936e+02 6.2856e+00
9.0000e+01 2.0970e+02 1.0473e+01
1.2000e+02 2.2477e+02 4.3195e+00
1.5000e+02 2.1558e+02 1.0865e+01
1.8000e+02 2.1304e+02 6.5260e+00
2.1000e+02 2.2541e+02 9.7674e+00
2.4000e+02 2.2843e+02 2.8954e+01
2.7000e+02 2.2653e+02 1.7797e+01
3.0000e+02 2.1482e+02 4.3253e+00
3.3000e+02 2.2068e+02 1.0886e+01
/newplot
/plotname baseline
0.000000e+00 2.088088e+02
3.300000e+02 2.088088e+02
