/newplot
/plotname contrast2=0.0
0.0000e+00 1.0841e+03 3.5365e+02
3.0000e+01 4.4627e+02 3.5042e+01
6.0000e+01 4.3332e+02 2.5126e+01
9.0000e+01 4.3994e+02 2.8420e+01
1.2000e+02 4.3369e+02 3.3669e+00
1.5000e+02 5.4619e+02 1.0470e+02
1.8000e+02 4.8083e+02 2.0479e+01
2.1000e+02 4.3623e+02 1.8303e+01
2.4000e+02 4.2449e+02 1.1846e+01
2.7000e+02 4.2813e+02 1.7114e+01
3.0000e+02 4.3479e+02 2.2939e+01
3.3000e+02 5.4241e+02 5.2599e+01
/newplot
/plotname contrast2=0.5
0.0000e+00 5.3804e+02 6.8601e+01
3.0000e+01 5.0502e+02 3.9943e+01
6.0000e+01 4.8580e+02 3.2202e+01
9.0000e+01 5.0119e+02 8.8945e+01
1.2000e+02 4.8282e+02 2.3920e+01
1.5000e+02 5.2672e+02 9.5991e+01
1.8000e+02 4.6238e+02 1.6504e+01
2.1000e+02 5.1848e+02 4.2823e+01
2.4000e+02 6.4479e+02 2.6744e+02
2.7000e+02 5.3497e+02 5.2782e+01
3.0000e+02 4.6553e+02 1.3332e+01
3.3000e+02 4.9714e+02 2.6978e+01
/newplot
/plotname baseline
0.000000e+00 4.492253e+02
3.300000e+02 4.492253e+02
