/newplot
/plotname contrast2=0.0
0.0000e+00 2.9806e+02 1.6860e+01
3.0000e+01 2.8163e+02 1.7007e+01
6.0000e+01 2.7873e+02 1.4855e+01
9.0000e+01 2.8079e+02 2.0368e+01
1.2000e+02 2.9184e+02 8.8020e+00
1.5000e+02 3.0723e+02 1.1856e+01
1.8000e+02 2.7532e+02 1.0375e+01
2.1000e+02 2.8421e+02 8.0906e+00
2.4000e+02 2.7732e+02 1.2159e+01
2.7000e+02 2.7916e+02 1.1470e+01
3.0000e+02 2.9299e+02 2.0631e+01
3.3000e+02 3.1738e+02 1.5741e+01
/newplot
/plotname contrast2=0.5
0.0000e+00 3.0287e+02 2.5911e+01
3.0000e+01 3.1830e+02 4.3051e+01
6.0000e+01 3.0638e+02 1.6255e+01
9.0000e+01 3.0136e+02 2.2112e+01
1.2000e+02 3.0793e+02 2.5580e+01
1.5000e+02 3.0711e+02 1.3982e+01
1.8000e+02 3.1342e+02 1.7756e+01
2.1000e+02 3.2259e+02 1.8630e+01
2.4000e+02 3.4279e+02 2.8830e+01
2.7000e+02 3.2861e+02 2.3674e+01
3.0000e+02 3.0283e+02 2.0476e+01
3.3000e+02 3.0732e+02 1.5537e+01
/newplot
/plotname baseline
0.000000e+00 2.807133e+02
3.300000e+02 2.807133e+02
