/newplot
/plotname contrast2=0.0
0.0000e+00 8.2659e+02 3.9485e+02
3.0000e+01 5.7455e+02 1.0836e+02
6.0000e+01 4.5476e+02 8.8452e+01
9.0000e+01 4.8417e+02 8.3830e+01
1.2000e+02 5.0034e+02 6.9239e+01
1.5000e+02 5.4170e+02 1.7021e+02
1.8000e+02 5.0711e+02 7.6277e+01
2.1000e+02 5.8177e+02 1.0324e+02
2.4000e+02 4.6922e+02 3.9360e+01
2.7000e+02 4.6728e+02 7.6302e+01
3.0000e+02 5.2815e+02 6.5531e+01
3.3000e+02 5.5609e+02 1.1117e+02
/newplot
/plotname contrast2=0.5
0.0000e+00 6.2641e+02 1.7855e+02
3.0000e+01 6.9903e+02 3.8537e+02
6.0000e+01 6.1247e+02 1.9475e+02
9.0000e+01 5.4813e+02 1.7010e+02
1.2000e+02 6.7481e+02 2.8309e+02
1.5000e+02 6.5731e+02 1.4673e+02
1.8000e+02 5.9401e+02 9.1945e+01
2.1000e+02 8.5027e+02 2.8225e+02
2.4000e+02 8.7749e+02 3.7339e+02
2.7000e+02 7.3660e+02 1.9211e+02
3.0000e+02 5.3234e+02 6.8684e+01
3.3000e+02 5.3102e+02 5.1663e+01
/newplot
/plotname baseline
0.000000e+00 4.932912e+02
3.300000e+02 4.932912e+02
