/newplot
/plotname contrast2=0.0
0.0000e+00 2.9424e+02 3.9574e+01
3.0000e+01 2.8092e+02 3.6489e+01
6.0000e+01 2.5975e+02 1.0021e+01
9.0000e+01 2.5476e+02 1.8740e+01
1.2000e+02 2.4729e+02 1.0999e+01
1.5000e+02 2.6278e+02 1.1522e+01
1.8000e+02 2.6243e+02 1.2370e+01
2.1000e+02 2.9800e+02 3.5966e+01
2.4000e+02 2.5589e+02 2.2556e+01
2.7000e+02 2.4567e+02 1.1343e+01
3.0000e+02 2.5805e+02 1.1164e+01
3.3000e+02 2.6582e+02 1.2183e+01
/newplot
/plotname contrast2=0.5
0.0000e+00 2.7908e+02 2.0536e+01
3.0000e+01 2.8385e+02 2.4006e+01
6.0000e+01 2.6594e+02 7.2265e+00
9.0000e+01 2.8459e+02 3.5617e+01
1.2000e+02 2.9833e+02 3.2436e+01
1.5000e+02 2.8211e+02 1.8811e+01
1.8000e+02 2.9992e+02 1.9414e+01
2.1000e+02 3.1377e+02 2.5216e+01
2.4000e+02 3.0423e+02 2.8738e+01
2.7000e+02 3.0592e+02 1.9750e+01
3.0000e+02 2.7404e+02 1.1249e+01
3.3000e+02 2.7047e+02 1.3131e+01
/newplot
/plotname baseline
0.000000e+00 2.483160e+02
3.300000e+02 2.483160e+02
