/newplot
/plotname contrast2=0.0
0.0000e+00 5.1996e+02 1.3840e+02
3.0000e+01 3.8412e+02 4.1740e+01
6.0000e+01 3.3281e+02 2.8756e+01
9.0000e+01 3.2337e+02 1.7158e+01
1.2000e+02 3.3551e+02 1.8077e+01
1.5000e+02 3.6802e+02 3.0259e+01
1.8000e+02 4.2468e+02 3.1752e+01
2.1000e+02 3.6808e+02 3.1163e+01
2.4000e+02 3.2861e+02 2.0883e+01
2.7000e+02 3.2351e+02 1.5875e+01
3.0000e+02 3.2971e+02 2.9981e+01
3.3000e+02 3.5311e+02 2.0966e+01
/newplot
/plotname contrast2=0.5
0.0000e+00 4.1485e+02 5.7631e+01
3.0000e+01 4.2812e+02 9.2557e+01
6.0000e+01 3.6374e+02 3.0506e+01
9.0000e+01 3.9931e+02 1.6391e+01
1.2000e+02 4.0112e+02 4.6482e+01
1.5000e+02 3.8753e+02 2.8222e+01
1.8000e+02 4.2509e+02 3.9194e+01
2.1000e+02 4.8025e+02 4.1343e+01
2.4000e+02 4.6374e+02 1.0310e+02
2.7000e+02 4.4517e+02 3.0557e+01
3.0000e+02 3.8094e+02 2.0904e+01
3.3000e+02 3.6971e+02 3.0076e+01
/newplot
/plotname baseline
0.000000e+00 3.375160e+02
3.300000e+02 3.375160e+02
