/newplot
/plotname contrast2=0.0
0.0000e+00 1.3152e+03 5.5666e+02
3.0000e+01 6.8890e+02 1.3399e+02
6.0000e+01 5.4493e+02 7.4492e+01
9.0000e+01 6.3840e+02 5.5609e+01
1.2000e+02 6.7345e+02 1.4595e+02
1.5000e+02 8.2307e+02 3.1118e+02
1.8000e+02 9.3752e+02 1.9838e+02
2.1000e+02 7.0102e+02 1.4194e+02
2.4000e+02 5.4088e+02 6.1236e+01
2.7000e+02 6.1093e+02 1.0533e+02
3.0000e+02 5.8155e+02 1.1844e+02
3.3000e+02 7.3358e+02 2.1130e+02
/newplot
/plotname contrast2=0.5
0.0000e+00 1.1050e+03 3.3788e+02
3.0000e+01 9.3508e+02 3.1130e+02
6.0000e+01 8.9371e+02 2.7615e+02
9.0000e+01 1.0031e+03 2.9179e+02
1.2000e+02 9.2196e+02 2.6434e+02
1.5000e+02 8.4079e+02 1.8561e+02
1.8000e+02 8.9624e+02 1.3410e+02
2.1000e+02 1.1765e+03 2.1062e+02
2.4000e+02 1.1382e+03 3.2224e+02
2.7000e+02 1.1868e+03 2.1403e+02
3.0000e+02 8.0114e+02 1.3069e+02
3.3000e+02 8.5666e+02 1.9902e+02
/newplot
/plotname baseline
0.000000e+00 6.867008e+02
3.300000e+02 6.867008e+02
