/newplot
/plotname contrast2=0.0
0.0000e+00 2.0996e+02 2.2650e+01
3.0000e+01 2.0591e+02 1.5157e+01
6.0000e+01 1.9286e+02 1.8139e+01
9.0000e+01 2.1395e+02 1.9484e+01
1.2000e+02 2.0971e+02 1.0200e+01
1.5000e+02 2.0523e+02 1.7207e+01
1.8000e+02 1.8792e+02 1.4404e+01
2.1000e+02 2.0706e+02 1.6114e+01
2.4000e+02 1.9410e+02 7.5621e+00
2.7000e+02 2.0022e+02 1.3890e+01
3.0000e+02 2.1168e+02 1.3145e+01
3.3000e+02 2.0084e+02 1.4235e+01
/newplot
/plotname contrast2=0.5
0.0000e+00 2.2762e+02 3.4723e+01
3.0000e+01 2.4407e+02 4.9973e+01
6.0000e+01 2.2024e+02 2.6788e+01
9.0000e+01 2.2403e+02 4.2182e+01
1.2000e+02 2.4969e+02 3.3444e+01
1.5000e+02 2.3853e+02 1.7969e+01
1.8000e+02 2.2049e+02 1.2792e+01
2.1000e+02 2.5875e+02 3.8564e+01
2.4000e+02 2.5753e+02 4.7385e+01
2.7000e+02 2.6322e+02 3.4557e+01
3.0000e+02 2.3467e+02 1.1778e+01
3.3000e+02 2.1493e+02 1.3454e+01
/newplot
/plotname baseline
0.000000e+00 1.920861e+02
3.300000e+02 1.920861e+02
