/newplot
/plotname contrast2=0.0
0.0000e+00 2.6494e+02 2.1099e+01
3.0000e+01 2.7470e+02 3.5598e+01
6.0000e+01 2.6608e+02 2.5978e+01
9.0000e+01 3.0223e+02 3.9761e+01
1.2000e+02 2.7654e+02 1.9105e+01
1.5000e+02 2.6919e+02 4.9064e+01
1.8000e+02 2.4972e+02 8.9264e+00
2.1000e+02 2.6611e+02 2.1299e+01
2.4000e+02 2.6913e+02 1.3384e+01
2.7000e+02 2.8730e+02 3.3072e+01
3.0000e+02 2.7875e+02 1.8393e+01
3.3000e+02 2.6819e+02 2.2156e+01
/newplot
/plotname contrast2=0.5
0.0000e+00 4.5339e+02 1.6624e+02
3.0000e+01 5.2585e+02 1.9990e+02
6.0000e+01 3.8939e+02 1.3160e+02
9.0000e+01 3.9237e+02 1.4527e+02
1.2000e+02 5.5837e+02 2.8052e+02
1.5000e+02 4.5439e+02 1.5517e+02
1.8000e+02 4.8711e+02 1.7566e+02
2.1000e+02 6.4237e+02 1.4884e+02
2.4000e+02 5.5257e+02 2.1733e+02
2.7000e+02 5.7860e+02 2.5168e+02
3.0000e+02 4.1246e+02 2.1450e+02
3.3000e+02 3.2390e+02 6.8383e+01
/newplot
/plotname baseline
0.000000e+00 2.672350e+02
3.300000e+02 2.672350e+02
