/newplot
/plotname contrast2=0.0
0.0000e+00 3.4081e+02 3.3136e+01
3.0000e+01 3.8127e+02 2.6285e+01
6.0000e+01 3.7613e+02 2.3428e+01
9.0000e+01 3.7291e+02 3.6754e+01
1.2000e+02 3.4773e+02 4.1924e+01
1.5000e+02 3.5570e+02 8.7996e+00
1.8000e+02 3.4653e+02 3.6987e+01
2.1000e+02 3.5657e+02 2.8968e+01
2.4000e+02 3.6248e+02 1.1451e+01
2.7000e+02 3.6081e+02 3.2062e+01
3.0000e+02 3.8680e+02 2.2448e+01
3.3000e+02 3.5257e+02 2.7165e+01
/newplot
/plotname contrast2=0.5
0.0000e+00 3.9127e+02 2.1388e+01
3.0000e+01 4.2003e+02 4.6702e+01
6.0000e+01 3.8051e+02 4.1892e+01
9.0000e+01 3.7861e+02 3.1358e+01
1.2000e+02 3.8129e+02 7.0461e+00
1.5000e+02 3.7650e+02 2.9529e+01
1.8000e+02 4.1228e+02 2.1993e+01
2.1000e+02 3.9097e+02 2.8010e+01
2.4000e+02 3.9753e+02 2.9552e+01
2.7000e+02 4.0718e+02 2.3239e+01
3.0000e+02 3.9768e+02 4.9829e+01
3.3000e+02 4.0035e+02 1.2263e+01
/newplot
/plotname baseline
0.000000e+00 3.573887e+02
3.300000e+02 3.573887e+02
