/newplot
/plotname contrast2=0.0
0.0000e+00 5.1964e+02 2.2837e+01
3.0000e+01 4.9479e+02 3.3444e+01
6.0000e+01 5.0810e+02 2.1616e+01
9.0000e+01 4.8892e+02 3.6178e+01
1.2000e+02 4.9425e+02 2.8632e+01
1.5000e+02 5.3361e+02 2.1439e+01
1.8000e+02 4.9623e+02 3.8504e+01
2.1000e+02 4.9766e+02 3.1839e+01
2.4000e+02 4.9201e+02 1.3319e+01
2.7000e+02 4.9319e+02 1.3917e+01
3.0000e+02 4.9976e+02 2.5754e+01
3.3000e+02 5.2806e+02 1.5184e+01
/newplot
/plotname contrast2=0.5
0.0000e+00 5.2545e+02 3.1933e+01
3.0000e+01 5.4556e+02 4.9034e+01
6.0000e+01 5.1215e+02 2.6896e+01
9.0000e+01 5.2303e+02 3.5217e+01
1.2000e+02 5.3012e+02 2.0471e+01
1.5000e+02 5.2989e+02 2.1801e+01
1.8000e+02 5.3498e+02 1.6556e+01
2.1000e+02 5.6520e+02 3.3934e+01
2.4000e+02 5.5271e+02 2.6312e+01
2.7000e+02 5.4602e+02 2.1022e+01
3.0000e+02 5.2588e+02 2.4902e+01
3.3000e+02 5.3582e+02 1.4865e+01
/newplot
/plotname baseline
0.000000e+00 4.866646e+02
3.300000e+02 4.866646e+02
