/newplot
/plotname contrast2=0.0
0.0000e+00 7.8153e+02 1.5678e+02
3.0000e+01 5.8842e+02 2.2702e+01
6.0000e+01 5.4662e+02 1.5075e+01
9.0000e+01 5.3965e+02 2.0171e+01
1.2000e+02 5.5529e+02 1.2821e+01
1.5000e+02 5.9976e+02 8.4181e+01
1.8000e+02 6.7244e+02 6.0727e+01
2.1000e+02 5.6929e+02 2.3774e+01
2.4000e+02 5.3290e+02 2.5993e+01
2.7000e+02 5.3773e+02 1.8724e+01
3.0000e+02 5.3326e+02 2.7578e+01
3.3000e+02 5.7007e+02 2.7282e+01
/newplot
/plotname contrast2=0.5
0.0000e+00 6.3486e+02 5.4259e+01
3.0000e+01 6.2163e+02 6.0796e+01
6.0000e+01 5.9853e+02 5.0223e+01
9.0000e+01 6.3807e+02 4.4672e+01
1.2000e+02 6.0567e+02 4.1365e+01
1.5000e+02 5.9307e+02 4.0869e+01
1.8000e+02 6.2147e+02 5.4092e+01
2.1000e+02 6.8302e+02 4.7563e+01
2.4000e+02 6.9221e+02 1.0295e+02
2.7000e+02 6.6333e+02 4.8033e+01
3.0000e+02 5.7793e+02 2.4185e+01
3.3000e+02 5.8488e+02 2.4076e+01
/newplot
/plotname baseline
0.000000e+00 5.559350e+02
3.300000e+02 5.559350e+02
