/newplot
/plotname contrast2=0.0
0.0000e+00 1.2378e+03 2.7873e+02
3.0000e+01 9.8755e+02 7.4550e+01
6.0000e+01 9.0990e+02 4.8697e+01
9.0000e+01 9.4038e+02 7.8602e+01
1.2000e+02 9.9710e+02 1.5600e+02
1.5000e+02 1.0248e+03 1.8410e+02
1.8000e+02 1.0470e+03 1.0050e+02
2.1000e+02 9.9990e+02 1.3672e+02
2.4000e+02 8.8211e+02 3.8514e+01
2.7000e+02 9.0762e+02 5.8291e+01
3.0000e+02 8.9495e+02 5.7265e+01
3.3000e+02 9.6311e+02 7.6902e+01
/newplot
/plotname contrast2=0.5
0.0000e+00 1.0662e+03 1.5679e+02
3.0000e+01 1.0266e+03 1.1261e+02
6.0000e+01 1.0969e+03 1.9105e+02
9.0000e+01 1.0443e+03 1.2720e+02
1.2000e+02 1.1347e+03 2.8631e+02
1.5000e+02 1.0810e+03 1.4908e+02
1.8000e+02 1.0071e+03 8.5490e+01
2.1000e+02 1.1569e+03 1.2554e+02
2.4000e+02 1.2752e+03 3.0321e+02
2.7000e+02 1.1424e+03 1.4697e+02
3.0000e+02 9.8579e+02 5.8848e+01
3.3000e+02 9.7937e+02 5.6192e+01
/newplot
/plotname baseline
0.000000e+00 9.560856e+02
3.300000e+02 9.560856e+02
