/newplot
/plotname contrast2=0.0
0.0000e+00 5.1107e+02 3.5655e+01
3.0000e+01 5.2364e+02 2.0809e+01
6.0000e+01 5.9388e+02 3.6743e+01
9.0000e+01 5.5839e+02 3.3257e+01
1.2000e+02 5.0747e+02 3.0129e+01
1.5000e+02 5.1677e+02 3.3955e+01
1.8000e+02 4.9040e+02 4.3792e+01
2.1000e+02 5.2094e+02 1.6768e+01
2.4000e+02 5.9004e+02 4.5329e+01
2.7000e+02 5.8804e+02 4.0944e+01
3.0000e+02 5.2015e+02 2.1131e+01
3.3000e+02 5.1958e+02 2.9626e+01
/newplot
/plotname contrast2=0.5
0.0000e+00 5.6156e+02 4.7773e+01
3.0000e+01 5.4632e+02 2.2736e+01
6.0000e+01 5.6725e+02 2.7320e+01
9.0000e+01 5.4562e+02 5.6873e+01
1.2000e+02 5.8230e+02 2.6550e+01
1.5000e+02 6.1453e+02 5.4313e+01
1.8000e+02 5.9231e+02 5.0737e+01
2.1000e+02 6.0248e+02 2.3015e+01
2.4000e+02 6.1852e+02 2.1987e+01
2.7000e+02 6.5258e+02 8.8898e+01
3.0000e+02 5.8371e+02 3.3955e+01
3.3000e+02 5.6299e+02 4.1864e+01
/newplot
/plotname baseline
0.000000e+00 4.986863e+02
3.300000e+02 4.986863e+02
