/newplot
/plotname contrast2=0.0
0.0000e+00 2.4242e+02 9.9017e+00
3.0000e+01 2.8886e+02 1.7808e+01
6.0000e+01 3.6640e+02 6.5345e+01
9.0000e+01 2.4325e+02 1.3419e+01
1.2000e+02 2.3689e+02 1.0738e+01
1.5000e+02 2.3092e+02 8.9066e+00
1.8000e+02 2.3797e+02 6.5490e+00
2.1000e+02 2.8555e+02 1.3492e+01
2.4000e+02 2.9927e+02 2.7314e+01
2.7000e+02 2.4814e+02 1.3715e+01
3.0000e+02 2.3063e+02 1.0354e+01
3.3000e+02 2.3071e+02 5.2663e+00
/newplot
/plotname contrast2=0.5
0.0000e+00 2.6170e+02 2.7579e+01
3.0000e+01 2.9521e+02 5.6290e+01
6.0000e+01 4.3057e+02 1.7229e+02
9.0000e+01 2.7551e+02 4.3496e+01
1.2000e+02 3.0453e+02 1.6677e+01
1.5000e+02 3.0874e+02 2.2301e+01
1.8000e+02 2.6943e+02 2.0521e+01
2.1000e+02 3.3921e+02 5.3066e+01
2.4000e+02 4.0971e+02 1.1354e+02
2.7000e+02 3.3019e+02 4.3897e+01
3.0000e+02 2.8554e+02 1.1524e+01
3.3000e+02 3.3685e+02 8.0314e+01
/newplot
/plotname baseline
0.000000e+00 2.409889e+02
3.300000e+02 2.409889e+02
