/newplot
/plotname contrast2=0.0
0.0000e+00 7.9420e+02 4.5423e+01
3.0000e+01 8.2016e+02 8.8579e+01
6.0000e+01 9.9959e+02 9.3860e+01
9.0000e+01 9.0417e+02 9.0229e+01
1.2000e+02 7.8118e+02 5.5016e+01
1.5000e+02 7.6210e+02 5.4248e+01
1.8000e+02 7.6405e+02 8.5129e+01
2.1000e+02 8.3865e+02 4.6354e+01
2.4000e+02 1.0511e+03 1.2151e+02
2.7000e+02 9.3470e+02 1.3507e+02
3.0000e+02 8.0987e+02 7.1784e+01
3.3000e+02 8.3872e+02 6.5140e+01
/newplot
/plotname contrast2=0.5
0.0000e+00 8.8504e+02 9.9847e+01
3.0000e+01 8.8574e+02 9.9097e+01
6.0000e+01 8.6469e+02 5.8840e+01
9.0000e+01 8.7811e+02 8.8325e+01
1.2000e+02 9.1834e+02 7.0433e+01
1.5000e+02 9.6366e+02 1.2958e+02
1.8000e+02 9.3366e+02 9.8128e+01
2.1000e+02 9.5924e+02 1.2495e+02
2.4000e+02 9.8223e+02 8.7629e+01
2.7000e+02 1.0248e+03 1.3253e+02
3.0000e+02 9.1495e+02 8.7024e+01
3.3000e+02 9.7517e+02 1.0707e+02
/newplot
/plotname baseline
0.000000e+00 7.727191e+02
3.300000e+02 7.727191e+02
