/newplot
/plotname contrast2=0.0
0.0000e+00 7.2547e+02 4.7733e+01
3.0000e+01 7.2634e+02 7.0620e+01
6.0000e+01 8.0824e+02 8.4822e+01
9.0000e+01 7.5082e+02 5.5211e+01
1.2000e+02 6.9503e+02 5.9370e+01
1.5000e+02 6.8177e+02 6.3741e+01
1.8000e+02 6.7951e+02 3.8437e+01
2.1000e+02 7.7057e+02 4.9335e+01
2.4000e+02 8.7121e+02 5.6236e+01
2.7000e+02 7.2926e+02 8.2921e+01
3.0000e+02 6.7578e+02 2.8625e+01
3.3000e+02 6.8257e+02 3.3202e+01
/newplot
/plotname contrast2=0.5
0.0000e+00 8.0008e+02 1.0152e+02
3.0000e+01 7.9614e+02 1.0678e+02
6.0000e+01 8.0878e+02 8.1146e+01
9.0000e+01 7.4127e+02 6.7123e+01
1.2000e+02 8.7888e+02 1.5068e+02
1.5000e+02 9.4532e+02 9.5426e+01
1.8000e+02 8.3855e+02 1.0244e+02
2.1000e+02 9.7340e+02 1.6264e+02
2.4000e+02 1.0093e+03 1.7883e+02
2.7000e+02 9.4159e+02 1.1193e+02
3.0000e+02 8.0750e+02 2.7625e+01
3.3000e+02 8.3885e+02 6.8050e+01
/newplot
/plotname baseline
0.000000e+00 7.007897e+02
3.300000e+02 7.007897e+02
