/newplot
/plotname contrast2=0.0
0.0000e+00 9.5000e+02 7.1718e+02
3.0000e+01 4.3828e+02 6.5184e+01
6.0000e+01 3.7484e+02 3.4629e+01
9.0000e+01 3.6726e+02 2.0635e+01
1.2000e+02 3.6656e+02 1.7908e+01
1.5000e+02 4.2742e+02 1.2013e+02
1.8000e+02 4.2266e+02 3.8787e+01
2.1000e+02 5.2976e+02 1.5190e+02
2.4000e+02 3.8434e+02 5.4213e+01
2.7000e+02 3.7323e+02 3.9616e+01
3.0000e+02 3.7393e+02 8.6394e+00
3.3000e+02 5.2394e+02 2.1775e+02
/newplot
/plotname contrast2=0.5
0.0000e+00 5.9968e+02 2.8746e+02
3.0000e+01 4.7324e+02 7.3473e+01
6.0000e+01 4.0437e+02 2.4677e+01
9.0000e+01 4.0817e+02 4.8193e+01
1.2000e+02 4.6274e+02 7.6084e+01
1.5000e+02 3.9970e+02 2.0098e+01
1.8000e+02 4.3928e+02 2.9295e+01
2.1000e+02 5.3162e+02 1.2123e+02
2.4000e+02 5.0022e+02 9.2798e+01
2.7000e+02 5.2952e+02 1.3294e+02
3.0000e+02 4.0161e+02 1.4829e+01
3.3000e+02 4.0383e+02 2.1952e+01
/newplot
/plotname baseline
0.000000e+00 3.649742e+02
3.300000e+02 3.649742e+02
