/newplot
/plotname contrast2=0.0
0.0000e+00 4.3445e+02 2.6975e+01
3.0000e+01 4.1599e+02 4.1553e+01
6.0000e+01 4.0600e+02 4.1711e+01
9.0000e+01 4.2827e+02 4.8968e+01
1.2000e+02 4.0391e+02 3.6187e+01
1.5000e+02 4.1158e+02 2.1841e+01
1.8000e+02 3.9973e+02 2.9185e+01
2.1000e+02 4.1677e+02 3.9588e+01
2.4000e+02 4.1144e+02 3.5711e+01
2.7000e+02 4.0378e+02 1.5465e+01
3.0000e+02 4.1556e+02 3.6090e+01
3.3000e+02 4.0968e+02 3.0096e+01
/newplot
/plotname contrast2=0.5
0.0000e+00 4.7382e+02 5.2980e+01
3.0000e+01 4.8250e+02 3.4421e+01
6.0000e+01 4.6364e+02 5.3631e+01
9.0000e+01 4.6592e+02 5.2064e+01
1.2000e+02 4.7791e+02 4.3941e+01
1.5000e+02 4.3912e+02 3.7970e+01
1.8000e+02 4.7052e+02 2.0126e+01
2.1000e+02 4.8317e+02 4.0886e+01
2.4000e+02 4.6310e+02 3.5020e+01
2.7000e+02 4.5302e+02 3.1640e+01
3.0000e+02 4.6544e+02 5.5372e+01
3.3000e+02 4.8031e+02 7.4949e+01
/newplot
/plotname baseline
0.000000e+00 3.993687e+02
3.300000e+02 3.993687e+02
