/newplot
/plotname contrast2=0.0
0.0000e+00 5.2758e+02 4.5082e+01
3.0000e+01 5.3459e+02 4.5112e+01
6.0000e+01 5.6053e+02 1.4136e+01
9.0000e+01 5.6112e+02 3.6343e+01
1.2000e+02 5.3654e+02 5.7570e+01
1.5000e+02 5.5947e+02 4.7114e+01
1.8000e+02 5.2600e+02 4.7151e+01
2.1000e+02 5.2585e+02 3.8733e+01
2.4000e+02 5.4082e+02 5.0834e+01
2.7000e+02 5.5189e+02 2.9363e+01
3.0000e+02 5.4946e+02 4.4549e+01
3.3000e+02 5.5446e+02 4.2142e+01
/newplot
/plotname contrast2=0.5
0.0000e+00 5.6165e+02 1.6502e+01
3.0000e+01 5.7657e+02 6.0657e+01
6.0000e+01 5.6309e+02 5.1520e+01
9.0000e+01 5.6050e+02 3.9811e+01
1.2000e+02 5.9047e+02 2.6065e+01
1.5000e+02 5.5389e+02 3.5366e+01
1.8000e+02 5.7298e+02 3.4932e+01
2.1000e+02 5.8205e+02 2.1369e+01
2.4000e+02 5.8926e+02 4.7648e+01
2.7000e+02 6.0894e+02 2.3028e+01
3.0000e+02 5.9366e+02 6.7322e+01
3.3000e+02 5.5055e+02 2.7124e+01
/newplot
/plotname baseline
0.000000e+00 5.377457e+02
3.300000e+02 5.377457e+02
