/newplot
/plotname contrast2=0.0
0.0000e+00 1.5081e+03 2.0072e+02
3.0000e+01 1.4607e+03 1.9654e+02
6.0000e+01 1.5597e+03 1.9088e+02
9.0000e+01 1.4995e+03 2.4065e+02
1.2000e+02 1.5368e+03 1.4437e+02
1.5000e+02 1.5816e+03 2.2232e+02
1.8000e+02 1.4516e+03 2.5636e+02
2.1000e+02 1.4813e+03 1.9516e+02
2.4000e+02 1.5063e+03 2.2341e+02
2.7000e+02 1.5147e+03 1.7128e+02
3.0000e+02 1.5514e+03 2.6639e+02
3.3000e+02 1.5964e+03 2.4685e+02
/newplot
/plotname contrast2=0.5
0.0000e+00 1.6018e+03 1.5790e+02
3.0000e+01 1.5834e+03 2.0407e+02
6.0000e+01 1.5696e+03 1.4522e+02
9.0000e+01 1.5510e+03 2.1314e+02
1.2000e+02 1.5523e+03 1.8594e+02
1.5000e+02 1.5539e+03 1.3232e+02
1.8000e+02 1.5649e+03 2.5609e+02
2.1000e+02 1.5892e+03 2.3932e+02
2.4000e+02 1.5243e+03 2.0920e+02
2.7000e+02 1.6113e+03 2.1487e+02
3.0000e+02 1.6035e+03 2.2756e+02
3.3000e+02 1.5903e+03 2.1972e+02
/newplot
/plotname baseline
0.000000e+00 1.507673e+03
3.300000e+02 1.507673e+03
