/newplot
/plotname contrast2=0.0
0.0000e+00 1.8745e+02 9.3853e+00
3.0000e+01 1.7908e+02 6.5156e+00
6.0000e+01 1.7832e+02 5.6612e+00
9.0000e+01 1.8588e+02 6.7330e+00
1.2000e+02 1.8140e+02 6.1920e+00
1.5000e+02 1.8738e+02 1.1647e+01
1.8000e+02 1.8714e+02 1.1044e+01
2.1000e+02 1.8649e+02 8.9318e+00
2.4000e+02 1.7573e+02 1.1220e+01
2.7000e+02 1.7630e+02 1.2738e+01
3.0000e+02 1.7953e+02 1.2716e+01
3.3000e+02 1.9108e+02 1.0861e+01
/newplot
/plotname contrast2=0.5
0.0000e+00 1.8684e+02 1.3539e+01
3.0000e+01 2.0897e+02 1.3720e+01
6.0000e+01 1.8608e+02 1.3870e+01
9.0000e+01 1.8511e+02 1.1095e+01
1.2000e+02 1.9490e+02 6.9091e+00
1.5000e+02 1.8871e+02 2.0795e+01
1.8000e+02 1.8779e+02 1.3671e+01
2.1000e+02 2.0597e+02 1.5524e+01
2.4000e+02 1.9526e+02 1.1858e+01
2.7000e+02 1.8636e+02 1.2456e+01
3.0000e+02 1.8759e+02 1.6455e+01
3.3000e+02 1.8453e+02 1.3508e+01
/newplot
/plotname baseline
0.000000e+00 1.761336e+02
3.300000e+02 1.761336e+02
