/newplot
/plotname contrast2=0.0
0.0000e+00 1.3501e+02 1.8052e+01
3.0000e+01 1.3280e+02 8.5155e+00
6.0000e+01 1.2500e+02 5.6502e+00
9.0000e+01 1.1578e+02 7.7496e+00
1.2000e+02 1.2845e+02 1.4620e+01
1.5000e+02 1.4981e+02 1.1627e+01
1.8000e+02 1.4772e+02 8.5196e+00
2.1000e+02 1.2876e+02 4.8849e+00
2.4000e+02 1.2328e+02 7.6144e+00
2.7000e+02 1.3021e+02 1.1967e+01
3.0000e+02 1.3109e+02 1.1961e+01
3.3000e+02 1.3739e+02 1.5979e+01
/newplot
/plotname contrast2=0.5
0.0000e+00 1.4050e+02 1.3838e+01
3.0000e+01 1.5352e+02 2.4124e+01
6.0000e+01 1.3897e+02 1.3709e+01
9.0000e+01 1.4233e+02 5.8286e+00
1.2000e+02 1.3409e+02 8.6811e+00
1.5000e+02 1.3976e+02 1.2303e+01
1.8000e+02 1.2939e+02 9.7368e+00
2.1000e+02 1.5383e+02 1.9436e+01
2.4000e+02 1.4734e+02 7.3453e+00
2.7000e+02 1.3487e+02 8.4337e+00
3.0000e+02 1.3346e+02 9.1887e+00
3.3000e+02 1.4258e+02 9.6818e+00
/newplot
/plotname baseline
0.000000e+00 1.217262e+02
3.300000e+02 1.217262e+02
