/newplot
/plotname contrast2=0.0
0.0000e+00 3.1565e+02 1.0031e+01
3.0000e+01 3.3207e+02 1.6233e+01
6.0000e+01 3.1804e+02 6.3375e+00
9.0000e+01 3.0600e+02 1.1470e+01
1.2000e+02 3.0034e+02 1.4245e+01
1.5000e+02 3.0699e+02 9.3765e+00
1.8000e+02 3.1498e+02 1.4384e+01
2.1000e+02 3.3859e+02 1.1967e+01
2.4000e+02 3.1912e+02 1.4433e+01
2.7000e+02 3.1819e+02 1.2067e+01
3.0000e+02 3.0310e+02 7.6812e+00
3.3000e+02 3.0868e+02 2.0637e+01
/newplot
/plotname contrast2=0.5
0.0000e+00 3.2289e+02 9.4399e+00
3.0000e+01 3.4210e+02 3.1921e+01
6.0000e+01 3.1553e+02 1.8180e+01
9.0000e+01 3.2093e+02 2.6728e+01
1.2000e+02 3.4214e+02 1.3588e+01
1.5000e+02 3.1770e+02 2.3748e+01
1.8000e+02 3.3369e+02 2.1345e+01
2.1000e+02 3.5944e+02 3.1364e+01
2.4000e+02 3.4498e+02 2.1014e+01
2.7000e+02 3.3388e+02 1.6100e+01
3.0000e+02 3.3892e+02 2.9206e+01
3.3000e+02 3.2588e+02 1.4914e+01
/newplot
/plotname baseline
0.000000e+00 3.039996e+02
3.300000e+02 3.039996e+02
