/newplot
/plotname contrast2=0.0
0.0000e+00 3.4911e+02 2.4921e+01
3.0000e+01 3.4972e+02 2.6175e+01
6.0000e+01 3.5393e+02 1.3243e+01
9.0000e+01 3.3991e+02 1.4684e+01
1.2000e+02 3.4629e+02 2.4807e+01
1.5000e+02 3.4592e+02 3.3942e+01
1.8000e+02 3.5539e+02 1.8382e+01
2.1000e+02 3.5371e+02 3.2459e+01
2.4000e+02 3.4672e+02 2.4332e+01
2.7000e+02 3.4784e+02 2.0876e+01
3.0000e+02 3.4806e+02 3.6980e+01
3.3000e+02 3.3402e+02 2.2733e+01
/newplot
/plotname contrast2=0.5
0.0000e+00 3.5976e+02 1.6166e+01
3.0000e+01 3.8914e+02 3.3887e+01
6.0000e+01 3.6694e+02 1.5124e+01
9.0000e+01 3.6953e+02 1.9482e+01
1.2000e+02 3.6156e+02 2.1245e+01
1.5000e+02 3.7242e+02 3.1475e+01
1.8000e+02 3.7158e+02 2.7131e+01
2.1000e+02 4.0269e+02 4.5719e+01
2.4000e+02 3.6421e+02 2.2860e+01
2.7000e+02 3.6508e+02 2.3949e+01
3.0000e+02 3.7499e+02 2.4657e+01
3.3000e+02 3.5245e+02 2.4217e+01
/newplot
/plotname baseline
0.000000e+00 3.470480e+02
3.300000e+02 3.470480e+02
