/newplot
/plotname contrast2=0.0
0.0000e+00 3.6031e+02 1.4068e+01
3.0000e+01 3.6441e+02 3.9303e+01
6.0000e+01 3.5217e+02 1.8544e+01
9.0000e+01 3.5138e+02 7.1098e+00
1.2000e+02 3.4014e+02 1.7945e+01
1.5000e+02 3.4824e+02 2.0209e+01
1.8000e+02 3.6013e+02 6.6167e+00
2.1000e+02 3.7111e+02 1.4531e+01
2.4000e+02 3.5656e+02 2.4901e+01
2.7000e+02 3.4657e+02 1.4683e+01
3.0000e+02 3.3246e+02 2.2791e+01
3.3000e+02 3.5601e+02 1.6252e+01
/newplot
/plotname contrast2=0.5
0.0000e+00 3.6565e+02 2.3076e+01
3.0000e+01 3.8091e+02 1.5087e+01
6.0000e+01 3.5404e+02 1.7918e+01
9.0000e+01 3.5702e+02 1.5972e+01
1.2000e+02 3.5805e+02 1.8002e+01
1.5000e+02 3.6442e+02 1.9262e+01
1.8000e+02 3.6445e+02 2.2219e+01
2.1000e+02 3.9080e+02 1.7918e+01
2.4000e+02 3.8123e+02 2.9446e+01
2.7000e+02 3.6560e+02 3.0278e+01
3.0000e+02 3.6594e+02 2.8602e+01
3.3000e+02 3.7053e+02 2.3955e+01
/newplot
/plotname baseline
0.000000e+00 3.443948e+02
3.300000e+02 3.443948e+02
