/newplot
/plotname contrast2=0.0
0.0000e+00 5.1628e+02 3.4544e+01
3.0000e+01 4.8233e+02 3.9817e+01
6.0000e+01 5.0315e+02 2.7324e+01
9.0000e+01 4.7909e+02 4.5325e+01
1.2000e+02 4.9208e+02 4.0193e+01
1.5000e+02 5.0036e+02 3.4270e+01
1.8000e+02 5.2646e+02 2.3269e+01
2.1000e+02 4.8147e+02 3.9111e+01
2.4000e+02 5.0051e+02 3.8789e+01
2.7000e+02 4.7999e+02 3.7351e+01
3.0000e+02 4.8925e+02 3.4341e+01
3.3000e+02 5.0399e+02 2.6259e+01
/newplot
/plotname contrast2=0.5
0.0000e+00 5.0256e+02 2.4285e+01
3.0000e+01 5.1453e+02 3.8037e+01
6.0000e+01 5.1015e+02 2.0290e+01
9.0000e+01 5.0181e+02 4.0825e+01
1.2000e+02 4.9166e+02 3.1078e+01
1.5000e+02 5.2974e+02 3.8522e+01
1.8000e+02 5.1388e+02 2.9158e+01
2.1000e+02 5.1970e+02 3.3371e+01
2.4000e+02 5.2052e+02 2.0734e+01
2.7000e+02 5.3991e+02 3.9306e+01
3.0000e+02 4.9881e+02 3.5569e+01
3.3000e+02 5.0759e+02 3.5499e+01
/newplot
/plotname baseline
0.000000e+00 4.794003e+02
3.300000e+02 4.794003e+02
