/newplot
/plotname contrast2=0.0
0.0000e+00 2.4703e+02 1.0432e+01
3.0000e+01 2.4585e+02 5.6880e+00
6.0000e+01 2.5496e+02 1.4178e+01
9.0000e+01 2.5094e+02 1.1935e+01
1.2000e+02 2.5446e+02 1.0002e+01
1.5000e+02 2.5076e+02 7.8864e+00
1.8000e+02 2.5810e+02 1.6604e+01
2.1000e+02 2.6274e+02 1.4373e+01
2.4000e+02 2.5232e+02 1.2784e+01
2.7000e+02 2.5162e+02 9.6345e+00
3.0000e+02 2.5584e+02 1.4042e+01
3.3000e+02 2.5051e+02 8.2067e+00
/newplot
/plotname contrast2=0.5
0.0000e+00 2.7283e+02 2.2447e+01
3.0000e+01 2.8604e+02 2.4741e+01
6.0000e+01 2.7625e+02 1.2433e+01
9.0000e+01 2.8340e+02 1.5864e+01
1.2000e+02 2.8435e+02 3.4640e+01
1.5000e+02 2.7418e+02 2.1140e+01
1.8000e+02 2.8119e+02 2.7936e+01
2.1000e+02 2.9045e+02 2.5273e+01
2.4000e+02 2.8186e+02 1.9845e+01
2.7000e+02 2.7670e+02 2.1223e+01
3.0000e+02 2.9143e+02 2.7231e+01
3.3000e+02 2.7278e+02 1.9948e+01
/newplot
/plotname baseline
0.000000e+00 2.519200e+02
3.300000e+02 2.519200e+02
