/newplot
/plotname contrast2=0.0
0.0000e+00 3.2447e+02 3.1848e+01
3.0000e+01 3.0157e+02 2.1641e+01
6.0000e+01 2.8988e+02 3.5049e+01
9.0000e+01 2.9185e+02 2.6345e+01
1.2000e+02 2.9101e+02 1.5414e+01
1.5000e+02 3.2598e+02 3.4252e+01
1.8000e+02 3.3864e+02 2.3478e+01
2.1000e+02 3.0864e+02 3.3693e+01
2.4000e+02 2.9313e+02 2.5473e+01
2.7000e+02 2.8964e+02 1.9990e+01
3.0000e+02 2.9129e+02 4.0033e+01
3.3000e+02 3.1459e+02 3.2166e+01
/newplot
/plotname contrast2=0.5
0.0000e+00 3.2093e+02 3.2822e+01
3.0000e+01 3.2562e+02 3.6756e+01
6.0000e+01 3.1602e+02 2.5504e+01
9.0000e+01 3.1240e+02 1.4742e+01
1.2000e+02 3.1071e+02 2.9235e+01
1.5000e+02 3.2125e+02 4.6101e+01
1.8000e+02 3.2859e+02 2.6036e+01
2.1000e+02 3.1670e+02 3.3606e+01
2.4000e+02 3.2123e+02 3.4214e+01
2.7000e+02 3.2442e+02 3.6298e+01
3.0000e+02 3.0820e+02 1.3086e+01
3.3000e+02 3.2048e+02 3.3684e+01
/newplot
/plotname baseline
0.000000e+00 2.875931e+02
3.300000e+02 2.875931e+02
