/newplot
/plotname contrast2=0.0
0.0000e+00 2.1588e+02 1.6438e+01
3.0000e+01 1.8117e+02 9.5243e+00
6.0000e+01 1.8043e+02 6.4211e+00
9.0000e+01 1.7213e+02 9.8390e+00
1.2000e+02 1.7407e+02 6.3396e+00
1.5000e+02 1.9524e+02 1.1735e+01
1.8000e+02 2.3594e+02 2.0025e+01
2.1000e+02 1.9240e+02 2.2146e+01
2.4000e+02 1.7105e+02 1.6333e+01
2.7000e+02 1.7336e+02 7.5973e+00
3.0000e+02 1.7548e+02 1.4696e+01
3.3000e+02 1.8916e+02 9.1361e+00
/newplot
/plotname contrast2=0.5
0.0000e+00 2.0904e+02 1.5377e+01
3.0000e+01 2.0775e+02 1.8879e+01
6.0000e+01 1.8513e+02 2.2084e+01
9.0000e+01 2.1067e+02 7.6271e+00
1.2000e+02 1.8738e+02 1.5404e+01
1.5000e+02 1.9329e+02 1.8108e+01
1.8000e+02 2.1432e+02 1.1001e+01
2.1000e+02 2.1131e+02 1.7528e+01
2.4000e+02 1.8884e+02 1.1669e+01
2.7000e+02 1.9862e+02 2.3700e+01
3.0000e+02 2.0657e+02 1.4009e+01
3.3000e+02 1.9479e+02 1.2845e+01
/newplot
/plotname baseline
0.000000e+00 1.732573e+02
3.300000e+02 1.732573e+02
