/newplot
/plotname contrast2=0.0
0.0000e+00 2.4737e+02 2.8452e+01
3.0000e+01 2.3549e+02 2.0404e+01
6.0000e+01 2.3166e+02 1.0569e+01
9.0000e+01 2.3240e+02 1.7560e+01
1.2000e+02 2.2361e+02 1.9642e+01
1.5000e+02 2.4490e+02 1.9445e+01
1.8000e+02 2.4408e+02 1.5351e+01
2.1000e+02 2.4720e+02 1.7065e+01
2.4000e+02 2.4172e+02 1.7958e+01
2.7000e+02 2.3478e+02 1.4988e+01
3.0000e+02 2.3029e+02 1.3728e+01
3.3000e+02 2.4154e+02 2.6827e+01
/newplot
/plotname contrast2=0.5
0.0000e+00 2.4894e+02 3.3084e+01
3.0000e+01 2.5430e+02 1.9692e+01
6.0000e+01 2.5585e+02 1.7707e+01
9.0000e+01 2.5455e+02 2.0835e+01
1.2000e+02 2.4761e+02 2.3693e+01
1.5000e+02 2.4178e+02 1.2781e+01
1.8000e+02 2.3909e+02 1.5119e+01
2.1000e+02 2.5863e+02 2.5740e+01
2.4000e+02 2.5255e+02 1.4765e+01
2.7000e+02 2.4715e+02 1.3931e+01
3.0000e+02 2.5073e+02 1.6424e+01
3.3000e+02 2.4442e+02 1.3987e+01
/newplot
/plotname baseline
0.000000e+00 2.260113e+02
3.300000e+02 2.260113e+02
