/newplot
/plotname contrast2=0.0
0.0000e+00 3.6582e+02 1.5656e+01
3.0000e+01 3.4363e+02 1.2644e+01
6.0000e+01 3.5507e+02 6.6153e+00
9.0000e+01 3.5008e+02 2.3410e+01
1.2000e+02 3.6079e+02 1.5615e+01
1.5000e+02 3.7012e+02 9.0443e+00
1.8000e+02 3.7707e+02 1.8258e+01
2.1000e+02 3.6634e+02 2.4577e+01
2.4000e+02 3.4693e+02 1.9855e+01
2.7000e+02 3.4828e+02 1.0248e+01
3.0000e+02 3.3710e+02 2.2927e+01
3.3000e+02 3.6865e+02 1.3183e+01
/newplot
/plotname contrast2=0.5
0.0000e+00 3.7079e+02 2.1504e+01
3.0000e+01 3.8862e+02 2.3840e+01
6.0000e+01 3.7260e+02 2.9566e+01
9.0000e+01 3.7072e+02 2.1563e+01
1.2000e+02 3.6589e+02 2.3671e+01
1.5000e+02 3.7142e+02 3.2796e+01
1.8000e+02 3.7764e+02 2.4180e+01
2.1000e+02 3.8894e+02 5.0527e+01
2.4000e+02 3.6907e+02 2.4441e+01
2.7000e+02 3.5878e+02 1.2963e+01
3.0000e+02 3.7674e+02 2.9234e+01
3.3000e+02 3.6747e+02 2.4908e+01
/newplot
/plotname baseline
0.000000e+00 3.583214e+02
3.300000e+02 3.583214e+02
