/newplot
/plotname contrast2=0.0
0.0000e+00 2.7714e+02 1.7093e+01
3.0000e+01 2.7862e+02 2.4062e+01
6.0000e+01 2.5721e+02 1.0868e+01
9.0000e+01 2.4920e+02 1.2827e+01
1.2000e+02 2.5108e+02 1.2461e+01
1.5000e+02 2.5752e+02 1.2988e+01
1.8000e+02 2.7773e+02 1.6279e+01
2.1000e+02 2.8904e+02 1.1261e+01
2.4000e+02 2.5346e+02 1.0926e+01
2.7000e+02 2.4973e+02 1.0060e+01
3.0000e+02 2.4389e+02 1.3219e+01
3.3000e+02 2.5425e+02 1.3381e+01
/newplot
/plotname contrast2=0.5
0.0000e+00 2.9130e+02 1.6237e+01
3.0000e+01 2.9640e+02 2.5983e+01
6.0000e+01 2.7261e+02 1.5566e+01
9.0000e+01 2.8572e+02 1.1852e+01
1.2000e+02 2.9183e+02 2.6853e+01
1.5000e+02 2.7191e+02 1.7419e+01
1.8000e+02 2.8808e+02 2.4010e+01
2.1000e+02 2.9723e+02 3.1551e+01
2.4000e+02 2.8304e+02 2.1582e+01
2.7000e+02 2.9231e+02 2.3490e+01
3.0000e+02 3.0414e+02 1.8979e+01
3.3000e+02 2.8365e+02 1.4339e+01
/newplot
/plotname baseline
0.000000e+00 2.519508e+02
3.300000e+02 2.519508e+02
