/newplot
/plotname contrast2=0.0
0.0000e+00 2.2070e+02 9.8840e+00
3.0000e+01 2.3304e+02 1.3809e+01
6.0000e+01 2.2465e+02 1.0210e+01
9.0000e+01 2.1564e+02 1.5340e+01
1.2000e+02 2.1842e+02 1.5338e+01
1.5000e+02 2.2027e+02 1.6039e+01
1.8000e+02 2.4592e+02 1.6743e+01
2.1000e+02 2.2100e+02 2.5460e+01
2.4000e+02 2.1986e+02 1.0211e+01
2.7000e+02 2.1629e+02 1.2806e+01
3.0000e+02 2.1450e+02 1.8161e+01
3.3000e+02 2.3317e+02 7.5708e+00
/newplot
/plotname contrast2=0.5
0.0000e+00 2.3634e+02 8.1008e+00
3.0000e+01 2.4418e+02 1.7079e+01
6.0000e+01 2.4686e+02 2.1456e+01
9.0000e+01 2.4045e+02 1.4900e+01
1.2000e+02 2.2537e+02 1.6634e+01
1.5000e+02 2.3025e+02 1.6753e+01
1.8000e+02 2.4135e+02 1.2878e+01
2.1000e+02 2.5365e+02 1.9734e+01
2.4000e+02 2.3794e+02 1.8960e+01
2.7000e+02 2.4189e+02 1.5507e+01
3.0000e+02 2.3476e+02 1.5471e+01
3.3000e+02 2.3416e+02 1.4198e+01
/newplot
/plotname baseline
0.000000e+00 2.194735e+02
3.300000e+02 2.194735e+02
