/newplot
/plotname contrast2=0.0
0.0000e+00 1.1204e+03 1.7256e+01
3.0000e+01 1.1317e+03 3.6820e+01
6.0000e+01 1.1228e+03 2.1592e+01
9.0000e+01 1.0949e+03 1.9836e+01
1.2000e+02 1.0953e+03 4.2311e+01
1.5000e+02 1.1051e+03 2.3301e+01
1.8000e+02 1.1203e+03 2.7426e+01
2.1000e+02 1.1110e+03 2.4241e+01
2.4000e+02 1.1183e+03 2.3214e+01
2.7000e+02 1.1206e+03 1.8114e+01
3.0000e+02 1.0988e+03 2.4609e+01
3.3000e+02 1.1218e+03 2.5494e+01
/newplot
/plotname contrast2=0.5
0.0000e+00 1.1285e+03 3.2159e+01
3.0000e+01 1.1471e+03 3.1603e+01
6.0000e+01 1.1280e+03 2.7083e+01
9.0000e+01 1.1005e+03 1.0577e+01
1.2000e+02 1.1118e+03 1.8800e+01
1.5000e+02 1.1443e+03 2.3888e+01
1.8000e+02 1.1224e+03 2.5831e+01
2.1000e+02 1.1289e+03 3.7416e+01
2.4000e+02 1.1310e+03 2.3556e+01
2.7000e+02 1.1383e+03 2.2075e+01
3.0000e+02 1.1371e+03 1.4298e+01
3.3000e+02 1.1115e+03 3.4374e+01
/newplot
/plotname baseline
0.000000e+00 1.103618e+03
3.300000e+02 1.103618e+03
