/newplot
/plotname contrast2=0.0
0.0000e+00 4.0892e+02 1.2876e+01
3.0000e+01 4.0159e+02 1.0278e+01
6.0000e+01 3.9893e+02 5.9572e+00
9.0000e+01 4.0441e+02 1.6695e+01
1.2000e+02 3.9665e+02 2.2375e+01
1.5000e+02 4.1328e+02 1.0263e+01
1.8000e+02 4.0787e+02 6.4976e+00
2.1000e+02 4.0517e+02 1.9257e+01
2.4000e+02 3.9865e+02 1.2567e+01
2.7000e+02 4.1674e+02 1.6183e+01
3.0000e+02 4.0038e+02 1.3751e+01
3.3000e+02 3.9970e+02 2.6151e+01
/newplot
/plotname contrast2=0.5
0.0000e+00 4.1342e+02 1.0420e+01
3.0000e+01 4.2472e+02 2.8946e+01
6.0000e+01 4.1387e+02 1.3467e+01
9.0000e+01 4.0591e+02 1.9226e+01
1.2000e+02 4.0636e+02 2.5010e+01
1.5000e+02 4.0191e+02 1.7109e+01
1.8000e+02 4.1814e+02 1.0641e+01
2.1000e+02 4.2358e+02 1.6817e+01
2.4000e+02 4.2363e+02 2.0745e+01
2.7000e+02 4.1926e+02 1.4161e+01
3.0000e+02 4.1518e+02 2.3585e+01
3.3000e+02 4.0650e+02 2.2092e+01
/newplot
/plotname baseline
0.000000e+00 4.005086e+02
3.300000e+02 4.005086e+02
