/newplot
/plotname contrast2=0.0
0.0000e+00 2.9429e+02 1.0533e+01
3.0000e+01 2.9055e+02 1.4598e+01
6.0000e+01 2.9570e+02 2.0251e+01
9.0000e+01 2.8564e+02 1.4180e+01
1.2000e+02 2.9675e+02 1.9105e+01
1.5000e+02 2.9339e+02 1.5368e+01
1.8000e+02 2.9772e+02 8.7485e+00
2.1000e+02 3.0907e+02 1.7488e+01
2.4000e+02 2.8545e+02 1.1156e+01
2.7000e+02 2.8786e+02 7.3376e+00
3.0000e+02 2.8981e+02 1.7274e+01
3.3000e+02 2.9499e+02 1.4510e+01
/newplot
/plotname contrast2=0.5
0.0000e+00 2.9667e+02 1.5771e+01
3.0000e+01 3.0831e+02 1.7348e+01
6.0000e+01 3.0165e+02 1.6362e+01
9.0000e+01 3.0567e+02 2.1498e+01
1.2000e+02 2.9515e+02 1.9466e+01
1.5000e+02 2.9802e+02 1.9076e+01
1.8000e+02 2.9199e+02 9.7383e+00
2.1000e+02 3.0537e+02 2.5520e+01
2.4000e+02 3.0163e+02 2.3504e+01
2.7000e+02 2.9797e+02 1.4706e+01
3.0000e+02 3.0969e+02 2.0264e+01
3.3000e+02 2.9385e+02 1.2914e+01
/newplot
/plotname baseline
0.000000e+00 2.930318e+02
3.300000e+02 2.930318e+02
