/newplot
/plotname contrast2=0.0
0.0000e+00 4.2745e+02 2.4094e+01
3.0000e+01 4.1879e+02 2.0688e+01
6.0000e+01 4.1758e+02 5.6996e+00
9.0000e+01 4.0619e+02 1.6883e+01
1.2000e+02 4.0759e+02 1.2604e+01
1.5000e+02 4.1450e+02 9.3920e+00
1.8000e+02 4.2128e+02 8.1468e+00
2.1000e+02 4.2843e+02 8.7265e+00
2.4000e+02 4.0268e+02 1.0890e+01
2.7000e+02 4.1040e+02 1.5478e+01
3.0000e+02 4.1000e+02 1.8158e+01
3.3000e+02 4.1050e+02 1.5593e+01
/newplot
/plotname contrast2=0.5
0.0000e+00 4.1870e+02 8.0557e+00
3.0000e+01 4.4282e+02 7.6584e+00
6.0000e+01 4.3471e+02 1.4808e+01
9.0000e+01 4.2558e+02 9.7558e+00
1.2000e+02 4.2099e+02 1.3211e+01
1.5000e+02 4.0611e+02 1.1296e+01
1.8000e+02 4.1665e+02 1.1363e+01
2.1000e+02 4.3376e+02 2.1272e+01
2.4000e+02 4.3475e+02 1.9317e+01
2.7000e+02 4.2000e+02 1.0406e+01
3.0000e+02 4.2208e+02 8.6916e+00
3.3000e+02 4.1424e+02 1.1690e+01
/newplot
/plotname baseline
0.000000e+00 4.105558e+02
3.300000e+02 4.105558e+02
