/newplot
/plotname contrast2=0.0
0.0000e+00 2.6514e+02 1.1697e+01
3.0000e+01 2.5178e+02 1.3285e+01
6.0000e+01 2.5708e+02 1.3186e+01
9.0000e+01 2.4640e+02 1.2688e+01
1.2000e+02 2.5444e+02 1.0875e+01
1.5000e+02 2.7151e+02 1.1079e+01
1.8000e+02 2.7250e+02 1.4210e+01
2.1000e+02 2.5055e+02 9.9509e+00
2.4000e+02 2.6090e+02 1.2366e+01
2.7000e+02 2.5806e+02 1.4198e+01
3.0000e+02 2.6055e+02 8.9762e+00
3.3000e+02 2.8212e+02 1.2850e+01
/newplot
/plotname contrast2=0.5
0.0000e+00 2.6916e+02 8.4486e+00
3.0000e+01 2.6732e+02 1.3346e+01
6.0000e+01 2.6136e+02 1.2500e+01
9.0000e+01 2.5953e+02 1.8039e+01
1.2000e+02 2.6604e+02 1.7304e+01
1.5000e+02 2.6899e+02 1.5176e+01
1.8000e+02 2.7412e+02 7.1502e+00
2.1000e+02 2.7237e+02 1.4129e+01
2.4000e+02 2.8089e+02 1.0272e+01
2.7000e+02 2.6532e+02 8.5329e+00
3.0000e+02 2.6947e+02 8.0343e+00
3.3000e+02 2.8292e+02 1.6838e+01
/newplot
/plotname baseline
0.000000e+00 2.458568e+02
3.300000e+02 2.458568e+02
