/newplot
/plotname contrast2=0.0
0.0000e+00 1.4274e+02 6.4868e+00
3.0000e+01 1.3333e+02 5.7310e+00
6.0000e+01 1.2980e+02 6.3604e+00
9.0000e+01 1.3024e+02 6.8219e+00
1.2000e+02 1.3385e+02 6.6990e+00
1.5000e+02 1.7209e+02 9.1083e+00
1.8000e+02 1.4803e+02 4.8525e+00
2.1000e+02 1.3771e+02 5.1624e+00
2.4000e+02 1.3486e+02 4.8746e+00
2.7000e+02 1.3622e+02 5.0576e+00
3.0000e+02 1.2838e+02 6.6493e+00
3.3000e+02 1.5622e+02 1.1183e+01
/newplot
/plotname contrast2=0.5
0.0000e+00 1.4403e+02 7.6141e+00
3.0000e+01 1.5164e+02 1.3524e+01
6.0000e+01 1.4496e+02 9.0098e+00
9.0000e+01 1.4532e+02 9.0313e+00
1.2000e+02 1.3983e+02 9.0821e+00
1.5000e+02 1.4819e+02 8.8949e+00
1.8000e+02 1.4226e+02 5.0623e+00
2.1000e+02 1.4869e+02 1.9732e+01
2.4000e+02 1.4945e+02 6.6725e+00
2.7000e+02 1.4611e+02 5.0811e+00
3.0000e+02 1.4440e+02 7.6952e+00
3.3000e+02 1.5192e+02 1.0251e+01
/newplot
/plotname baseline
0.000000e+00 1.274944e+02
3.300000e+02 1.274944e+02
