/newplot
/plotname contrast2=0.0
0.0000e+00 3.2423e+02 1.5177e+01
3.0000e+01 3.2538e+02 2.8457e+01
6.0000e+01 3.3292e+02 2.3570e+01
9.0000e+01 3.8861e+02 7.9063e+01
1.2000e+02 3.2030e+02 3.3179e+01
1.5000e+02 2.9031e+02 1.1996e+01
1.8000e+02 3.0999e+02 1.3616e+01
2.1000e+02 3.1721e+02 1.3549e+01
2.4000e+02 3.4606e+02 3.3028e+01
2.7000e+02 7.7937e+02 2.6344e+02
3.0000e+02 3.3925e+02 2.7805e+01
3.3000e+02 3.0570e+02 2.2813e+01
/newplot
/plotname contrast2=0.5
0.0000e+00 3.6285e+02 3.6843e+01
3.0000e+01 3.8308e+02 4.3011e+01
6.0000e+01 3.2460e+02 1.9213e+01
9.0000e+01 3.3691e+02 2.7228e+01
1.2000e+02 3.3186e+02 3.4651e+01
1.5000e+02 3.8646e+02 4.3259e+01
1.8000e+02 4.1705e+02 6.0825e+01
2.1000e+02 4.3146e+02 7.7461e+01
2.4000e+02 3.9743e+02 2.7503e+01
2.7000e+02 5.2056e+02 8.9537e+01
3.0000e+02 4.3729e+02 1.0957e+02
3.3000e+02 4.0285e+02 8.6873e+01
/newplot
/plotname baseline
0.000000e+00 3.114089e+02
3.300000e+02 3.114089e+02
