/newplot
/plotname contrast2=0.0
0.0000e+00 2.2578e+02 5.1092e+01
3.0000e+01 1.7249e+02 1.6990e+01
6.0000e+01 1.5585e+02 4.2879e+00
9.0000e+01 1.5001e+02 7.7634e+00
1.2000e+02 1.5409e+02 1.1973e+01
1.5000e+02 1.5630e+02 7.6077e+00
1.8000e+02 1.8365e+02 2.2324e+01
2.1000e+02 1.6372e+02 1.0667e+01
2.4000e+02 1.4942e+02 5.0171e+00
2.7000e+02 1.5074e+02 9.5000e+00
3.0000e+02 1.5389e+02 8.4111e+00
3.3000e+02 1.6242e+02 7.0404e+00
/newplot
/plotname contrast2=0.5
0.0000e+00 1.8537e+02 1.7142e+01
3.0000e+01 1.8419e+02 8.9958e+00
6.0000e+01 1.6391e+02 6.1852e+00
9.0000e+01 1.7388e+02 1.6029e+01
1.2000e+02 1.6543e+02 8.5341e+00
1.5000e+02 1.7105e+02 1.5732e+01
1.8000e+02 1.7892e+02 6.7987e+00
2.1000e+02 1.7158e+02 7.4688e+00
2.4000e+02 1.6894e+02 1.1957e+01
2.7000e+02 2.0304e+02 3.4539e+01
3.0000e+02 1.7143e+02 1.1627e+01
3.3000e+02 1.6786e+02 1.0783e+01
/newplot
/plotname baseline
0.000000e+00 1.487636e+02
3.300000e+02 1.487636e+02
