/newplot
/plotname contrast2=0.0
0.0000e+00 1.6357e+02 1.1889e+01
3.0000e+01 1.6054e+02 1.6955e+01
6.0000e+01 1.6331e+02 1.2010e+01
9.0000e+01 1.5426e+02 1.7941e+01
1.2000e+02 1.5099e+02 9.5283e+00
1.5000e+02 1.4887e+02 7.4434e+00
1.8000e+02 1.6994e+02 1.3581e+01
2.1000e+02 1.7061e+02 1.1726e+01
2.4000e+02 1.6037e+02 1.7515e+01
2.7000e+02 1.6321e+02 1.3031e+01
3.0000e+02 1.5692e+02 1.0457e+01
3.3000e+02 1.5106e+02 9.3039e+00
/newplot
/plotname contrast2=0.5
0.0000e+00 1.6968e+02 1.3130e+01
3.0000e+01 1.8573e+02 2.6559e+01
6.0000e+01 1.6123e+02 1.3556e+01
9.0000e+01 1.6445e+02 1.2857e+01
1.2000e+02 1.7215e+02 2.4309e+01
1.5000e+02 1.6904e+02 1.1204e+01
1.8000e+02 1.7470e+02 2.1040e+01
2.1000e+02 1.8743e+02 2.5832e+01
2.4000e+02 1.8002e+02 1.7134e+01
2.7000e+02 1.7267e+02 1.7505e+01
3.0000e+02 1.7792e+02 1.9130e+01
3.3000e+02 1.6443e+02 8.0520e+00
/newplot
/plotname baseline
0.000000e+00 1.431442e+02
3.300000e+02 1.431442e+02
