/newplot
/plotname contrast2=0.0
0.0000e+00 1.7754e+02 5.6103e+00
3.0000e+01 1.6941e+02 8.9293e+00
6.0000e+01 1.7047e+02 8.1616e+00
9.0000e+01 1.7205e+02 1.0462e+01
1.2000e+02 1.7628e+02 1.4723e+01
1.5000e+02 2.2420e+02 1.0255e+01
1.8000e+02 1.7831e+02 3.2466e+00
2.1000e+02 1.7143e+02 6.7836e+00
2.4000e+02 1.7207e+02 1.3977e+01
2.7000e+02 1.7297e+02 1.5464e+01
3.0000e+02 1.8213e+02 1.0970e+01
3.3000e+02 2.4629e+02 1.2033e+01
/newplot
/plotname contrast2=0.5
0.0000e+00 1.9821e+02 1.3688e+01
3.0000e+01 2.0936e+02 2.4468e+01
6.0000e+01 1.9408e+02 1.1814e+01
9.0000e+01 1.9370e+02 1.7387e+01
1.2000e+02 1.8240e+02 1.2192e+01
1.5000e+02 1.9561e+02 2.0620e+01
1.8000e+02 1.9681e+02 2.0684e+01
2.1000e+02 2.0445e+02 1.7454e+01
2.4000e+02 2.2392e+02 1.1413e+01
2.7000e+02 1.8759e+02 1.3050e+01
3.0000e+02 1.8528e+02 1.5690e+01
3.3000e+02 2.3934e+02 2.1898e+01
/newplot
/plotname baseline
0.000000e+00 1.750536e+02
3.300000e+02 1.750536e+02
