/newplot
/plotname contrast2=0.0
0.0000e+00 2.2279e+02 8.5506e+00
3.0000e+01 2.2402e+02 1.8103e+01
6.0000e+01 2.1879e+02 8.2842e+00
9.0000e+01 2.1906e+02 1.5915e+01
1.2000e+02 2.2071e+02 4.3322e+00
1.5000e+02 2.2865e+02 7.8935e+00
1.8000e+02 2.3686e+02 1.9020e+01
2.1000e+02 2.3017e+02 1.8037e+01
2.4000e+02 2.2292e+02 1.2592e+01
2.7000e+02 2.2369e+02 1.5980e+01
3.0000e+02 2.2532e+02 1.2970e+01
3.3000e+02 2.1775e+02 1.2815e+01
/newplot
/plotname contrast2=0.5
0.0000e+00 2.3604e+02 1.1696e+01
3.0000e+01 2.5353e+02 1.9681e+01
6.0000e+01 2.3646e+02 1.0578e+01
9.0000e+01 2.6248e+02 1.5486e+01
1.2000e+02 2.5221e+02 2.8001e+01
1.5000e+02 2.3439e+02 1.1677e+01
1.8000e+02 2.3994e+02 1.5305e+01
2.1000e+02 2.5596e+02 2.9583e+01
2.4000e+02 2.4234e+02 1.0086e+01
2.7000e+02 2.4496e+02 7.0968e+00
3.0000e+02 2.3972e+02 1.0762e+01
3.3000e+02 2.4030e+02 1.4856e+01
/newplot
/plotname baseline
0.000000e+00 2.097345e+02
3.300000e+02 2.097345e+02
