/newplot
/plotname contrast2=0.0
0.0000e+00 1.7979e+02 3.3551e+00
3.0000e+01 1.7465e+02 1.9147e+01
6.0000e+01 1.8060e+02 8.9463e+00
9.0000e+01 1.9042e+02 1.2384e+01
1.2000e+02 1.9576e+02 1.3290e+01
1.5000e+02 1.7723e+02 1.2740e+01
1.8000e+02 1.7975e+02 8.8561e+00
2.1000e+02 1.8147e+02 1.3971e+01
2.4000e+02 1.7819e+02 8.9862e+00
2.7000e+02 1.9480e+02 1.5395e+01
3.0000e+02 1.9932e+02 2.3969e+01
3.3000e+02 1.8879e+02 1.4790e+01
/newplot
/plotname contrast2=0.5
0.0000e+00 2.0006e+02 1.7897e+01
3.0000e+01 2.3279e+02 4.5805e+01
6.0000e+01 1.9138e+02 1.0614e+01
9.0000e+01 1.9860e+02 2.0723e+01
1.2000e+02 1.9733e+02 1.5731e+01
1.5000e+02 1.9646e+02 1.9235e+01
1.8000e+02 2.1499e+02 2.5409e+01
2.1000e+02 2.4499e+02 5.1078e+01
2.4000e+02 2.1177e+02 1.6504e+01
2.7000e+02 1.9284e+02 1.9942e+01
3.0000e+02 2.0538e+02 3.1049e+01
3.3000e+02 2.0380e+02 2.1087e+01
/newplot
/plotname baseline
0.000000e+00 1.761278e+02
3.300000e+02 1.761278e+02
