/newplot
/plotname contrast2=0.0
0.0000e+00 1.2767e+02 7.5079e+00
3.0000e+01 1.3184e+02 8.1327e+00
6.0000e+01 1.3832e+02 6.1898e+00
9.0000e+01 1.3319e+02 8.7576e+00
1.2000e+02 1.3366e+02 7.6825e+00
1.5000e+02 1.3229e+02 1.1289e+01
1.8000e+02 1.3446e+02 8.7400e+00
2.1000e+02 1.3656e+02 7.9093e+00
2.4000e+02 1.3783e+02 4.1660e+00
2.7000e+02 1.3850e+02 1.5861e+01
3.0000e+02 1.3186e+02 8.5539e+00
3.3000e+02 1.3057e+02 6.4539e+00
/newplot
/plotname contrast2=0.5
0.0000e+00 1.4350e+02 8.4690e+00
3.0000e+01 1.5899e+02 2.2763e+01
6.0000e+01 1.4272e+02 1.1029e+01
9.0000e+01 1.3370e+02 8.3843e+00
1.2000e+02 1.4267e+02 1.6111e+01
1.5000e+02 1.4307e+02 1.0695e+01
1.8000e+02 1.4639e+02 2.2588e+01
2.1000e+02 1.6509e+02 2.6882e+01
2.4000e+02 1.4854e+02 6.2914e+00
2.7000e+02 1.4316e+02 1.5459e+01
3.0000e+02 1.4657e+02 1.7972e+01
3.3000e+02 1.3663e+02 8.8783e+00
/newplot
/plotname baseline
0.000000e+00 1.278911e+02
3.300000e+02 1.278911e+02
