/newplot
/plotname contrast2=0.0
0.0000e+00 4.1875e+02 4.2149e+01
3.0000e+01 4.3421e+02 4.3353e+01
6.0000e+01 4.8949e+02 4.8459e+01
9.0000e+01 5.0101e+02 4.7021e+01
1.2000e+02 4.6171e+02 2.2869e+01
1.5000e+02 4.3597e+02 4.1142e+01
1.8000e+02 4.2617e+02 3.0625e+01
2.1000e+02 4.4021e+02 5.6843e+01
2.4000e+02 4.7294e+02 4.5919e+01
2.7000e+02 4.9641e+02 4.5384e+01
3.0000e+02 4.4092e+02 5.7558e+01
3.3000e+02 4.1686e+02 2.8734e+01
/newplot
/plotname contrast2=0.5
0.0000e+00 5.3393e+02 5.5479e+01
3.0000e+01 5.0467e+02 5.4783e+01
6.0000e+01 4.9664e+02 4.8512e+01
9.0000e+01 4.8268e+02 4.8117e+01
1.2000e+02 4.7800e+02 7.3120e+01
1.5000e+02 4.9591e+02 2.8150e+01
1.8000e+02 5.4926e+02 6.6625e+01
2.1000e+02 5.3248e+02 7.8564e+01
2.4000e+02 5.0658e+02 5.9703e+01
2.7000e+02 4.7297e+02 5.1107e+01
3.0000e+02 4.8205e+02 7.3299e+01
3.3000e+02 5.0469e+02 4.8687e+01
/newplot
/plotname baseline
0.000000e+00 4.455903e+02
3.300000e+02 4.455903e+02
