/newplot
/plotname contrast2=0.0
0.0000e+00 1.2750e+02 1.9102e+01
3.0000e+01 1.1595e+02 1.0220e+01
6.0000e+01 1.1902e+02 1.1151e+01
9.0000e+01 1.1549e+02 1.1125e+01
1.2000e+02 1.0970e+02 5.0791e+00
1.5000e+02 1.3181e+02 1.0907e+01
1.8000e+02 1.3284e+02 1.3023e+01
2.1000e+02 1.1691e+02 1.5036e+01
2.4000e+02 1.1150e+02 8.5989e+00
2.7000e+02 1.1599e+02 1.1935e+01
3.0000e+02 1.1817e+02 1.2598e+01
3.3000e+02 1.3953e+02 1.3023e+01
/newplot
/plotname contrast2=0.5
0.0000e+00 1.3367e+02 1.8315e+01
3.0000e+01 1.4282e+02 1.4766e+01
6.0000e+01 1.3459e+02 8.2457e+00
9.0000e+01 1.3297e+02 1.2725e+01
1.2000e+02 1.2311e+02 1.3669e+01
1.5000e+02 1.3592e+02 1.5742e+01
1.8000e+02 1.3449e+02 1.1423e+01
2.1000e+02 1.4385e+02 1.7063e+01
2.4000e+02 1.4448e+02 2.2768e+01
2.7000e+02 1.2725e+02 1.1823e+01
3.0000e+02 1.2853e+02 1.4601e+01
3.3000e+02 1.3917e+02 8.7939e+00
/newplot
/plotname baseline
0.000000e+00 1.168397e+02
3.300000e+02 1.168397e+02
