/newplot
/plotname contrast2=0.0
0.0000e+00 4.9632e+02 2.5832e+01
3.0000e+01 5.1205e+02 2.1757e+01
6.0000e+01 5.3126e+02 2.0111e+01
9.0000e+01 5.0340e+02 3.1509e+01
1.2000e+02 4.7599e+02 2.8038e+01
1.5000e+02 4.6746e+02 2.0611e+01
1.8000e+02 4.7988e+02 2.2322e+01
2.1000e+02 4.9584e+02 3.9060e+01
2.4000e+02 5.5235e+02 2.8634e+01
2.7000e+02 5.1330e+02 9.9251e+00
3.0000e+02 4.9457e+02 1.7667e+01
3.3000e+02 4.9063e+02 2.7234e+01
/newplot
/plotname contrast2=0.5
0.0000e+00 5.2413e+02 1.6624e+01
3.0000e+01 5.5171e+02 5.0108e+01
6.0000e+01 4.9734e+02 2.9582e+01
9.0000e+01 5.0226e+02 4.9989e+01
1.2000e+02 5.0355e+02 2.9601e+01
1.5000e+02 5.2740e+02 2.3277e+01
1.8000e+02 5.5504e+02 4.2738e+01
2.1000e+02 5.7073e+02 6.9146e+01
2.4000e+02 5.6275e+02 3.6436e+01
2.7000e+02 5.2372e+02 3.5063e+01
3.0000e+02 5.1826e+02 2.8211e+01
3.3000e+02 5.1083e+02 3.1800e+01
/newplot
/plotname baseline
0.000000e+00 4.798928e+02
3.300000e+02 4.798928e+02
