/newplot
/plotname contrast2=0.0
0.0000e+00 2.9285e+02 1.5208e+01
3.0000e+01 2.7189e+02 2.2932e+01
6.0000e+01 2.8492e+02 1.7830e+01
9.0000e+01 2.8051e+02 2.2370e+01
1.2000e+02 2.8101e+02 2.0854e+01
1.5000e+02 2.9398e+02 1.7187e+01
1.8000e+02 2.9927e+02 2.5502e+01
2.1000e+02 2.9162e+02 3.3222e+01
2.4000e+02 2.8298e+02 1.4613e+01
2.7000e+02 2.7810e+02 1.1560e+01
3.0000e+02 2.8493e+02 2.3395e+01
3.3000e+02 2.8989e+02 1.6612e+01
/newplot
/plotname contrast2=0.5
0.0000e+00 3.1933e+02 3.7697e+01
3.0000e+01 3.2694e+02 4.2273e+01
6.0000e+01 3.1620e+02 2.9638e+01
9.0000e+01 3.1834e+02 2.1377e+01
1.2000e+02 2.9155e+02 3.3509e+01
1.5000e+02 2.9513e+02 1.8795e+01
1.8000e+02 3.2595e+02 4.3067e+01
2.1000e+02 3.4792e+02 6.9963e+01
2.4000e+02 3.2514e+02 4.9924e+01
2.7000e+02 3.1583e+02 2.9115e+01
3.0000e+02 3.0774e+02 3.8691e+01
3.3000e+02 3.0032e+02 2.7539e+01
/newplot
/plotname baseline
0.000000e+00 2.792368e+02
3.300000e+02 2.792368e+02
