/newplot
/plotname contrast2=0.0
0.0000e+00 3.3518e+02 1.5926e+01
3.0000e+01 3.5212e+02 1.8226e+01
6.0000e+01 3.9239e+02 2.2833e+01
9.0000e+01 3.5338e+02 2.5192e+01
1.2000e+02 3.4915e+02 1.6722e+01
1.5000e+02 3.3317e+02 1.2186e+01
1.8000e+02 3.3786e+02 8.5486e+00
2.1000e+02 3.3332e+02 1.3778e+01
2.4000e+02 3.8033e+02 2.0782e+01
2.7000e+02 3.8641e+02 2.7652e+01
3.0000e+02 3.5237e+02 2.1525e+01
3.3000e+02 3.3020e+02 1.2859e+01
/newplot
/plotname contrast2=0.5
0.0000e+00 3.6361e+02 1.4637e+01
3.0000e+01 3.9401e+02 3.2563e+01
6.0000e+01 3.5944e+02 1.8811e+01
9.0000e+01 3.4955e+02 2.7747e+01
1.2000e+02 3.7667e+02 3.0187e+01
1.5000e+02 3.7543e+02 1.6064e+01
1.8000e+02 3.7141e+02 5.3014e+01
2.1000e+02 4.2236e+02 6.0181e+01
2.4000e+02 3.9048e+02 2.2324e+01
2.7000e+02 3.6660e+02 2.2543e+01
3.0000e+02 3.7982e+02 3.6643e+01
3.3000e+02 3.6784e+02 1.4432e+01
/newplot
/plotname baseline
0.000000e+00 3.373138e+02
3.300000e+02 3.373138e+02
