/newplot
/plotname contrast2=0.0
0.0000e+00 1.3493e+03 1.5998e+02
3.0000e+01 1.4269e+03 2.3619e+02
6.0000e+01 1.3698e+03 1.2307e+02
9.0000e+01 1.3258e+03 1.3383e+02
1.2000e+02 1.4282e+03 1.6133e+02
1.5000e+02 1.3247e+03 1.0594e+02
1.8000e+02 1.3102e+03 1.2967e+02
2.1000e+02 1.3145e+03 8.2780e+01
2.4000e+02 1.3577e+03 1.0514e+02
2.7000e+02 1.4017e+03 1.7813e+02
3.0000e+02 1.4626e+03 1.2017e+02
3.3000e+02 1.3733e+03 5.7655e+01
/newplot
/plotname contrast2=0.5
0.0000e+00 1.4260e+03 4.4797e+01
3.0000e+01 1.5467e+03 2.0534e+02
6.0000e+01 1.4735e+03 1.7874e+02
9.0000e+01 1.4605e+03 1.0323e+02
1.2000e+02 1.4351e+03 1.2546e+02
1.5000e+02 1.4864e+03 1.1973e+02
1.8000e+02 1.5226e+03 2.7345e+02
2.1000e+02 1.7872e+03 2.0478e+02
2.4000e+02 1.6084e+03 1.2792e+02
2.7000e+02 1.5437e+03 1.0773e+02
3.0000e+02 1.5522e+03 1.3832e+02
3.3000e+02 1.5576e+03 1.5356e+02
/newplot
/plotname baseline
0.000000e+00 1.351138e+03
3.300000e+02 1.351138e+03
