/newplot
/plotname contrast2=0.0
0.0000e+00 6.2429e+02 3.4741e+01
3.0000e+01 6.8270e+02 4.8983e+01
6.0000e+01 5.2914e+02 1.3826e+01
9.0000e+01 5.2930e+02 4.0644e+01
1.2000e+02 5.3212e+02 3.1787e+01
1.5000e+02 5.3832e+02 2.1875e+01
1.8000e+02 6.7812e+02 5.6904e+01
2.1000e+02 5.8860e+02 1.9184e+01
2.4000e+02 5.4233e+02 2.9372e+01
2.7000e+02 5.4800e+02 3.4093e+01
3.0000e+02 5.3374e+02 2.4772e+01
3.3000e+02 5.5082e+02 3.0929e+01
/newplot
/plotname contrast2=0.5
0.0000e+00 6.6243e+02 2.9717e+01
3.0000e+01 6.6283e+02 6.6500e+01
6.0000e+01 5.8237e+02 1.9535e+01
9.0000e+01 6.7993e+02 2.3654e+01
1.2000e+02 6.4614e+02 5.6180e+01
1.5000e+02 6.1638e+02 4.0637e+01
1.8000e+02 6.6046e+02 6.4782e+01
2.1000e+02 7.2904e+02 4.0706e+01
2.4000e+02 6.1671e+02 2.5530e+01
2.7000e+02 6.5457e+02 3.3979e+01
3.0000e+02 6.8574e+02 4.8970e+01
3.3000e+02 6.3195e+02 4.0564e+01
/newplot
/plotname baseline
0.000000e+00 5.469760e+02
3.300000e+02 5.469760e+02
