/newplot
/plotname contrast2=0.0
0.0000e+00 4.1456e+02 7.9145e+00
3.0000e+01 4.4043e+02 2.4876e+01
6.0000e+01 4.6153e+02 2.3606e+01
9.0000e+01 4.2416e+02 2.2550e+01
1.2000e+02 4.0994e+02 9.7281e+00
1.5000e+02 4.1441e+02 1.5282e+01
1.8000e+02 4.1139e+02 1.4943e+01
2.1000e+02 4.6861e+02 4.5873e+01
2.4000e+02 4.9281e+02 5.3566e+01
2.7000e+02 4.6455e+02 2.9466e+01
3.0000e+02 4.1623e+02 1.1576e+01
3.3000e+02 4.1523e+02 1.8378e+01
/newplot
/plotname contrast2=0.5
0.0000e+00 4.3100e+02 1.0971e+01
3.0000e+01 4.4031e+02 3.7354e+01
6.0000e+01 4.5756e+02 1.5324e+01
9.0000e+01 4.5165e+02 3.0119e+01
1.2000e+02 5.2254e+02 4.6589e+01
1.5000e+02 5.2376e+02 4.2363e+01
1.8000e+02 4.6707e+02 2.6316e+01
2.1000e+02 5.1101e+02 4.4540e+01
2.4000e+02 5.5328e+02 3.3589e+01
2.7000e+02 4.9703e+02 3.6316e+01
3.0000e+02 4.6699e+02 2.1876e+01
3.3000e+02 4.6443e+02 1.2447e+01
/newplot
/plotname baseline
0.000000e+00 4.098933e+02
3.300000e+02 4.098933e+02
