/newplot
/plotname contrast2=0.0
0.0000e+00 5.3016e+02 3.1278e+00
3.0000e+01 5.2378e+02 1.0514e+01
6.0000e+01 5.2915e+02 1.1923e+01
9.0000e+01 5.4241e+02 1.4826e+01
1.2000e+02 5.5554e+02 1.4551e+01
1.5000e+02 5.4811e+02 1.7314e+01
1.8000e+02 5.2803e+02 3.1829e+01
2.1000e+02 5.1990e+02 1.3497e+01
2.4000e+02 5.2991e+02 1.3242e+01
2.7000e+02 5.3834e+02 1.6045e+01
3.0000e+02 5.5454e+02 2.4930e+01
3.3000e+02 5.4533e+02 1.0641e+01
/newplot
/plotname contrast2=0.5
0.0000e+00 5.5408e+02 1.8007e+01
3.0000e+01 5.4031e+02 1.8046e+01
6.0000e+01 5.4467e+02 1.0012e+01
9.0000e+01 5.7296e+02 2.7938e+01
1.2000e+02 5.6211e+02 2.3599e+01
1.5000e+02 5.5349e+02 1.5516e+01
1.8000e+02 5.8363e+02 3.9942e+01
2.1000e+02 5.8792e+02 1.6489e+01
2.4000e+02 5.5863e+02 7.1748e+00
2.7000e+02 5.5110e+02 1.1351e+01
3.0000e+02 5.8270e+02 2.3091e+01
3.3000e+02 5.6653e+02 1.1345e+01
/newplot
/plotname baseline
0.000000e+00 5.262864e+02
3.300000e+02 5.262864e+02
