/newplot
/plotname contrast2=0.0
0.0000e+00 2.7000e+02 1.3443e+01
3.0000e+01 2.5344e+02 1.0224e+01
6.0000e+01 2.6250e+02 1.1529e+01
9.0000e+01 2.5808e+02 1.3702e+01
1.2000e+02 2.7082e+02 1.6609e+01
1.5000e+02 3.0381e+02 1.6623e+01
1.8000e+02 2.7782e+02 1.2338e+01
2.1000e+02 2.5894e+02 1.1157e+01
2.4000e+02 2.6279e+02 8.4934e+00
2.7000e+02 2.6944e+02 2.5054e+01
3.0000e+02 2.7241e+02 7.2076e+00
3.3000e+02 3.0510e+02 1.5208e+01
/newplot
/plotname contrast2=0.5
0.0000e+00 2.8228e+02 1.1698e+01
3.0000e+01 2.7614e+02 1.6951e+01
6.0000e+01 2.7064e+02 1.3885e+01
9.0000e+01 2.8807e+02 1.0512e+01
1.2000e+02 2.8314e+02 1.5427e+01
1.5000e+02 2.7524e+02 1.3156e+01
1.8000e+02 2.9414e+02 2.3323e+01
2.1000e+02 2.9307e+02 1.2679e+01
2.4000e+02 2.9779e+02 9.0340e+00
2.7000e+02 2.8610e+02 7.8571e+00
3.0000e+02 2.8468e+02 2.6362e+01
3.3000e+02 2.9645e+02 1.2977e+01
/newplot
/plotname baseline
0.000000e+00 2.561500e+02
3.300000e+02 2.561500e+02
