/newplot
/plotname contrast2=0.0
0.0000e+00 1.9082e+02 7.1375e+00
3.0000e+01 1.8350e+02 6.8927e+00
6.0000e+01 1.8073e+02 6.3774e+00
9.0000e+01 1.9497e+02 1.1279e+01
1.2000e+02 2.0467e+02 9.4886e+00
1.5000e+02 1.9553e+02 5.7366e+00
1.8000e+02 1.9343e+02 1.2369e+01
2.1000e+02 1.8659e+02 1.0687e+01
2.4000e+02 1.9169e+02 5.6568e+00
2.7000e+02 2.0165e+02 1.6968e+01
3.0000e+02 2.0362e+02 8.0787e+00
3.3000e+02 1.9444e+02 9.0578e+00
/newplot
/plotname contrast2=0.5
0.0000e+00 2.0368e+02 1.1506e+01
3.0000e+01 2.0099e+02 1.3230e+01
6.0000e+01 1.9493e+02 1.1530e+01
9.0000e+01 1.9824e+02 8.3186e+00
1.2000e+02 2.1058e+02 1.0103e+01
1.5000e+02 2.0142e+02 1.1175e+01
1.8000e+02 2.1180e+02 1.0030e+01
2.1000e+02 2.1671e+02 1.1605e+01
2.4000e+02 2.0591e+02 8.9475e+00
2.7000e+02 1.9659e+02 1.1934e+01
3.0000e+02 2.2273e+02 1.7280e+01
3.3000e+02 2.0903e+02 7.2603e+00
/newplot
/plotname baseline
0.000000e+00 1.805553e+02
3.300000e+02 1.805553e+02
