/newplot
/plotname contrast2=0.0
0.0000e+00 4.1629e+02 3.7828e+01
3.0000e+01 3.9737e+02 2.4373e+01
6.0000e+01 4.1447e+02 2.1920e+01
9.0000e+01 3.8645e+02 2.0498e+01
1.2000e+02 4.0209e+02 1.0290e+01
1.5000e+02 3.8963e+02 1.8637e+01
1.8000e+02 4.0684e+02 1.8262e+01
2.1000e+02 4.0766e+02 1.0704e+01
2.4000e+02 4.2263e+02 3.1858e+01
2.7000e+02 4.1215e+02 3.9284e+01
3.0000e+02 4.0480e+02 9.0418e+00
3.3000e+02 3.9258e+02 1.2629e+01
/newplot
/plotname contrast2=0.5
0.0000e+00 4.1242e+02 1.4369e+01
3.0000e+01 4.1720e+02 2.3492e+01
6.0000e+01 4.3078e+02 2.6466e+01
9.0000e+01 4.2214e+02 1.1394e+01
1.2000e+02 4.4414e+02 1.0714e+01
1.5000e+02 4.6590e+02 1.8743e+01
1.8000e+02 4.3496e+02 1.7478e+01
2.1000e+02 4.3866e+02 2.3493e+01
2.4000e+02 4.4590e+02 2.2839e+01
2.7000e+02 4.3087e+02 2.0612e+01
3.0000e+02 4.4279e+02 2.6061e+01
3.3000e+02 4.5811e+02 1.5847e+01
/newplot
/plotname baseline
0.000000e+00 3.830872e+02
3.300000e+02 3.830872e+02
