/newplot
/plotname contrast2=0.0
0.0000e+00 4.3169e+02 3.1417e+01
3.0000e+01 4.0109e+02 9.8242e+00
6.0000e+01 3.9481e+02 1.0404e+01
9.0000e+01 3.8732e+02 6.5641e+00
1.2000e+02 3.9085e+02 1.0551e+01
1.5000e+02 4.1742e+02 7.6745e+00
1.8000e+02 4.1131e+02 1.3662e+01
2.1000e+02 4.0068e+02 1.6369e+01
2.4000e+02 4.0095e+02 3.8501e+00
2.7000e+02 4.0659e+02 2.3308e+01
3.0000e+02 3.8677e+02 1.0329e+01
3.3000e+02 4.0843e+02 2.1431e+01
/newplot
/plotname contrast2=0.5
0.0000e+00 6.0570e+02 9.9593e+01
3.0000e+01 4.3484e+02 3.9126e+01
6.0000e+01 4.3087e+02 1.7339e+01
9.0000e+01 5.0495e+02 7.3415e+01
1.2000e+02 4.2556e+02 3.7326e+01
1.5000e+02 4.1494e+02 2.3676e+01
1.8000e+02 5.4587e+02 9.7728e+01
2.1000e+02 4.6706e+02 4.2576e+01
2.4000e+02 5.7528e+02 7.1987e+01
2.7000e+02 6.9875e+02 1.1592e+02
3.0000e+02 4.3833e+02 3.3197e+01
3.3000e+02 5.0593e+02 7.4722e+01
/newplot
/plotname baseline
0.000000e+00 3.992655e+02
3.300000e+02 3.992655e+02
