/newplot
/plotname contrast2=0.0
0.0000e+00 3.5011e+02 1.4166e+01
3.0000e+01 3.3730e+02 9.0367e+00
6.0000e+01 3.2035e+02 1.8636e+01
9.0000e+01 3.2064e+02 1.4622e+01
1.2000e+02 3.3929e+02 1.1776e+01
1.5000e+02 3.3711e+02 1.7862e+01
1.8000e+02 3.4029e+02 1.7088e+01
2.1000e+02 3.3456e+02 2.1196e+01
2.4000e+02 3.3645e+02 1.3346e+01
2.7000e+02 3.4375e+02 2.9395e+01
3.0000e+02 3.2374e+02 2.4954e+01
3.3000e+02 3.3758e+02 1.5027e+01
/newplot
/plotname contrast2=0.5
0.0000e+00 3.3805e+02 1.1555e+01
3.0000e+01 3.4501e+02 1.3431e+01
6.0000e+01 3.4256e+02 1.8681e+01
9.0000e+01 3.4806e+02 9.0303e+00
1.2000e+02 3.5718e+02 1.8215e+01
1.5000e+02 3.5278e+02 2.2983e+01
1.8000e+02 3.5541e+02 1.8746e+01
2.1000e+02 3.4406e+02 2.1678e+01
2.4000e+02 3.5171e+02 1.3470e+01
2.7000e+02 3.5507e+02 1.0059e+01
3.0000e+02 3.6033e+02 1.5062e+01
3.3000e+02 3.5564e+02 1.9451e+01
/newplot
/plotname baseline
0.000000e+00 3.205848e+02
3.300000e+02 3.205848e+02
