/newplot
/plotname contrast2=0.0
0.0000e+00 6.1388e+02 3.7067e+01
3.0000e+01 6.2026e+02 9.7863e+00
6.0000e+01 1.0985e+03 1.5798e+02
9.0000e+01 6.1116e+02 2.0934e+01
1.2000e+02 6.2647e+02 6.2585e+01
1.5000e+02 7.6149e+02 1.7093e+02
1.8000e+02 6.1942e+02 5.1495e+01
2.1000e+02 6.4237e+02 1.6058e+01
2.4000e+02 1.5310e+03 4.9011e+02
2.7000e+02 6.5328e+02 2.8501e+01
3.0000e+02 6.3868e+02 6.4559e+01
3.3000e+02 5.9515e+02 2.5822e+01
/newplot
/plotname contrast2=0.5
0.0000e+00 6.8578e+02 7.7409e+01
3.0000e+01 6.2050e+02 3.0761e+01
6.0000e+01 7.0184e+02 1.4658e+02
9.0000e+01 9.9063e+02 2.4601e+02
1.2000e+02 7.9758e+02 3.4409e+02
1.5000e+02 1.0017e+03 1.5218e+02
1.8000e+02 7.0458e+02 1.3703e+02
2.1000e+02 6.8103e+02 2.9835e+01
2.4000e+02 1.2644e+03 2.7104e+02
2.7000e+02 7.1412e+02 6.6612e+01
3.0000e+02 6.3447e+02 2.2202e+01
3.3000e+02 6.5737e+02 1.9235e+01
/newplot
/plotname baseline
0.000000e+00 6.652836e+02
3.300000e+02 6.652836e+02
