/newplot
/plotname contrast2=0.0
0.0000e+00 7.3787e+02 1.2893e+02
3.0000e+01 8.0002e+02 9.1442e+01
6.0000e+01 6.8882e+02 7.3406e+01
9.0000e+01 6.5502e+02 6.4117e+01
1.2000e+02 6.6182e+02 4.3930e+01
1.5000e+02 6.8003e+02 6.9531e+01
1.8000e+02 7.6574e+02 1.1606e+02
2.1000e+02 7.3389e+02 8.0535e+01
2.4000e+02 6.9471e+02 8.0992e+01
2.7000e+02 6.7437e+02 8.9643e+01
3.0000e+02 7.2325e+02 8.6274e+01
3.3000e+02 6.7650e+02 6.3221e+01
/newplot
/plotname contrast2=0.5
0.0000e+00 7.8198e+02 6.9050e+01
3.0000e+01 7.8832e+02 1.0323e+02
6.0000e+01 7.4571e+02 1.0062e+02
9.0000e+01 8.3396e+02 2.8788e+01
1.2000e+02 8.3735e+02 1.1118e+02
1.5000e+02 8.4666e+02 1.4631e+02
1.8000e+02 7.6403e+02 1.1922e+02
2.1000e+02 8.8954e+02 1.0536e+02
2.4000e+02 7.9229e+02 9.8076e+01
2.7000e+02 7.6510e+02 7.9873e+01
3.0000e+02 7.8800e+02 1.0254e+02
3.3000e+02 8.2439e+02 9.3543e+01
/newplot
/plotname baseline
0.000000e+00 6.771696e+02
3.300000e+02 6.771696e+02
