/newplot
/plotname contrast2=0.0
0.0000e+00 6.6962e+02 1.8650e+01
3.0000e+01 6.4532e+02 2.5820e+01
6.0000e+01 6.1855e+02 1.9320e+01
9.0000e+01 5.8992e+02 1.7598e+01
1.2000e+02 6.0846e+02 8.2454e+00
1.5000e+02 6.4173e+02 1.3141e+01
1.8000e+02 7.1747e+02 3.6868e+01
2.1000e+02 6.3146e+02 2.1837e+01
2.4000e+02 6.1959e+02 2.5088e+01
2.7000e+02 6.0770e+02 1.7854e+01
3.0000e+02 6.0200e+02 2.6657e+01
3.3000e+02 6.3246e+02 1.2997e+01
/newplot
/plotname contrast2=0.5
0.0000e+00 6.7481e+02 2.8308e+01
3.0000e+01 6.5187e+02 5.2959e+01
6.0000e+01 6.1447e+02 1.7101e+01
9.0000e+01 7.0930e+02 4.7398e+01
1.2000e+02 6.6500e+02 2.9817e+01
1.5000e+02 6.2435e+02 1.5194e+01
1.8000e+02 7.0434e+02 2.7153e+01
2.1000e+02 7.0509e+02 3.4371e+01
2.4000e+02 6.4568e+02 1.5307e+01
2.7000e+02 6.7575e+02 3.3418e+01
3.0000e+02 6.4655e+02 2.9096e+01
3.3000e+02 6.4133e+02 1.9629e+01
/newplot
/plotname baseline
0.000000e+00 6.071757e+02
3.300000e+02 6.071757e+02
