/newplot
/plotname contrast2=0.0
0.0000e+00 3.8513e+02 1.8297e+01
3.0000e+01 3.7385e+02 2.2799e+01
6.0000e+01 4.0736e+02 2.4677e+01
9.0000e+01 3.6945e+02 2.2987e+01
1.2000e+02 3.9020e+02 2.1299e+01
1.5000e+02 4.0474e+02 2.9519e+01
1.8000e+02 4.0254e+02 2.9292e+01
2.1000e+02 3.8323e+02 5.3119e+01
2.4000e+02 4.0768e+02 4.3627e+01
2.7000e+02 3.7700e+02 3.6132e+01
3.0000e+02 3.6485e+02 2.4238e+01
3.3000e+02 3.9124e+02 2.9396e+01
/newplot
/plotname contrast2=0.5
0.0000e+00 3.8309e+02 3.1105e+01
3.0000e+01 3.6604e+02 3.2474e+01
6.0000e+01 3.8006e+02 4.1529e+01
9.0000e+01 4.4600e+02 7.3197e+01
1.2000e+02 3.9436e+02 2.2993e+01
1.5000e+02 3.7463e+02 1.5155e+01
1.8000e+02 3.9264e+02 2.0251e+01
2.1000e+02 3.8440e+02 1.3288e+01
2.4000e+02 4.0136e+02 1.4977e+01
2.7000e+02 3.9124e+02 2.3535e+01
3.0000e+02 3.8784e+02 2.2606e+01
3.3000e+02 4.0157e+02 1.4665e+01
/newplot
/plotname baseline
0.000000e+00 3.465913e+02
3.300000e+02 3.465913e+02
