/newplot
/plotname contrast2=0.0
0.0000e+00 3.5712e+02 8.5517e+00
3.0000e+01 3.3275e+02 1.0668e+01
6.0000e+01 3.4697e+02 1.6692e+01
9.0000e+01 3.2904e+02 6.1140e+00
1.2000e+02 3.3958e+02 9.7000e+00
1.5000e+02 3.5035e+02 1.4539e+01
1.8000e+02 3.5617e+02 1.1645e+01
2.1000e+02 3.3445e+02 1.9543e+01
2.4000e+02 3.4323e+02 1.5824e+01
2.7000e+02 3.5095e+02 2.0703e+01
3.0000e+02 3.2958e+02 8.0399e+00
3.3000e+02 3.4779e+02 1.1206e+01
/newplot
/plotname contrast2=0.5
0.0000e+00 3.5056e+02 1.1371e+01
3.0000e+01 3.5202e+02 1.9143e+01
6.0000e+01 3.6236e+02 2.0588e+01
9.0000e+01 3.6841e+02 1.8393e+01
1.2000e+02 3.6621e+02 2.0837e+01
1.5000e+02 3.5866e+02 9.6036e+00
1.8000e+02 3.5927e+02 1.8936e+01
2.1000e+02 3.6284e+02 7.5851e+00
2.4000e+02 3.6961e+02 1.7142e+01
2.7000e+02 3.6345e+02 1.3759e+01
3.0000e+02 3.6774e+02 2.3685e+01
3.3000e+02 3.7149e+02 1.2904e+01
/newplot
/plotname baseline
0.000000e+00 3.282113e+02
3.300000e+02 3.282113e+02
