/newplot
/plotname contrast2=0.0
0.0000e+00 3.4019e+02 8.4809e+00
3.0000e+01 3.4485e+02 8.4774e+00
6.0000e+01 3.4880e+02 1.0146e+01
9.0000e+01 3.5082e+02 1.7189e+01
1.2000e+02 4.1797e+02 1.2149e+01
1.5000e+02 4.0443e+02 2.9097e+01
1.8000e+02 3.4365e+02 1.2941e+01
2.1000e+02 3.4146e+02 9.9216e+00
2.4000e+02 3.4938e+02 2.1793e+01
2.7000e+02 3.5573e+02 2.8879e+01
3.0000e+02 3.8748e+02 2.3445e+01
3.3000e+02 3.9778e+02 1.8059e+01
/newplot
/plotname contrast2=0.5
0.0000e+00 3.7572e+02 1.8564e+01
3.0000e+01 3.8020e+02 4.3124e+01
6.0000e+01 3.8940e+02 2.9023e+01
9.0000e+01 3.8845e+02 2.3185e+01
1.2000e+02 3.9500e+02 3.4686e+01
1.5000e+02 3.8170e+02 1.2783e+01
1.8000e+02 4.0979e+02 4.5902e+01
2.1000e+02 4.2548e+02 2.9348e+01
2.4000e+02 4.3274e+02 1.9280e+01
2.7000e+02 3.8625e+02 1.9939e+01
3.0000e+02 4.2203e+02 4.4238e+01
3.3000e+02 4.0156e+02 1.5201e+01
/newplot
/plotname baseline
0.000000e+00 3.394752e+02
3.300000e+02 3.394752e+02
