/newplot
/plotname contrast2=0.0
0.0000e+00 3.8950e+02 1.4856e+01
3.0000e+01 3.5446e+02 8.4701e+00
6.0000e+01 3.5026e+02 2.2195e+00
9.0000e+01 3.4822e+02 1.6051e+01
1.2000e+02 3.5147e+02 1.0706e+01
1.5000e+02 4.1347e+02 2.5629e+01
1.8000e+02 4.1656e+02 1.7814e+01
2.1000e+02 3.5005e+02 1.4688e+01
2.4000e+02 3.6291e+02 1.5949e+01
2.7000e+02 3.5428e+02 1.4196e+01
3.0000e+02 3.5198e+02 1.9060e+01
3.3000e+02 3.8740e+02 2.0280e+01
/newplot
/plotname contrast2=0.5
0.0000e+00 3.7709e+02 1.1347e+01
3.0000e+01 3.7107e+02 3.1356e+01
6.0000e+01 3.9321e+02 2.1727e+01
9.0000e+01 4.0143e+02 2.4145e+01
1.2000e+02 3.8535e+02 2.0826e+01
1.5000e+02 3.7214e+02 9.6262e+00
1.8000e+02 3.8795e+02 1.3949e+01
2.1000e+02 3.9356e+02 1.9230e+01
2.4000e+02 3.9267e+02 1.3463e+01
2.7000e+02 3.8985e+02 6.7742e+00
3.0000e+02 3.8761e+02 2.5725e+01
3.3000e+02 3.9555e+02 1.5762e+01
/newplot
/plotname baseline
0.000000e+00 3.458063e+02
3.300000e+02 3.458063e+02
