/newplot
/plotname contrast2=0.0
0.0000e+00 3.8810e+02 1.6134e+01
3.0000e+01 4.2350e+02 4.2480e+01
6.0000e+01 4.2110e+02 2.2915e+01
9.0000e+01 4.2079e+02 6.7990e+01
1.2000e+02 3.9605e+02 2.8455e+01
1.5000e+02 3.8742e+02 1.9577e+01
1.8000e+02 3.8967e+02 1.0924e+01
2.1000e+02 3.7854e+02 2.4406e+01
2.4000e+02 4.4078e+02 5.7512e+01
2.7000e+02 4.2560e+02 7.7841e+01
3.0000e+02 3.8902e+02 4.2255e+01
3.3000e+02 3.8437e+02 1.5026e+01
/newplot
/plotname contrast2=0.5
0.0000e+00 3.8541e+02 2.0079e+01
3.0000e+01 3.7500e+02 2.0966e+01
6.0000e+01 3.8951e+02 2.6210e+01
9.0000e+01 4.4180e+02 4.3848e+01
1.2000e+02 4.4585e+02 8.5262e+01
1.5000e+02 4.0303e+02 5.0420e+01
1.8000e+02 4.1004e+02 2.2858e+01
2.1000e+02 3.9341e+02 1.0091e+01
2.4000e+02 4.1992e+02 2.9333e+01
2.7000e+02 3.9807e+02 1.3223e+01
3.0000e+02 4.5501e+02 7.0322e+01
3.3000e+02 4.0823e+02 1.8750e+01
/newplot
/plotname baseline
0.000000e+00 3.671167e+02
3.300000e+02 3.671167e+02
