/newplot
/plotname contrast2=0.0
0.0000e+00 4.9087e+02 1.1068e+01
3.0000e+01 5.2122e+02 2.6444e+01
6.0000e+01 5.7987e+02 4.4984e+01
9.0000e+01 5.3108e+02 2.9134e+01
1.2000e+02 5.1940e+02 1.1400e+01
1.5000e+02 5.0536e+02 8.9906e+00
1.8000e+02 5.0407e+02 1.4497e+01
2.1000e+02 5.1560e+02 1.8850e+01
2.4000e+02 6.0781e+02 6.8797e+01
2.7000e+02 5.9467e+02 4.8386e+01
3.0000e+02 5.1413e+02 1.3480e+01
3.3000e+02 4.9197e+02 7.5188e+00
/newplot
/plotname contrast2=0.5
0.0000e+00 5.3788e+02 1.8248e+01
3.0000e+01 5.2787e+02 4.1665e+01
6.0000e+01 5.3454e+02 3.1217e+01
9.0000e+01 5.7746e+02 5.4343e+01
1.2000e+02 5.7385e+02 4.9190e+01
1.5000e+02 5.7759e+02 3.8521e+01
1.8000e+02 5.8276e+02 4.0717e+01
2.1000e+02 6.0536e+02 4.2624e+01
2.4000e+02 6.3410e+02 3.1181e+01
2.7000e+02 5.7906e+02 3.1767e+01
3.0000e+02 5.7543e+02 3.1964e+01
3.3000e+02 5.5917e+02 3.1940e+01
/newplot
/plotname baseline
0.000000e+00 4.968428e+02
3.300000e+02 4.968428e+02
