/newplot
/plotname contrast2=0.0
0.0000e+00 3.9266e+02 5.8383e+00
3.0000e+01 4.1490e+02 1.4685e+01
6.0000e+01 3.8821e+02 1.3415e+01
9.0000e+01 3.7786e+02 8.4443e+00
1.2000e+02 3.7813e+02 1.9737e+01
1.5000e+02 3.9447e+02 1.3214e+01
1.8000e+02 3.9903e+02 1.5947e+01
2.1000e+02 4.0030e+02 1.8169e+01
2.4000e+02 3.9636e+02 1.4889e+01
2.7000e+02 3.8903e+02 1.7541e+01
3.0000e+02 3.7648e+02 1.0770e+01
3.3000e+02 3.8486e+02 1.4154e+01
/newplot
/plotname contrast2=0.5
0.0000e+00 4.0538e+02 1.1262e+01
3.0000e+01 4.1603e+02 3.7908e+01
6.0000e+01 4.0461e+02 8.4562e+00
9.0000e+01 4.1433e+02 1.4600e+01
1.2000e+02 4.1273e+02 1.2428e+01
1.5000e+02 3.9996e+02 1.4828e+01
1.8000e+02 3.9642e+02 1.2447e+01
2.1000e+02 4.5454e+02 2.5741e+01
2.4000e+02 4.1777e+02 1.4850e+01
2.7000e+02 4.0920e+02 1.0222e+01
3.0000e+02 4.1321e+02 1.7683e+01
3.3000e+02 4.0100e+02 8.0961e+00
/newplot
/plotname baseline
0.000000e+00 3.759926e+02
3.300000e+02 3.759926e+02
