/newplot
/plotname contrast2=0.0
0.0000e+00 4.0740e+02 2.4025e+01
3.0000e+01 4.0590e+02 1.0368e+01
6.0000e+01 3.9078e+02 1.2959e+01
9.0000e+01 4.0804e+02 1.5865e+01
1.2000e+02 4.0881e+02 1.1720e+01
1.5000e+02 4.0824e+02 1.9882e+01
1.8000e+02 4.3212e+02 3.2166e+01
2.1000e+02 4.0988e+02 9.2674e+00
2.4000e+02 3.9992e+02 1.8264e+01
2.7000e+02 4.0508e+02 1.5438e+01
3.0000e+02 4.0335e+02 1.5249e+01
3.3000e+02 4.0784e+02 1.5969e+01
/newplot
/plotname contrast2=0.5
0.0000e+00 3.9991e+02 1.7143e+01
3.0000e+01 4.0896e+02 1.3363e+01
6.0000e+01 4.1040e+02 1.9313e+01
9.0000e+01 4.2610e+02 2.9026e+01
1.2000e+02 4.1496e+02 2.9655e+01
1.5000e+02 4.0192e+02 2.0575e+01
1.8000e+02 4.1707e+02 1.7510e+01
2.1000e+02 4.2182e+02 2.1815e+01
2.4000e+02 4.0019e+02 9.0008e+00
2.7000e+02 4.1780e+02 6.6940e+00
3.0000e+02 4.2531e+02 1.9528e+01
3.3000e+02 4.1118e+02 1.2381e+01
/newplot
/plotname baseline
0.000000e+00 3.999326e+02
3.300000e+02 3.999326e+02
