/newplot
/plotname contrast2=0.0
0.0000e+00 3.9736e+02 2.9956e+01
3.0000e+01 3.7673e+02 7.3793e+00
6.0000e+01 3.9406e+02 1.6395e+01
9.0000e+01 4.1722e+02 8.5052e+01
1.2000e+02 3.9365e+02 1.3441e+01
1.5000e+02 3.9237e+02 1.4627e+01
1.8000e+02 3.8942e+02 1.4850e+01
2.1000e+02 3.9544e+02 7.6885e+00
2.4000e+02 3.9607e+02 4.2413e+01
2.7000e+02 4.0776e+02 3.1836e+01
3.0000e+02 4.6556e+02 5.2404e+01
3.3000e+02 3.8295e+02 1.7373e+01
/newplot
/plotname contrast2=0.5
0.0000e+00 3.9258e+02 1.8104e+01
3.0000e+01 4.0234e+02 1.4336e+01
6.0000e+01 3.9906e+02 1.0435e+01
9.0000e+01 4.1030e+02 4.2383e+01
1.2000e+02 4.0923e+02 7.3205e+00
1.5000e+02 4.3080e+02 5.8156e+01
1.8000e+02 4.0834e+02 8.9790e+00
2.1000e+02 4.0008e+02 1.3376e+01
2.4000e+02 3.9613e+02 1.7214e+01
2.7000e+02 4.1660e+02 2.2184e+01
3.0000e+02 4.1994e+02 3.2274e+01
3.3000e+02 4.2619e+02 2.2296e+01
/newplot
/plotname baseline
0.000000e+00 3.798749e+02
3.300000e+02 3.798749e+02
