/newplot
/plotname contrast2=0.0
0.0000e+00 4.2770e+02 2.0831e+01
3.0000e+01 3.8185e+02 1.4901e+01
6.0000e+01 3.7688e+02 1.9106e+01
9.0000e+01 3.7062e+02 7.1065e+00
1.2000e+02 4.0047e+02 1.6260e+01
1.5000e+02 4.5388e+02 3.6430e+01
1.8000e+02 4.2787e+02 1.5431e+01
2.1000e+02 3.9718e+02 1.5660e+01
2.4000e+02 3.9225e+02 1.0698e+01
2.7000e+02 3.8473e+02 3.7931e+01
3.0000e+02 3.7999e+02 1.5237e+01
3.3000e+02 4.4377e+02 3.8730e+01
/newplot
/plotname contrast2=0.5
0.0000e+00 4.0269e+02 8.1321e+00
3.0000e+01 4.2506e+02 4.5254e+01
6.0000e+01 4.3674e+02 3.1831e+01
9.0000e+01 4.3844e+02 2.3101e+01
1.2000e+02 4.2544e+02 2.7610e+01
1.5000e+02 4.1246e+02 9.8210e+00
1.8000e+02 4.1657e+02 2.1359e+01
2.1000e+02 4.4332e+02 2.2739e+01
2.4000e+02 4.3266e+02 2.2350e+01
2.7000e+02 4.2599e+02 2.5211e+01
3.0000e+02 4.2565e+02 3.1827e+01
3.3000e+02 4.4593e+02 2.0008e+01
/newplot
/plotname baseline
0.000000e+00 3.769338e+02
3.300000e+02 3.769338e+02
