/newplot
/plotname contrast2=0.0
0.0000e+00 3.9994e+02 8.9473e+00
3.0000e+01 3.8801e+02 1.1405e+01
6.0000e+01 3.7207e+02 8.0994e+00
9.0000e+01 3.7539e+02 7.5698e+00
1.2000e+02 3.8224e+02 8.4766e+00
1.5000e+02 3.9602e+02 7.2564e+00
1.8000e+02 3.8792e+02 1.5666e+01
2.1000e+02 3.8082e+02 1.0982e+01
2.4000e+02 3.7509e+02 1.3749e+01
2.7000e+02 3.8369e+02 1.0326e+01
3.0000e+02 3.8392e+02 7.5957e+00
3.3000e+02 3.9849e+02 1.6951e+01
/newplot
/plotname contrast2=0.5
0.0000e+00 3.9803e+02 1.2103e+01
3.0000e+01 3.9097e+02 1.4964e+01
6.0000e+01 3.8699e+02 4.8817e+00
9.0000e+01 4.1011e+02 1.6360e+01
1.2000e+02 4.0690e+02 1.6883e+01
1.5000e+02 4.1490e+02 1.7760e+01
1.8000e+02 3.9997e+02 1.3632e+01
2.1000e+02 4.1132e+02 8.9644e+00
2.4000e+02 4.1305e+02 6.0643e+00
2.7000e+02 4.0350e+02 7.6526e+00
3.0000e+02 4.2596e+02 2.1495e+01
3.3000e+02 4.2109e+02 1.9893e+01
/newplot
/plotname baseline
0.000000e+00 3.726135e+02
3.300000e+02 3.726135e+02
