/newplot
/plotname contrast2=0.0
0.0000e+00 4.2892e+02 2.2447e+01
3.0000e+01 4.4318e+02 1.0841e+01
6.0000e+01 4.4596e+02 3.2058e+01
9.0000e+01 4.3175e+02 1.4570e+01
1.2000e+02 4.4010e+02 2.7540e+01
1.5000e+02 4.5103e+02 3.0640e+01
1.8000e+02 4.3997e+02 2.0529e+01
2.1000e+02 4.3443e+02 2.5837e+01
2.4000e+02 4.3632e+02 1.1696e+01
2.7000e+02 4.5073e+02 2.8709e+01
3.0000e+02 4.4681e+02 2.3221e+01
3.3000e+02 4.4288e+02 2.3207e+01
/newplot
/plotname contrast2=0.5
0.0000e+00 4.5123e+02 1.8236e+01
3.0000e+01 4.3763e+02 1.2624e+01
6.0000e+01 4.4589e+02 1.3917e+01
9.0000e+01 4.7828e+02 3.6302e+01
1.2000e+02 4.5089e+02 2.6294e+01
1.5000e+02 4.4209e+02 2.0102e+01
1.8000e+02 4.6507e+02 3.1839e+01
2.1000e+02 4.7257e+02 9.9974e+00
2.4000e+02 4.5426e+02 6.8935e+00
2.7000e+02 4.4912e+02 1.7874e+01
3.0000e+02 4.6023e+02 2.9412e+01
3.3000e+02 4.3909e+02 1.4902e+01
/newplot
/plotname baseline
0.000000e+00 4.365283e+02
3.300000e+02 4.365283e+02
