/newplot
/plotname contrast2=0.0
0.0000e+00 5.4553e+02 1.4497e+01
3.0000e+01 5.2965e+02 8.0692e+00
6.0000e+01 5.2343e+02 1.6346e+01
9.0000e+01 5.2334e+02 1.4889e+01
1.2000e+02 5.3877e+02 7.8787e+00
1.5000e+02 5.5946e+02 1.5203e+01
1.8000e+02 5.5738e+02 1.9606e+01
2.1000e+02 5.3244e+02 1.7712e+01
2.4000e+02 5.4147e+02 1.4238e+01
2.7000e+02 5.4250e+02 1.6319e+01
3.0000e+02 5.3028e+02 1.8391e+01
3.3000e+02 5.5954e+02 1.7776e+01
/newplot
/plotname contrast2=0.5
0.0000e+00 5.5055e+02 1.1584e+01
3.0000e+01 5.4946e+02 2.4041e+01
6.0000e+01 5.5202e+02 1.7047e+01
9.0000e+01 5.5641e+02 1.4955e+01
1.2000e+02 5.7325e+02 2.0344e+01
1.5000e+02 5.6285e+02 2.1330e+01
1.8000e+02 5.5878e+02 1.8127e+01
2.1000e+02 5.6159e+02 2.2391e+01
2.4000e+02 5.6391e+02 1.5240e+01
2.7000e+02 5.6547e+02 1.7020e+01
3.0000e+02 5.7564e+02 2.1905e+01
3.3000e+02 5.7283e+02 7.9074e+00
/newplot
/plotname baseline
0.000000e+00 5.292576e+02
3.300000e+02 5.292576e+02
