/newplot
/plotname contrast2=0.0
0.0000e+00 2.9162e+02 2.4145e+01
3.0000e+01 2.5796e+02 1.8851e+01
6.0000e+01 2.5682e+02 2.0244e+01
9.0000e+01 2.4969e+02 1.1828e+01
1.2000e+02 2.6793e+02 1.5869e+01
1.5000e+02 2.7846e+02 1.8837e+01
1.8000e+02 2.8252e+02 2.0177e+01
2.1000e+02 2.5663e+02 2.4940e+01
2.4000e+02 2.5873e+02 2.2978e+01
2.7000e+02 2.6318e+02 2.5950e+01
3.0000e+02 2.6943e+02 2.0416e+01
3.3000e+02 2.7692e+02 2.4644e+01
/newplot
/plotname contrast2=0.5
0.0000e+00 2.7922e+02 2.0419e+01
3.0000e+01 2.8431e+02 3.3787e+01
6.0000e+01 2.8372e+02 1.2733e+01
9.0000e+01 2.7558e+02 2.0736e+01
1.2000e+02 3.0789e+02 2.5820e+01
1.5000e+02 2.7871e+02 1.9024e+01
1.8000e+02 2.8763e+02 2.8324e+01
2.1000e+02 2.9504e+02 1.4970e+01
2.4000e+02 3.0060e+02 1.7569e+01
2.7000e+02 2.8528e+02 2.1715e+01
3.0000e+02 3.1170e+02 1.9613e+01
3.3000e+02 3.0394e+02 2.4294e+01
/newplot
/plotname baseline
0.000000e+00 2.521720e+02
3.300000e+02 2.521720e+02
