/newplot
/plotname contrast2=0.0
0.0000e+00 2.6480e+02 1.5524e+01
3.0000e+01 2.6969e+02 1.2611e+01
6.0000e+01 2.5256e+02 1.0062e+01
9.0000e+01 2.6190e+02 1.3343e+01
1.2000e+02 2.7939e+02 1.0916e+01
1.5000e+02 2.7668e+02 1.1753e+01
1.8000e+02 2.6132e+02 1.9360e+01
2.1000e+02 2.4873e+02 9.5117e+00
2.4000e+02 2.7295e+02 8.3133e+00
2.7000e+02 2.7764e+02 2.2983e+01
3.0000e+02 2.7129e+02 9.3566e+00
3.3000e+02 2.7183e+02 7.2488e+00
/newplot
/plotname contrast2=0.5
0.0000e+00 2.7549e+02 1.6140e+01
3.0000e+01 2.8228e+02 9.4162e+00
6.0000e+01 2.7272e+02 6.8196e+00
9.0000e+01 2.8243e+02 1.4357e+01
1.2000e+02 2.9535e+02 9.5758e+00
1.5000e+02 2.8153e+02 1.1812e+01
1.8000e+02 2.8442e+02 1.6224e+01
2.1000e+02 2.8742e+02 8.2045e+00
2.4000e+02 2.8498e+02 1.8977e+01
2.7000e+02 2.7296e+02 7.7570e+00
3.0000e+02 3.2400e+02 2.0628e+01
3.3000e+02 2.8840e+02 1.3472e+01
/newplot
/plotname baseline
0.000000e+00 2.491769e+02
3.300000e+02 2.491769e+02
