/newplot
/plotname contrast2=0.0
0.0000e+00 3.6117e+02 2.1644e+01
3.0000e+01 3.5590e+02 2.7509e+01
6.0000e+01 3.3956e+02 1.9782e+01
9.0000e+01 3.3955e+02 1.9754e+01
1.2000e+02 3.6651e+02 1.9546e+01
1.5000e+02 3.4359e+02 1.7056e+01
1.8000e+02 3.6209e+02 2.3977e+01
2.1000e+02 3.3697e+02 2.3977e+01
2.4000e+02 3.5185e+02 2.9265e+01
2.7000e+02 3.5585e+02 7.9886e+00
3.0000e+02 3.4814e+02 1.9512e+01
3.3000e+02 3.5372e+02 2.8298e+01
/newplot
/plotname contrast2=0.5
0.0000e+00 3.7025e+02 9.9378e+00
3.0000e+01 3.5337e+02 3.1158e+01
6.0000e+01 3.5991e+02 1.7565e+01
9.0000e+01 3.7912e+02 4.1069e+01
1.2000e+02 3.6999e+02 2.0085e+01
1.5000e+02 3.4866e+02 1.4721e+01
1.8000e+02 3.8935e+02 3.5029e+01
2.1000e+02 3.7557e+02 7.8721e+00
2.4000e+02 3.9379e+02 2.6222e+01
2.7000e+02 3.7503e+02 2.7521e+01
3.0000e+02 3.7582e+02 2.5896e+01
3.3000e+02 3.5488e+02 1.8935e+01
/newplot
/plotname baseline
0.000000e+00 3.436474e+02
3.300000e+02 3.436474e+02
