/newplot
/plotname contrast2=0.0
0.0000e+00 2.8058e+02 1.1178e+01
3.0000e+01 2.6380e+02 9.8585e+00
6.0000e+01 2.5397e+02 1.2133e+01
9.0000e+01 2.6656e+02 1.2316e+01
1.2000e+02 2.6969e+02 1.2510e+01
1.5000e+02 2.8671e+02 1.3229e+01
1.8000e+02 2.7956e+02 1.8674e+01
2.1000e+02 2.6102e+02 7.9435e+00
2.4000e+02 2.6259e+02 1.1144e+01
2.7000e+02 2.6859e+02 1.7219e+01
3.0000e+02 2.6595e+02 9.8243e+00
3.3000e+02 2.8461e+02 9.5362e+00
/newplot
/plotname contrast2=0.5
0.0000e+00 2.9014e+02 1.2095e+01
3.0000e+01 2.7897e+02 1.8358e+01
6.0000e+01 2.7725e+02 1.1015e+01
9.0000e+01 2.9286e+02 1.2800e+01
1.2000e+02 2.9050e+02 1.6957e+01
1.5000e+02 3.0316e+02 1.0889e+01
1.8000e+02 2.8520e+02 1.9468e+01
2.1000e+02 2.9912e+02 1.4988e+01
2.4000e+02 2.9687e+02 5.6254e+00
2.7000e+02 2.8660e+02 1.7134e+01
3.0000e+02 3.1749e+02 1.7490e+01
3.3000e+02 3.3873e+02 1.5470e+01
/newplot
/plotname baseline
0.000000e+00 2.570133e+02
3.300000e+02 2.570133e+02
