/newplot
/plotname contrast2=0.0
0.0000e+00 4.2852e+02 7.4521e+00
3.0000e+01 4.4431e+02 1.4630e+01
6.0000e+01 4.8735e+02 2.0455e+01
9.0000e+01 4.3928e+02 1.0600e+01
1.2000e+02 4.3702e+02 1.3673e+01
1.5000e+02 4.3285e+02 1.8880e+01
1.8000e+02 4.4310e+02 8.0808e+00
2.1000e+02 4.3719e+02 8.0779e+00
2.4000e+02 5.1962e+02 5.6735e+01
2.7000e+02 4.6702e+02 3.3128e+01
3.0000e+02 4.3234e+02 1.8956e+01
3.3000e+02 4.3376e+02 9.2290e+00
/newplot
/plotname contrast2=0.5
0.0000e+00 4.4156e+02 1.7050e+01
3.0000e+01 4.5450e+02 3.6841e+01
6.0000e+01 4.7125e+02 3.2320e+01
9.0000e+01 4.8506e+02 3.1744e+01
1.2000e+02 4.7841e+02 3.2054e+01
1.5000e+02 4.7962e+02 1.4449e+01
1.8000e+02 4.5654e+02 3.1954e+01
2.1000e+02 5.0169e+02 3.7180e+01
2.4000e+02 5.2800e+02 1.6314e+01
2.7000e+02 4.8688e+02 1.7669e+01
3.0000e+02 4.7703e+02 2.5981e+01
3.3000e+02 4.6709e+02 2.0157e+01
/newplot
/plotname baseline
0.000000e+00 4.228661e+02
3.300000e+02 4.228661e+02
