/newplot
/plotname contrast2=0.0
0.0000e+00 3.4746e+02 9.6177e+00
3.0000e+01 3.4011e+02 1.3132e+01
6.0000e+01 3.3335e+02 8.1626e+00
9.0000e+01 3.3560e+02 5.9476e+00
1.2000e+02 3.4014e+02 1.7177e+01
1.5000e+02 3.8602e+02 2.2652e+01
1.8000e+02 3.4822e+02 1.5235e+01
2.1000e+02 3.3183e+02 6.8871e+00
2.4000e+02 3.3536e+02 5.7440e+00
2.7000e+02 3.4403e+02 1.1389e+01
3.0000e+02 3.4230e+02 1.4943e+01
3.3000e+02 3.8022e+02 2.3104e+01
/newplot
/plotname contrast2=0.5
0.0000e+00 3.5643e+02 1.1837e+01
3.0000e+01 3.5707e+02 3.3359e+01
6.0000e+01 3.7619e+02 2.0158e+01
9.0000e+01 3.7410e+02 1.4729e+01
1.2000e+02 3.6020e+02 1.6215e+01
1.5000e+02 3.5763e+02 6.8720e+00
1.8000e+02 3.6757e+02 2.2990e+01
2.1000e+02 3.9527e+02 2.0462e+01
2.4000e+02 3.8819e+02 9.4878e+00
2.7000e+02 3.7436e+02 1.3724e+01
3.0000e+02 3.6926e+02 2.1391e+01
3.3000e+02 3.6924e+02 7.5523e+00
/newplot
/plotname baseline
0.000000e+00 3.304862e+02
3.300000e+02 3.304862e+02
