/newplot
/plotname contrast2=0.0
0.0000e+00 3.8921e+02 6.4305e+00
3.0000e+01 3.9491e+02 1.8288e+01
6.0000e+01 4.0856e+02 1.1674e+01
9.0000e+01 3.9816e+02 1.1627e+01
1.2000e+02 3.9323e+02 9.0356e+00
1.5000e+02 3.9434e+02 7.6370e+00
1.8000e+02 4.0632e+02 2.1433e+01
2.1000e+02 4.0422e+02 1.2918e+01
2.4000e+02 4.1727e+02 2.9147e+01
2.7000e+02 4.0395e+02 1.4501e+01
3.0000e+02 3.9024e+02 1.1139e+01
3.3000e+02 3.8574e+02 9.9039e+00
/newplot
/plotname contrast2=0.5
0.0000e+00 4.1249e+02 6.1516e+00
3.0000e+01 4.0820e+02 2.4060e+01
6.0000e+01 4.2563e+02 1.9550e+01
9.0000e+01 4.2122e+02 1.7738e+01
1.2000e+02 4.1462e+02 1.8796e+01
1.5000e+02 4.1322e+02 9.6459e+00
1.8000e+02 4.1153e+02 1.5069e+01
2.1000e+02 4.4602e+02 2.5278e+01
2.4000e+02 4.3632e+02 9.7466e+00
2.7000e+02 4.1403e+02 1.1110e+01
3.0000e+02 4.1337e+02 2.0590e+01
3.3000e+02 4.1310e+02 9.3047e+00
/newplot
/plotname baseline
0.000000e+00 3.886693e+02
3.300000e+02 3.886693e+02
