/newplot
/plotname contrast2=0.0
0.0000e+00 3.4558e+02 3.1098e+01
3.0000e+01 3.0823e+02 1.1168e+01
6.0000e+01 3.1343e+02 1.5168e+01
9.0000e+01 3.1003e+02 1.4201e+01
1.2000e+02 3.0857e+02 1.3862e+01
1.5000e+02 3.6819e+02 4.9650e+01
1.8000e+02 3.7018e+02 2.8568e+01
2.1000e+02 3.4216e+02 4.0563e+01
2.4000e+02 3.2360e+02 9.4148e+00
2.7000e+02 3.2322e+02 3.1746e+01
3.0000e+02 3.1045e+02 1.4277e+01
3.3000e+02 3.2561e+02 1.0592e+01
/newplot
/plotname contrast2=0.5
0.0000e+00 3.3146e+02 1.3138e+01
3.0000e+01 3.5233e+02 2.6596e+01
6.0000e+01 3.6886e+02 1.9004e+01
9.0000e+01 3.6115e+02 1.9527e+01
1.2000e+02 3.4959e+02 1.5673e+01
1.5000e+02 3.3414e+02 2.6300e+01
1.8000e+02 3.7111e+02 8.4013e+00
2.1000e+02 3.6187e+02 2.8980e+01
2.4000e+02 3.3845e+02 1.6328e+01
2.7000e+02 3.5373e+02 3.0888e+01
3.0000e+02 3.2708e+02 1.4668e+01
3.3000e+02 3.3593e+02 9.5220e+00
/newplot
/plotname baseline
0.000000e+00 3.048127e+02
3.300000e+02 3.048127e+02
