/newplot
/plotname contrast2=0.0
0.0000e+00 5.2367e+02 2.3821e+01
3.0000e+01 5.0114e+02 1.4122e+01
6.0000e+01 5.1353e+02 1.4635e+01
9.0000e+01 4.9846e+02 2.0925e+01
1.2000e+02 4.9830e+02 1.8554e+01
1.5000e+02 5.1658e+02 2.3174e+01
1.8000e+02 5.0853e+02 2.2557e+01
2.1000e+02 5.0742e+02 1.3191e+01
2.4000e+02 5.1153e+02 1.7300e+01
2.7000e+02 4.8583e+02 2.4311e+01
3.0000e+02 4.9728e+02 2.2914e+01
3.3000e+02 5.1211e+02 1.6141e+01
/newplot
/plotname contrast2=0.5
0.0000e+00 5.2948e+02 3.8276e+01
3.0000e+01 5.1530e+02 2.4856e+01
6.0000e+01 5.0787e+02 1.2565e+01
9.0000e+01 5.0350e+02 1.9878e+01
1.2000e+02 5.1971e+02 2.1907e+01
1.5000e+02 5.1583e+02 2.1739e+01
1.8000e+02 5.1537e+02 1.3234e+01
2.1000e+02 5.3469e+02 1.7029e+01
2.4000e+02 5.1896e+02 1.2963e+01
2.7000e+02 5.1278e+02 2.5887e+01
3.0000e+02 5.1811e+02 3.1003e+01
3.3000e+02 5.1126e+02 1.3176e+01
/newplot
/plotname baseline
0.000000e+00 4.912312e+02
3.300000e+02 4.912312e+02
