/newplot
/plotname contrast2=0.0
0.0000e+00 1.1321e+03 7.0657e+01
3.0000e+01 1.1656e+03 7.8422e+01
6.0000e+01 1.2282e+03 6.2072e+01
9.0000e+01 1.2354e+03 9.3778e+01
1.2000e+02 1.1874e+03 3.6601e+01
1.5000e+02 1.1509e+03 4.4836e+01
1.8000e+02 1.1358e+03 3.3242e+01
2.1000e+02 1.1281e+03 4.6715e+01
2.4000e+02 1.2340e+03 3.0525e+01
2.7000e+02 1.2259e+03 3.6743e+01
3.0000e+02 1.1572e+03 3.8936e+01
3.3000e+02 1.1246e+03 8.2143e+01
/newplot
/plotname contrast2=0.5
0.0000e+00 1.2339e+03 8.3011e+01
3.0000e+01 1.2178e+03 8.1137e+01
6.0000e+01 1.1868e+03 7.9228e+01
9.0000e+01 1.1980e+03 3.7694e+01
1.2000e+02 1.2318e+03 4.7907e+01
1.5000e+02 1.1767e+03 3.4609e+01
1.8000e+02 1.2135e+03 5.3052e+01
2.1000e+02 1.1977e+03 8.3867e+01
2.4000e+02 1.2045e+03 5.1849e+01
2.7000e+02 1.2375e+03 9.2794e+01
3.0000e+02 1.1800e+03 5.1847e+01
3.3000e+02 1.1722e+03 2.4299e+01
/newplot
/plotname baseline
0.000000e+00 1.130352e+03
3.300000e+02 1.130352e+03
