/newplot
/plotname contrast2=0.0
0.0000e+00 4.1047e+02 1.6218e+01
3.0000e+01 3.9235e+02 2.6908e+01
6.0000e+01 3.9448e+02 2.1602e+01
9.0000e+01 3.9822e+02 1.6666e+01
1.2000e+02 3.9906e+02 3.0158e+01
1.5000e+02 4.0886e+02 2.4330e+01
1.8000e+02 3.8682e+02 1.0775e+01
2.1000e+02 3.8393e+02 1.6572e+01
2.4000e+02 3.9693e+02 1.1627e+01
2.7000e+02 4.0383e+02 1.6684e+01
3.0000e+02 4.1570e+02 1.0799e+01
3.3000e+02 4.1591e+02 2.6218e+01
/newplot
/plotname contrast2=0.5
0.0000e+00 4.3327e+02 2.6131e+01
3.0000e+01 4.1582e+02 3.1184e+01
6.0000e+01 4.0063e+02 1.7883e+01
9.0000e+01 4.0581e+02 1.2207e+01
1.2000e+02 4.2030e+02 2.1333e+01
1.5000e+02 4.1564e+02 2.4993e+01
1.8000e+02 4.0506e+02 2.1286e+01
2.1000e+02 4.2579e+02 1.4024e+01
2.4000e+02 4.1965e+02 1.7285e+01
2.7000e+02 4.1882e+02 2.7111e+01
3.0000e+02 4.1239e+02 1.4421e+01
3.3000e+02 4.2876e+02 1.7307e+01
/newplot
/plotname baseline
0.000000e+00 3.768206e+02
3.300000e+02 3.768206e+02
