/newplot
/plotname contrast2=0.0
0.0000e+00 5.1725e+02 1.5157e+01
3.0000e+01 4.4576e+02 1.5338e+01
6.0000e+01 4.3908e+02 2.2798e+01
9.0000e+01 4.2531e+02 8.5144e+00
1.2000e+02 4.2736e+02 1.9209e+01
1.5000e+02 4.7152e+02 1.3205e+01
1.8000e+02 4.8838e+02 2.1003e+01
2.1000e+02 4.4178e+02 1.1849e+01
2.4000e+02 4.4320e+02 7.3980e+00
2.7000e+02 4.3385e+02 1.3168e+01
3.0000e+02 4.3555e+02 9.2583e+00
3.3000e+02 4.6974e+02 2.1279e+01
/newplot
/plotname contrast2=0.5
0.0000e+00 4.8645e+02 1.6211e+01
3.0000e+01 4.6547e+02 2.8109e+01
6.0000e+01 4.6602e+02 2.6492e+01
9.0000e+01 4.7353e+02 1.2496e+01
1.2000e+02 4.6531e+02 1.1185e+01
1.5000e+02 4.6807e+02 1.1800e+01
1.8000e+02 4.7243e+02 1.1292e+01
2.1000e+02 4.8202e+02 1.4963e+01
2.4000e+02 4.6623e+02 1.6743e+01
2.7000e+02 4.8658e+02 2.4141e+01
3.0000e+02 4.7531e+02 2.3278e+01
3.3000e+02 4.8409e+02 9.2640e+00
/newplot
/plotname baseline
0.000000e+00 4.319328e+02
3.300000e+02 4.319328e+02
