/newplot
/plotname contrast2=0.0
0.0000e+00 9.8258e+02 8.3662e+01
3.0000e+01 1.0232e+03 6.8034e+01
6.0000e+01 9.5115e+02 5.1776e+01
9.0000e+01 9.2402e+02 6.7386e+01
1.2000e+02 9.5001e+02 5.1316e+01
1.5000e+02 9.8453e+02 7.9509e+01
1.8000e+02 1.0171e+03 4.8455e+01
2.1000e+02 9.5504e+02 6.6615e+01
2.4000e+02 1.0048e+03 4.6497e+01
2.7000e+02 9.7127e+02 5.3740e+01
3.0000e+02 9.6507e+02 5.6481e+01
3.3000e+02 9.5335e+02 7.3805e+01
/newplot
/plotname contrast2=0.5
0.0000e+00 1.0189e+03 5.1203e+01
3.0000e+01 1.0272e+03 1.1283e+02
6.0000e+01 9.7022e+02 7.1944e+01
9.0000e+01 9.9875e+02 6.0287e+01
1.2000e+02 1.0018e+03 5.0900e+01
1.5000e+02 9.8574e+02 8.1310e+01
1.8000e+02 1.0495e+03 5.8081e+01
2.1000e+02 1.0239e+03 6.9907e+01
2.4000e+02 1.0067e+03 5.3735e+01
2.7000e+02 1.0185e+03 6.0400e+01
3.0000e+02 9.8163e+02 8.4203e+01
3.3000e+02 9.7926e+02 4.8842e+01
/newplot
/plotname baseline
0.000000e+00 9.446447e+02
3.300000e+02 9.446447e+02
