/newplot
/plotname contrast2=0.0
0.0000e+00 3.5455e+02 1.1000e+01
3.0000e+01 3.5019e+02 9.2768e+00
6.0000e+01 3.4691e+02 1.1730e+01
9.0000e+01 3.3306e+02 1.2645e+01
1.2000e+02 3.5002e+02 9.2680e+00
1.5000e+02 3.5590e+02 1.6062e+01
1.8000e+02 3.5203e+02 1.3726e+01
2.1000e+02 3.3727e+02 8.9028e+00
2.4000e+02 3.4997e+02 1.4170e+01
2.7000e+02 3.3844e+02 1.8707e+01
3.0000e+02 3.6365e+02 7.4193e+00
3.3000e+02 3.8286e+02 1.5490e+01
/newplot
/plotname contrast2=0.5
0.0000e+00 3.6658e+02 1.4977e+01
3.0000e+01 3.6583e+02 2.6148e+01
6.0000e+01 3.5404e+02 2.0602e+01
9.0000e+01 3.5872e+02 1.3492e+01
1.2000e+02 3.6633e+02 1.3214e+01
1.5000e+02 3.6829e+02 1.1528e+01
1.8000e+02 3.6359e+02 1.4580e+01
2.1000e+02 3.8155e+02 2.2750e+01
2.4000e+02 3.8585e+02 1.5442e+01
2.7000e+02 3.7367e+02 2.8392e+01
3.0000e+02 3.7282e+02 2.4364e+01
3.3000e+02 3.7262e+02 1.2300e+01
/newplot
/plotname baseline
0.000000e+00 3.326114e+02
3.300000e+02 3.326114e+02
