/newplot
/plotname contrast2=0.0
0.0000e+00 5.4722e+02 2.8275e+01
3.0000e+01 5.8571e+02 2.1737e+01
6.0000e+01 6.3233e+02 4.3748e+01
9.0000e+01 5.7835e+02 3.0898e+01
1.2000e+02 5.4760e+02 1.6959e+01
1.5000e+02 5.6861e+02 4.2295e+01
1.8000e+02 5.5586e+02 2.0833e+01
2.1000e+02 5.5614e+02 3.1312e+01
2.4000e+02 6.6608e+02 2.1504e+01
2.7000e+02 5.9481e+02 1.4849e+01
3.0000e+02 5.5593e+02 2.7879e+01
3.3000e+02 5.5277e+02 2.9039e+01
/newplot
/plotname contrast2=0.5
0.0000e+00 5.7505e+02 2.6359e+01
3.0000e+01 5.9122e+02 5.5337e+01
6.0000e+01 5.7330e+02 3.4160e+01
9.0000e+01 5.7316e+02 1.6270e+01
1.2000e+02 5.9460e+02 1.3045e+01
1.5000e+02 5.9442e+02 2.5762e+01
1.8000e+02 5.8701e+02 1.8091e+01
2.1000e+02 5.7834e+02 3.7245e+01
2.4000e+02 6.1669e+02 2.5380e+01
2.7000e+02 5.8907e+02 2.0343e+01
3.0000e+02 5.6738e+02 2.9756e+01
3.3000e+02 5.6405e+02 1.7388e+01
/newplot
/plotname baseline
0.000000e+00 5.549590e+02
3.300000e+02 5.549590e+02
