/newplot
/plotname contrast2=0.0
0.0000e+00 5.2385e+02 1.4689e+01
3.0000e+01 5.4930e+02 1.7793e+01
6.0000e+01 5.3898e+02 1.9782e+01
9.0000e+01 5.3451e+02 1.8207e+01
1.2000e+02 5.6809e+02 1.7416e+01
1.5000e+02 5.3749e+02 1.5392e+01
1.8000e+02 5.4395e+02 3.0891e+01
2.1000e+02 5.1732e+02 1.8564e+01
2.4000e+02 5.4359e+02 1.7059e+01
2.7000e+02 5.5326e+02 2.1453e+01
3.0000e+02 6.0854e+02 1.6736e+01
3.3000e+02 5.5546e+02 2.8018e+01
/newplot
/plotname contrast2=0.5
0.0000e+00 5.5508e+02 2.5446e+01
3.0000e+01 5.6229e+02 3.7687e+01
6.0000e+01 5.4716e+02 1.9167e+01
9.0000e+01 5.5258e+02 1.4499e+01
1.2000e+02 5.7975e+02 1.6752e+01
1.5000e+02 5.5167e+02 3.2720e+01
1.8000e+02 5.5938e+02 2.2874e+01
2.1000e+02 5.9963e+02 4.4978e+01
2.4000e+02 5.6868e+02 1.2713e+01
2.7000e+02 5.7177e+02 3.0836e+01
3.0000e+02 5.8062e+02 2.4882e+01
3.3000e+02 5.5951e+02 2.1478e+01
/newplot
/plotname baseline
0.000000e+00 5.220159e+02
3.300000e+02 5.220159e+02
