/newplot
/plotname contrast2=0.0
0.0000e+00 7.7500e+02 4.4148e+01
3.0000e+01 7.8727e+02 3.6786e+01
6.0000e+01 7.6626e+02 6.0459e+01
9.0000e+01 7.3811e+02 3.6599e+01
1.2000e+02 7.5054e+02 3.8456e+01
1.5000e+02 7.7316e+02 5.1360e+01
1.8000e+02 8.0349e+02 4.2828e+01
2.1000e+02 7.6696e+02 4.3536e+01
2.4000e+02 7.9370e+02 4.0894e+01
2.7000e+02 7.5896e+02 4.5187e+01
3.0000e+02 7.5123e+02 3.4211e+01
3.3000e+02 7.5849e+02 4.4181e+01
/newplot
/plotname contrast2=0.5
0.0000e+00 7.9326e+02 2.3339e+01
3.0000e+01 8.0933e+02 1.4126e+02
6.0000e+01 7.8348e+02 7.0641e+01
9.0000e+01 8.0056e+02 3.6177e+01
1.2000e+02 7.9803e+02 5.1643e+01
1.5000e+02 7.8232e+02 6.6947e+01
1.8000e+02 8.0306e+02 2.4493e+01
2.1000e+02 8.6000e+02 6.4202e+01
2.4000e+02 7.8680e+02 5.2489e+01
2.7000e+02 7.9032e+02 4.8024e+01
3.0000e+02 7.8733e+02 6.3522e+01
3.3000e+02 7.7337e+02 3.8856e+01
/newplot
/plotname baseline
0.000000e+00 7.497123e+02
3.300000e+02 7.497123e+02
