/newplot
/plotname contrast2=0.0
0.0000e+00 5.7889e+02 9.4385e+01
3.0000e+01 5.0132e+02 1.5851e+01
6.0000e+01 5.0178e+02 5.2032e+01
9.0000e+01 4.9226e+02 3.6972e+01
1.2000e+02 5.6117e+02 9.1524e+01
1.5000e+02 6.1386e+02 3.0696e+01
1.8000e+02 5.4223e+02 8.1142e+01
2.1000e+02 5.3702e+02 9.8455e+01
2.4000e+02 5.2824e+02 2.5278e+01
2.7000e+02 4.9928e+02 5.0273e+01
3.0000e+02 5.2511e+02 4.2775e+01
3.3000e+02 7.1476e+02 6.5505e+01
/newplot
/plotname contrast2=0.5
0.0000e+00 5.4309e+02 4.4560e+01
3.0000e+01 5.6534e+02 7.3901e+01
6.0000e+01 5.8315e+02 4.0929e+01
9.0000e+01 5.2457e+02 2.3059e+01
1.2000e+02 5.5220e+02 3.7812e+01
1.5000e+02 6.0033e+02 5.2852e+01
1.8000e+02 5.4417e+02 4.8013e+01
2.1000e+02 5.8209e+02 4.3748e+01
2.4000e+02 7.1189e+02 7.0590e+01
2.7000e+02 5.3989e+02 4.3679e+01
3.0000e+02 5.8184e+02 5.7180e+01
3.3000e+02 7.1076e+02 4.1529e+01
/newplot
/plotname baseline
0.000000e+00 5.215042e+02
3.300000e+02 5.215042e+02
