/newplot
/plotname contrast2=0.0
0.0000e+00 4.8153e+02 2.0774e+01
3.0000e+01 4.7469e+02 1.8820e+01
6.0000e+01 4.6923e+02 1.5743e+01
9.0000e+01 4.6293e+02 1.3194e+01
1.2000e+02 4.8659e+02 1.8277e+01
1.5000e+02 4.9619e+02 2.0383e+01
1.8000e+02 4.7720e+02 1.7405e+01
2.1000e+02 4.6522e+02 2.4451e+01
2.4000e+02 4.8732e+02 1.1294e+01
2.7000e+02 4.7162e+02 1.6288e+01
3.0000e+02 4.8502e+02 1.7668e+01
3.3000e+02 5.0594e+02 2.2243e+01
/newplot
/plotname contrast2=0.5
0.0000e+00 4.9708e+02 1.5761e+01
3.0000e+01 4.9505e+02 3.9802e+01
6.0000e+01 4.8931e+02 3.3703e+01
9.0000e+01 4.8444e+02 1.9533e+01
1.2000e+02 4.9455e+02 1.0961e+01
1.5000e+02 4.9399e+02 2.6384e+01
1.8000e+02 4.9321e+02 2.5461e+01
2.1000e+02 5.0353e+02 2.9739e+01
2.4000e+02 5.1590e+02 3.2914e+01
2.7000e+02 4.8505e+02 1.6318e+01
3.0000e+02 4.7622e+02 1.9774e+01
3.3000e+02 4.9564e+02 8.9450e+00
/newplot
/plotname baseline
0.000000e+00 4.598244e+02
3.300000e+02 4.598244e+02
