/newplot
/plotname contrast2=0.0
0.0000e+00 4.8151e+02 3.3646e+01
3.0000e+01 4.5581e+02 1.1363e+01
6.0000e+01 4.5442e+02 1.6365e+01
9.0000e+01 4.4577e+02 1.4419e+01
1.2000e+02 4.3742e+02 1.7195e+01
1.5000e+02 4.6301e+02 4.6666e+01
1.8000e+02 4.6279e+02 2.5470e+01
2.1000e+02 4.5252e+02 2.1706e+01
2.4000e+02 4.5212e+02 3.0581e+01
2.7000e+02 4.3826e+02 2.4688e+01
3.0000e+02 4.4997e+02 4.5457e+01
3.3000e+02 4.7660e+02 2.9261e+01
/newplot
/plotname contrast2=0.5
0.0000e+00 4.7571e+02 2.2478e+01
3.0000e+01 4.6503e+02 2.6608e+01
6.0000e+01 4.5351e+02 4.4670e+01
9.0000e+01 4.6264e+02 3.4550e+01
1.2000e+02 4.7149e+02 3.5244e+01
1.5000e+02 4.6859e+02 1.0940e+01
1.8000e+02 4.6574e+02 1.7964e+01
2.1000e+02 4.8393e+02 3.8203e+01
2.4000e+02 4.7810e+02 2.2188e+01
2.7000e+02 4.5954e+02 1.5411e+01
3.0000e+02 4.8035e+02 3.1824e+01
3.3000e+02 4.7708e+02 2.0792e+01
/newplot
/plotname baseline
0.000000e+00 4.319299e+02
3.300000e+02 4.319299e+02
