/newplot
/plotname contrast2=0.0
0.0000e+00 4.5566e+02 2.1940e+01
3.0000e+01 4.4083e+02 1.5406e+01
6.0000e+01 4.1383e+02 1.2497e+01
9.0000e+01 4.0977e+02 1.4394e+01
1.2000e+02 4.1266e+02 1.6984e+01
1.5000e+02 4.4326e+02 2.5801e+01
1.8000e+02 4.5786e+02 1.7437e+01
2.1000e+02 4.2430e+02 1.6999e+01
2.4000e+02 4.3397e+02 2.0655e+01
2.7000e+02 4.1546e+02 1.7326e+01
3.0000e+02 4.1805e+02 1.2973e+01
3.3000e+02 4.2711e+02 2.1118e+01
/newplot
/plotname contrast2=0.5
0.0000e+00 4.4379e+02 4.9655e+00
3.0000e+01 4.4392e+02 3.3177e+01
6.0000e+01 4.4021e+02 1.9969e+01
9.0000e+01 4.5085e+02 1.0970e+01
1.2000e+02 4.3643e+02 1.7363e+01
1.5000e+02 4.3174e+02 1.2919e+01
1.8000e+02 4.5425e+02 1.9023e+01
2.1000e+02 4.5337e+02 2.1318e+01
2.4000e+02 4.4738e+02 1.2870e+01
2.7000e+02 4.4306e+02 1.3560e+01
3.0000e+02 4.3039e+02 8.4807e+00
3.3000e+02 4.2016e+02 1.8941e+01
/newplot
/plotname baseline
0.000000e+00 4.139233e+02
3.300000e+02 4.139233e+02
