/newplot
/plotname contrast2=0.0
0.0000e+00 9.3249e+02 3.9046e+01
3.0000e+01 9.5010e+02 1.7333e+01
6.0000e+01 9.1906e+02 2.6634e+01
9.0000e+01 9.0604e+02 2.0280e+01
1.2000e+02 9.0756e+02 2.3817e+01
1.5000e+02 9.2957e+02 2.3277e+01
1.8000e+02 9.2615e+02 3.0902e+01
2.1000e+02 9.1375e+02 2.0569e+01
2.4000e+02 9.2987e+02 1.9845e+01
2.7000e+02 9.0092e+02 2.8768e+01
3.0000e+02 9.2496e+02 2.2218e+01
3.3000e+02 9.1245e+02 2.9537e+01
/newplot
/plotname contrast2=0.5
0.0000e+00 9.8371e+02 4.8814e+01
3.0000e+01 9.2851e+02 6.3352e+01
6.0000e+01 9.2520e+02 5.9794e+01
9.0000e+01 9.3438e+02 2.1298e+01
1.2000e+02 9.3835e+02 3.7812e+01
1.5000e+02 9.2632e+02 3.7118e+01
1.8000e+02 9.6519e+02 2.1571e+01
2.1000e+02 9.5851e+02 4.5083e+01
2.4000e+02 9.3549e+02 2.1507e+01
2.7000e+02 9.5575e+02 4.1762e+01
3.0000e+02 9.2192e+02 4.0975e+01
3.3000e+02 9.2973e+02 1.9715e+01
/newplot
/plotname baseline
0.000000e+00 8.958633e+02
3.300000e+02 8.958633e+02
