/newplot
/plotname contrast2=0.0
0.0000e+00 3.8557e+02 2.1202e+01
3.0000e+01 3.9877e+02 3.6039e+01
6.0000e+01 4.2617e+02 2.5418e+01
9.0000e+01 3.8717e+02 2.0015e+01
1.2000e+02 3.6884e+02 1.6409e+01
1.5000e+02 3.8679e+02 1.3058e+01
1.8000e+02 3.9373e+02 2.0585e+01
2.1000e+02 4.0935e+02 1.2965e+01
2.4000e+02 4.3020e+02 1.4814e+01
2.7000e+02 3.8940e+02 1.6750e+01
3.0000e+02 3.7530e+02 1.5130e+01
3.3000e+02 3.7013e+02 1.7573e+01
/newplot
/plotname contrast2=0.5
0.0000e+00 4.0890e+02 2.8581e+01
3.0000e+01 4.2998e+02 4.3564e+01
6.0000e+01 4.0907e+02 2.2672e+01
9.0000e+01 4.0614e+02 3.2004e+01
1.2000e+02 4.1321e+02 2.0713e+01
1.5000e+02 4.0841e+02 2.9029e+01
1.8000e+02 3.9713e+02 3.5092e+01
2.1000e+02 4.3615e+02 3.4647e+01
2.4000e+02 4.0162e+02 2.4657e+01
2.7000e+02 3.9149e+02 2.6391e+01
3.0000e+02 4.0878e+02 3.7188e+01
3.3000e+02 4.0449e+02 1.4952e+01
/newplot
/plotname baseline
0.000000e+00 3.781057e+02
3.300000e+02 3.781057e+02
