/newplot
/plotname contrast2=0.0
0.0000e+00 3.7956e+02 1.1721e+01
3.0000e+01 3.8216e+02 2.5735e+01
6.0000e+01 3.8176e+02 1.7685e+01
9.0000e+01 3.6856e+02 1.2419e+01
1.2000e+02 3.7677e+02 1.2500e+01
1.5000e+02 3.7164e+02 1.6384e+01
1.8000e+02 3.7099e+02 2.4794e+01
2.1000e+02 3.6670e+02 2.3511e+01
2.4000e+02 3.9851e+02 1.1705e+01
2.7000e+02 3.8131e+02 2.1417e+01
3.0000e+02 3.8281e+02 1.6297e+01
3.3000e+02 3.7185e+02 7.6871e+00
/newplot
/plotname contrast2=0.5
0.0000e+00 4.0226e+02 1.8685e+01
3.0000e+01 4.1201e+02 3.2019e+01
6.0000e+01 3.9012e+02 6.5857e+00
9.0000e+01 3.9493e+02 1.3182e+01
1.2000e+02 4.1198e+02 1.5471e+01
1.5000e+02 4.1005e+02 1.8118e+01
1.8000e+02 3.9506e+02 1.6608e+01
2.1000e+02 4.4108e+02 3.8170e+01
2.4000e+02 4.1033e+02 1.8536e+01
2.7000e+02 4.0965e+02 2.3033e+01
3.0000e+02 4.1375e+02 2.9010e+01
3.3000e+02 4.0396e+02 7.0836e+00
/newplot
/plotname baseline
0.000000e+00 3.614569e+02
3.300000e+02 3.614569e+02
