/newplot
/plotname contrast2=0.0
0.0000e+00 6.2793e+02 1.1033e+01
3.0000e+01 5.9807e+02 2.7057e+01
6.0000e+01 5.6700e+02 3.1412e+01
9.0000e+01 5.4522e+02 2.1312e+01
1.2000e+02 5.5338e+02 3.8543e+01
1.5000e+02 5.7264e+02 2.8576e+01
1.8000e+02 5.7355e+02 4.0756e+01
2.1000e+02 5.6139e+02 2.9620e+01
2.4000e+02 5.6671e+02 2.6763e+01
2.7000e+02 5.4841e+02 1.8769e+01
3.0000e+02 5.7393e+02 2.9845e+01
3.3000e+02 6.0884e+02 3.4571e+01
/newplot
/plotname contrast2=0.5
0.0000e+00 6.5495e+02 3.8467e+01
3.0000e+01 6.3375e+02 1.0061e+02
6.0000e+01 6.2429e+02 4.7940e+01
9.0000e+01 6.0414e+02 2.0589e+01
1.2000e+02 6.1290e+02 2.3798e+01
1.5000e+02 6.2722e+02 2.9751e+01
1.8000e+02 6.2717e+02 3.9288e+01
2.1000e+02 6.2068e+02 6.7773e+01
2.4000e+02 6.6740e+02 3.0010e+01
2.7000e+02 6.7214e+02 4.4765e+01
3.0000e+02 6.3103e+02 6.8577e+01
3.3000e+02 6.3160e+02 2.8727e+01
/newplot
/plotname baseline
0.000000e+00 5.525952e+02
3.300000e+02 5.525952e+02
