/newplot
/plotname contrast2=0.0
0.0000e+00 5.1805e+02 6.4494e+01
3.0000e+01 4.8587e+02 1.3037e+01
6.0000e+01 4.9407e+02 2.4547e+00
9.0000e+01 4.7729e+02 2.0653e+01
1.2000e+02 5.3052e+02 9.9263e+01
1.5000e+02 4.9122e+02 2.4179e+01
1.8000e+02 5.6470e+02 1.4763e+02
2.1000e+02 5.2399e+02 5.9016e+01
2.4000e+02 5.3340e+02 2.4054e+01
2.7000e+02 5.8830e+02 2.0062e+02
3.0000e+02 4.9939e+02 1.5214e+01
3.3000e+02 5.2062e+02 2.4996e+01
/newplot
/plotname contrast2=0.5
0.0000e+00 4.9974e+02 2.2373e+01
3.0000e+01 5.5729e+02 6.5854e+01
6.0000e+01 5.6318e+02 1.0508e+02
9.0000e+01 5.0537e+02 2.3210e+01
1.2000e+02 5.3279e+02 2.3881e+01
1.5000e+02 6.5909e+02 2.2022e+02
1.8000e+02 5.2332e+02 3.4737e+01
2.1000e+02 1.1443e+03 5.0531e+02
2.4000e+02 7.7707e+02 1.2149e+02
2.7000e+02 5.8036e+02 5.2175e+01
3.0000e+02 7.0351e+02 4.8160e+02
3.3000e+02 5.1971e+02 2.7042e+01
/newplot
/plotname baseline
0.000000e+00 5.227330e+02
3.300000e+02 5.227330e+02
