/newplot
/plotname contrast2=0.0
0.0000e+00 5.8737e+02 1.9307e+01
3.0000e+01 5.2285e+02 2.1587e+01
6.0000e+01 5.2687e+02 3.3308e+01
9.0000e+01 5.1740e+02 2.3283e+01
1.2000e+02 5.3930e+02 2.7778e+01
1.5000e+02 5.7424e+02 2.1832e+01
1.8000e+02 5.3219e+02 2.9716e+01
2.1000e+02 5.2136e+02 2.1464e+01
2.4000e+02 5.3205e+02 2.7710e+01
2.7000e+02 5.1410e+02 3.3811e+01
3.0000e+02 5.4961e+02 2.6139e+01
3.3000e+02 5.9201e+02 4.1199e+01
/newplot
/plotname contrast2=0.5
0.0000e+00 5.5271e+02 2.1061e+01
3.0000e+01 5.5879e+02 3.8465e+01
6.0000e+01 5.8484e+02 3.5485e+01
9.0000e+01 5.4545e+02 2.9996e+01
1.2000e+02 5.4096e+02 1.1772e+01
1.5000e+02 5.6307e+02 2.4762e+01
1.8000e+02 5.5326e+02 2.2033e+01
2.1000e+02 5.5905e+02 2.3715e+01
2.4000e+02 5.6835e+02 3.3661e+01
2.7000e+02 5.4648e+02 2.8975e+01
3.0000e+02 5.7310e+02 1.9578e+01
3.3000e+02 6.0934e+02 1.6605e+01
/newplot
/plotname baseline
0.000000e+00 5.207944e+02
3.300000e+02 5.207944e+02
