/newplot
/plotname contrast2=0.0
0.0000e+00 5.8901e+02 2.5126e+01
3.0000e+01 6.0402e+02 2.6160e+01
6.0000e+01 5.8508e+02 2.6111e+01
9.0000e+01 5.5486e+02 2.3127e+01
1.2000e+02 5.7236e+02 2.9123e+01
1.5000e+02 5.8916e+02 4.1330e+01
1.8000e+02 6.3262e+02 2.8218e+01
2.1000e+02 5.7163e+02 3.4436e+01
2.4000e+02 5.9667e+02 2.7620e+01
2.7000e+02 5.5778e+02 3.0048e+01
3.0000e+02 5.8653e+02 4.4427e+01
3.3000e+02 5.7205e+02 3.8811e+01
/newplot
/plotname contrast2=0.5
0.0000e+00 5.9192e+02 3.6869e+01
3.0000e+01 6.3114e+02 4.3764e+01
6.0000e+01 6.0860e+02 3.3362e+01
9.0000e+01 6.2634e+02 4.8302e+01
1.2000e+02 5.9124e+02 4.4216e+01
1.5000e+02 6.0587e+02 2.0775e+01
1.8000e+02 6.0923e+02 1.7402e+01
2.1000e+02 6.3293e+02 3.2378e+01
2.4000e+02 5.8820e+02 2.5814e+01
2.7000e+02 5.8104e+02 2.2299e+01
3.0000e+02 5.9286e+02 3.1646e+01
3.3000e+02 5.7644e+02 1.5562e+01
/newplot
/plotname baseline
0.000000e+00 5.677910e+02
3.300000e+02 5.677910e+02
