/newplot
/plotname contrast2=0.0
0.0000e+00 7.4183e+02 1.8535e+01
3.0000e+01 6.2130e+02 2.3338e+01
6.0000e+01 5.7920e+02 2.5661e+01
9.0000e+01 5.7049e+02 2.9164e+01
1.2000e+02 5.7169e+02 3.2387e+01
1.5000e+02 5.9657e+02 2.3854e+01
1.8000e+02 6.4027e+02 2.8160e+01
2.1000e+02 5.9053e+02 2.8937e+01
2.4000e+02 5.8604e+02 1.9679e+01
2.7000e+02 5.8552e+02 1.6043e+01
3.0000e+02 5.8149e+02 2.2909e+01
3.3000e+02 5.9587e+02 3.7764e+01
/newplot
/plotname contrast2=0.5
0.0000e+00 6.8119e+02 2.1891e+01
3.0000e+01 6.1550e+02 5.4196e+01
6.0000e+01 5.9710e+02 2.8347e+01
9.0000e+01 6.2628e+02 2.3838e+01
1.2000e+02 6.2615e+02 1.1908e+01
1.5000e+02 6.3352e+02 3.3022e+01
1.8000e+02 6.3855e+02 2.1832e+01
2.1000e+02 6.3083e+02 3.2309e+01
2.4000e+02 6.1010e+02 3.3905e+01
2.7000e+02 6.6855e+02 4.1069e+01
3.0000e+02 6.2956e+02 4.9191e+01
3.3000e+02 6.2317e+02 1.4447e+01
/newplot
/plotname baseline
0.000000e+00 5.852709e+02
3.300000e+02 5.852709e+02
