/newplot
/plotname contrast2=0.0
0.0000e+00 5.7026e+02 1.9490e+01
3.0000e+01 5.2394e+02 3.2648e+01
6.0000e+01 5.3449e+02 2.7205e+01
9.0000e+01 5.2181e+02 2.0586e+01
1.2000e+02 5.1988e+02 2.6360e+01
1.5000e+02 5.5213e+02 2.6050e+01
1.8000e+02 5.4779e+02 3.0906e+01
2.1000e+02 5.1978e+02 1.1850e+01
2.4000e+02 5.3436e+02 1.5394e+01
2.7000e+02 5.1793e+02 3.6515e+01
3.0000e+02 5.0775e+02 2.2793e+01
3.3000e+02 5.4019e+02 2.4573e+01
/newplot
/plotname contrast2=0.5
0.0000e+00 5.6246e+02 3.0353e+01
3.0000e+01 5.5320e+02 4.0376e+01
6.0000e+01 5.5260e+02 3.1882e+01
9.0000e+01 5.4616e+02 3.1096e+01
1.2000e+02 5.4364e+02 2.4235e+01
1.5000e+02 5.4692e+02 3.0781e+01
1.8000e+02 5.5114e+02 3.3643e+01
2.1000e+02 5.6855e+02 2.5039e+01
2.4000e+02 5.4847e+02 2.2833e+01
2.7000e+02 5.4601e+02 2.1353e+01
3.0000e+02 5.2644e+02 2.7009e+01
3.3000e+02 5.3616e+02 1.5399e+01
/newplot
/plotname baseline
0.000000e+00 5.161895e+02
3.300000e+02 5.161895e+02
