/newplot
/plotname contrast2=0.0
0.0000e+00 5.3242e+02 1.8509e+01
3.0000e+01 5.1340e+02 2.0490e+01
6.0000e+01 5.0621e+02 1.3466e+01
9.0000e+01 4.8969e+02 1.6296e+01
1.2000e+02 5.0596e+02 2.3476e+01
1.5000e+02 5.1421e+02 2.3897e+01
1.8000e+02 5.1744e+02 2.6084e+01
2.1000e+02 4.9239e+02 1.7732e+01
2.4000e+02 5.0708e+02 1.4168e+01
2.7000e+02 4.9292e+02 2.2246e+01
3.0000e+02 5.1446e+02 1.7859e+01
3.3000e+02 5.1962e+02 3.5519e+01
/newplot
/plotname contrast2=0.5
0.0000e+00 5.3441e+02 2.2309e+01
3.0000e+01 5.1144e+02 3.1683e+01
6.0000e+01 5.0889e+02 2.2780e+01
9.0000e+01 5.2306e+02 2.5281e+01
1.2000e+02 5.1281e+02 1.1863e+01
1.5000e+02 5.1530e+02 1.8221e+01
1.8000e+02 5.2422e+02 2.0653e+01
2.1000e+02 5.3525e+02 2.5248e+01
2.4000e+02 5.1075e+02 1.9073e+01
2.7000e+02 5.3162e+02 2.8997e+01
3.0000e+02 5.2392e+02 3.0156e+01
3.3000e+02 5.1751e+02 2.2801e+01
/newplot
/plotname baseline
0.000000e+00 4.905822e+02
3.300000e+02 4.905822e+02
