/newplot
/plotname contrast2=0.0
0.0000e+00 4.6042e+02 3.9772e+01
3.0000e+01 4.6398e+02 3.5057e+01
6.0000e+01 4.7627e+02 3.8674e+01
9.0000e+01 4.6508e+02 3.2863e+01
1.2000e+02 4.6259e+02 4.3405e+01
1.5000e+02 4.7454e+02 2.6263e+01
1.8000e+02 4.7858e+02 3.6415e+01
2.1000e+02 4.7678e+02 2.8955e+01
2.4000e+02 5.0031e+02 5.0041e+01
2.7000e+02 4.6930e+02 4.4331e+01
3.0000e+02 4.8306e+02 2.8481e+01
3.3000e+02 4.9735e+02 4.0589e+01
/newplot
/plotname contrast2=0.5
0.0000e+00 4.9489e+02 6.3153e+01
3.0000e+01 5.0333e+02 5.7361e+01
6.0000e+01 4.9390e+02 2.4038e+01
9.0000e+01 4.7529e+02 3.0459e+01
1.2000e+02 4.9352e+02 3.9554e+01
1.5000e+02 4.9836e+02 2.7392e+01
1.8000e+02 4.6933e+02 2.5083e+01
2.1000e+02 5.1555e+02 4.1165e+01
2.4000e+02 5.1341e+02 3.9472e+01
2.7000e+02 4.9873e+02 4.1558e+01
3.0000e+02 5.2421e+02 4.7515e+01
3.3000e+02 5.3034e+02 3.7907e+01
/newplot
/plotname baseline
0.000000e+00 4.661025e+02
3.300000e+02 4.661025e+02
