/newplot
/plotname contrast2=0.0
0.0000e+00 5.0271e+02 6.0828e+01
3.0000e+01 4.3592e+02 2.1718e+01
6.0000e+01 4.5896e+02 6.8092e+01
9.0000e+01 4.4027e+02 2.7766e+01
1.2000e+02 4.3889e+02 1.4054e+01
1.5000e+02 7.3301e+02 8.7087e+01
1.8000e+02 4.7432e+02 3.2765e+01
2.1000e+02 4.7287e+02 8.2229e+01
2.4000e+02 4.7006e+02 4.2302e+01
2.7000e+02 4.5680e+02 4.1679e+01
3.0000e+02 4.5594e+02 2.0708e+01
3.3000e+02 5.3541e+02 6.7839e+01
/newplot
/plotname contrast2=0.5
0.0000e+00 4.7080e+02 2.1939e+01
3.0000e+01 4.8156e+02 4.7842e+01
6.0000e+01 5.7485e+02 1.1959e+02
9.0000e+01 4.7594e+02 2.4497e+01
1.2000e+02 5.1189e+02 4.6132e+01
1.5000e+02 7.7651e+02 1.2633e+02
1.8000e+02 4.8437e+02 3.9394e+01
2.1000e+02 5.0444e+02 6.4803e+01
2.4000e+02 4.9778e+02 1.7004e+01
2.7000e+02 4.5925e+02 1.9174e+01
3.0000e+02 4.6556e+02 3.0949e+01
3.3000e+02 5.6618e+02 1.0429e+02
/newplot
/plotname baseline
0.000000e+00 4.572539e+02
3.300000e+02 4.572539e+02
