/newplot
/plotname contrast2=0.0
0.0000e+00 6.6332e+02 4.6424e+01
3.0000e+01 7.0971e+02 2.7620e+01
6.0000e+01 7.5949e+02 3.2202e+01
9.0000e+01 6.7319e+02 2.9175e+01
1.2000e+02 6.8121e+02 3.7350e+01
1.5000e+02 6.7974e+02 3.2233e+01
1.8000e+02 6.7166e+02 3.1739e+01
2.1000e+02 6.8638e+02 1.9715e+01
2.4000e+02 7.9330e+02 2.1317e+01
2.7000e+02 7.2694e+02 5.8333e+01
3.0000e+02 6.7249e+02 2.4141e+01
3.3000e+02 6.5964e+02 4.1739e+01
/newplot
/plotname contrast2=0.5
0.0000e+00 7.0240e+02 2.6366e+01
3.0000e+01 7.8451e+02 8.8805e+01
6.0000e+01 7.5165e+02 8.0312e+01
9.0000e+01 6.9530e+02 2.9533e+01
1.2000e+02 7.2969e+02 2.5587e+01
1.5000e+02 7.4897e+02 5.4333e+01
1.8000e+02 7.3857e+02 4.6356e+01
2.1000e+02 8.4872e+02 8.1975e+01
2.4000e+02 7.8659e+02 5.2471e+01
2.7000e+02 7.2170e+02 2.4193e+01
3.0000e+02 7.0701e+02 2.1593e+01
3.3000e+02 7.0795e+02 2.2875e+01
/newplot
/plotname baseline
0.000000e+00 6.715284e+02
3.300000e+02 6.715284e+02
