/newplot
/plotname contrast2=0.0
0.0000e+00 5.6088e+02 1.8403e+01
3.0000e+01 5.4496e+02 1.9152e+01
6.0000e+01 5.3862e+02 3.4525e+01
9.0000e+01 5.3406e+02 3.0387e+01
1.2000e+02 5.4849e+02 2.0684e+01
1.5000e+02 5.6355e+02 4.0407e+01
1.8000e+02 5.5683e+02 2.0422e+01
2.1000e+02 5.5308e+02 3.0226e+01
2.4000e+02 5.6430e+02 3.4842e+01
2.7000e+02 5.3489e+02 1.9216e+01
3.0000e+02 5.6947e+02 1.2974e+01
3.3000e+02 5.5936e+02 3.1064e+01
/newplot
/plotname contrast2=0.5
0.0000e+00 5.6624e+02 1.2671e+01
3.0000e+01 5.6235e+02 2.3714e+01
6.0000e+01 5.6645e+02 2.7241e+01
9.0000e+01 5.5028e+02 3.7401e+01
1.2000e+02 5.7095e+02 2.9136e+01
1.5000e+02 5.5407e+02 3.0347e+01
1.8000e+02 5.5031e+02 1.6429e+01
2.1000e+02 5.8540e+02 2.8645e+01
2.4000e+02 5.6834e+02 1.5248e+01
2.7000e+02 5.7544e+02 1.5076e+01
3.0000e+02 5.6324e+02 3.4145e+01
3.3000e+02 5.7450e+02 3.0794e+01
/newplot
/plotname baseline
0.000000e+00 5.351580e+02
3.300000e+02 5.351580e+02
