/newplot
/plotname contrast2=0.0
0.0000e+00 4.2097e+02 1.6224e+01
3.0000e+01 4.3287e+02 1.0761e+01
6.0000e+01 4.8077e+02 2.8075e+01
9.0000e+01 4.3698e+02 1.8199e+01
1.2000e+02 4.2490e+02 1.3375e+01
1.5000e+02 4.2343e+02 1.1908e+01
1.8000e+02 4.2442e+02 1.5237e+01
2.1000e+02 4.3684e+02 1.6731e+01
2.4000e+02 4.8522e+02 1.3496e+01
2.7000e+02 4.4754e+02 1.7330e+01
3.0000e+02 4.2136e+02 5.9037e+00
3.3000e+02 4.2107e+02 1.2456e+01
/newplot
/plotname contrast2=0.5
0.0000e+00 4.4694e+02 2.8339e+01
3.0000e+01 4.5845e+02 5.0317e+01
6.0000e+01 4.4942e+02 2.9662e+01
9.0000e+01 4.4809e+02 2.2127e+01
1.2000e+02 4.5207e+02 2.5142e+01
1.5000e+02 4.5030e+02 3.1528e+01
1.8000e+02 4.3891e+02 2.5440e+01
2.1000e+02 4.8595e+02 2.9816e+01
2.4000e+02 4.5763e+02 2.4151e+01
2.7000e+02 4.4515e+02 1.3450e+01
3.0000e+02 4.4235e+02 3.7338e+01
3.3000e+02 4.4312e+02 1.6805e+01
/newplot
/plotname baseline
0.000000e+00 4.227636e+02
3.300000e+02 4.227636e+02
