/newplot
/plotname contrast2=0.0
0.0000e+00 4.1821e+02 2.0511e+01
3.0000e+01 4.1395e+02 1.3213e+01
6.0000e+01 4.0852e+02 2.1692e+01
9.0000e+01 3.9128e+02 1.9161e+01
1.2000e+02 4.0742e+02 1.1725e+01
1.5000e+02 4.2119e+02 1.7479e+01
1.8000e+02 4.2354e+02 1.5244e+01
2.1000e+02 4.0351e+02 1.5404e+01
2.4000e+02 4.1564e+02 2.5471e+01
2.7000e+02 3.9614e+02 7.6750e+00
3.0000e+02 4.1728e+02 2.8647e+00
3.3000e+02 4.2314e+02 1.0952e+01
/newplot
/plotname contrast2=0.5
0.0000e+00 4.2616e+02 2.2518e+01
3.0000e+01 4.3123e+02 3.2549e+01
6.0000e+01 4.0420e+02 1.9033e+01
9.0000e+01 4.2285e+02 6.5273e+00
1.2000e+02 4.2249e+02 2.0754e+01
1.5000e+02 4.2007e+02 2.2694e+01
1.8000e+02 4.1752e+02 1.0913e+01
2.1000e+02 4.4278e+02 1.9583e+01
2.4000e+02 4.2246e+02 7.2048e+00
2.7000e+02 4.3123e+02 2.7416e+01
3.0000e+02 4.3564e+02 2.1075e+01
3.3000e+02 4.3189e+02 1.5258e+01
/newplot
/plotname baseline
0.000000e+00 3.950638e+02
3.300000e+02 3.950638e+02
