/newplot
/plotname contrast2=0.0
0.0000e+00 3.9543e+02 2.0325e+01
3.0000e+01 3.6735e+02 6.3092e+00
6.0000e+01 3.8324e+02 7.0778e+00
9.0000e+01 3.6900e+02 2.1177e+01
1.2000e+02 3.7490e+02 1.9268e+01
1.5000e+02 4.1415e+02 2.0821e+01
1.8000e+02 3.8631e+02 1.2235e+01
2.1000e+02 3.7910e+02 1.4131e+01
2.4000e+02 3.7776e+02 1.6861e+01
2.7000e+02 3.5883e+02 1.3847e+01
3.0000e+02 3.7546e+02 1.1081e+01
3.3000e+02 4.1765e+02 1.7625e+01
/newplot
/plotname contrast2=0.5
0.0000e+00 3.9413e+02 1.3089e+01
3.0000e+01 3.8825e+02 2.2337e+01
6.0000e+01 4.0203e+02 1.7811e+01
9.0000e+01 3.9472e+02 6.7150e+00
1.2000e+02 3.9192e+02 1.8266e+01
1.5000e+02 3.9312e+02 1.2463e+01
1.8000e+02 3.7977e+02 1.7819e+01
2.1000e+02 4.0054e+02 1.6158e+01
2.4000e+02 4.0671e+02 1.2600e+01
2.7000e+02 3.8784e+02 1.7426e+01
3.0000e+02 3.8436e+02 2.3303e+01
3.3000e+02 4.1936e+02 1.6557e+01
/newplot
/plotname baseline
0.000000e+00 3.643491e+02
3.300000e+02 3.643491e+02
