/newplot
/plotname contrast2=0.0
0.0000e+00 4.8782e+02 2.9196e+01
3.0000e+01 4.8409e+02 2.4760e+01
6.0000e+01 5.1494e+02 1.0089e+01
9.0000e+01 4.7744e+02 2.6628e+01
1.2000e+02 4.7926e+02 2.9041e+01
1.5000e+02 5.0255e+02 1.5822e+01
1.8000e+02 4.7202e+02 2.3221e+01
2.1000e+02 4.8094e+02 1.3943e+01
2.4000e+02 5.0849e+02 1.5959e+01
2.7000e+02 4.8040e+02 2.0893e+01
3.0000e+02 4.9086e+02 1.7478e+01
3.3000e+02 4.8606e+02 1.3013e+01
/newplot
/plotname contrast2=0.5
0.0000e+00 5.0818e+02 2.9747e+01
3.0000e+01 5.3029e+02 5.4570e+01
6.0000e+01 5.1493e+02 2.5593e+01
9.0000e+01 5.1108e+02 1.2833e+01
1.2000e+02 5.3267e+02 3.3800e+01
1.5000e+02 5.2306e+02 5.5707e+01
1.8000e+02 4.9274e+02 2.6037e+01
2.1000e+02 6.1417e+02 1.0665e+02
2.4000e+02 5.2686e+02 1.4094e+01
2.7000e+02 5.2292e+02 4.6689e+01
3.0000e+02 5.1309e+02 5.3950e+01
3.3000e+02 5.1542e+02 2.6162e+01
/newplot
/plotname baseline
0.000000e+00 4.790949e+02
3.300000e+02 4.790949e+02
