/newplot
/plotname contrast2=0.0
0.0000e+00 6.1122e+02 4.4187e+01
3.0000e+01 5.5688e+02 4.6534e+01
6.0000e+01 5.6215e+02 3.1642e+01
9.0000e+01 5.3423e+02 4.9136e+01
1.2000e+02 5.5253e+02 3.2654e+01
1.5000e+02 5.8137e+02 2.2163e+01
1.8000e+02 5.8227e+02 3.8419e+01
2.1000e+02 5.5999e+02 4.7892e+01
2.4000e+02 5.6267e+02 2.1054e+01
2.7000e+02 5.4321e+02 3.3007e+01
3.0000e+02 5.6913e+02 3.4692e+01
3.3000e+02 5.9745e+02 5.0923e+01
/newplot
/plotname contrast2=0.5
0.0000e+00 6.0347e+02 4.7785e+01
3.0000e+01 5.9442e+02 3.7012e+01
6.0000e+01 5.7009e+02 3.1688e+01
9.0000e+01 5.7468e+02 4.3474e+01
1.2000e+02 5.8025e+02 2.8215e+01
1.5000e+02 5.9544e+02 3.9888e+01
1.8000e+02 5.7779e+02 3.6663e+01
2.1000e+02 6.0608e+02 3.1823e+01
2.4000e+02 5.7630e+02 2.4603e+01
2.7000e+02 5.7439e+02 6.4355e+01
3.0000e+02 5.9546e+02 7.6221e+01
3.3000e+02 6.0274e+02 2.9279e+01
/newplot
/plotname baseline
0.000000e+00 5.499691e+02
3.300000e+02 5.499691e+02
