/newplot
/plotname contrast2=0.0
0.0000e+00 4.3182e+02 1.3873e+01
3.0000e+01 4.0404e+02 1.1836e+01
6.0000e+01 3.9234e+02 2.5834e+01
9.0000e+01 3.8975e+02 1.8252e+01
1.2000e+02 3.9468e+02 1.2328e+01
1.5000e+02 4.3006e+02 3.3929e+01
1.8000e+02 4.7142e+02 3.7082e+01
2.1000e+02 4.0119e+02 2.1414e+01
2.4000e+02 4.0603e+02 3.0610e+01
2.7000e+02 3.8076e+02 3.1296e+01
3.0000e+02 3.8706e+02 1.9521e+01
3.3000e+02 4.1080e+02 6.8608e+00
/newplot
/plotname contrast2=0.5
0.0000e+00 4.0866e+02 2.9635e+01
3.0000e+01 4.0763e+02 2.5839e+01
6.0000e+01 4.2222e+02 3.7570e+01
9.0000e+01 4.4734e+02 2.4467e+01
1.2000e+02 4.2199e+02 2.0184e+01
1.5000e+02 4.2386e+02 2.6499e+01
1.8000e+02 4.4979e+02 2.0435e+01
2.1000e+02 4.4628e+02 2.3900e+01
2.4000e+02 4.1814e+02 1.3041e+01
2.7000e+02 4.2420e+02 1.9732e+01
3.0000e+02 3.9771e+02 1.6678e+01
3.3000e+02 4.1651e+02 1.7822e+01
/newplot
/plotname baseline
0.000000e+00 3.914663e+02
3.300000e+02 3.914663e+02
