/newplot
/plotname contrast2=0.0
0.0000e+00 5.5623e+02 6.4993e+01
3.0000e+01 5.5358e+02 3.0174e+01
6.0000e+01 5.1523e+02 2.4217e+01
9.0000e+01 5.0512e+02 3.1730e+01
1.2000e+02 4.8929e+02 1.2782e+01
1.5000e+02 5.1774e+02 3.2493e+01
1.8000e+02 5.6564e+02 4.3745e+01
2.1000e+02 5.7858e+02 4.3962e+01
2.4000e+02 5.6481e+02 2.5439e+01
2.7000e+02 5.1279e+02 3.2512e+01
3.0000e+02 5.0645e+02 3.4911e+01
3.3000e+02 5.1285e+02 3.1020e+01
/newplot
/plotname contrast2=0.5
0.0000e+00 5.4290e+02 2.0970e+01
3.0000e+01 5.7257e+02 2.9730e+01
6.0000e+01 5.7264e+02 3.6891e+01
9.0000e+01 5.8142e+02 4.5204e+01
1.2000e+02 5.6488e+02 3.2265e+01
1.5000e+02 5.8079e+02 6.5931e+01
1.8000e+02 5.4938e+02 4.8500e+01
2.1000e+02 6.0396e+02 4.8458e+01
2.4000e+02 5.1938e+02 2.4804e+01
2.7000e+02 5.3812e+02 5.3311e+01
3.0000e+02 5.7084e+02 6.7772e+01
3.3000e+02 5.5626e+02 3.1533e+01
/newplot
/plotname baseline
0.000000e+00 5.106946e+02
3.300000e+02 5.106946e+02
