/newplot
/plotname contrast2=0.0
0.0000e+00 4.2182e+02 1.0913e+01
3.0000e+01 4.0808e+02 1.4638e+01
6.0000e+01 3.9860e+02 8.1704e+00
9.0000e+01 4.1722e+02 1.4963e+01
1.2000e+02 4.1987e+02 1.6928e+01
1.5000e+02 4.0520e+02 9.0197e+00
1.8000e+02 4.1562e+02 2.3177e+01
2.1000e+02 4.0698e+02 2.0740e+01
2.4000e+02 4.1768e+02 1.7509e+01
2.7000e+02 4.3082e+02 2.1954e+01
3.0000e+02 4.2091e+02 1.6159e+01
3.3000e+02 4.1660e+02 2.4143e+01
/newplot
/plotname contrast2=0.5
0.0000e+00 4.1060e+02 1.7151e+01
3.0000e+01 4.1730e+02 2.7825e+01
6.0000e+01 4.1542e+02 1.2946e+01
9.0000e+01 4.2005e+02 1.3526e+01
1.2000e+02 4.3136e+02 2.3655e+01
1.5000e+02 4.2041e+02 1.1175e+01
1.8000e+02 4.1699e+02 9.2204e+00
2.1000e+02 4.2538e+02 6.1160e+00
2.4000e+02 4.2532e+02 1.8493e+01
2.7000e+02 4.3861e+02 3.0287e+01
3.0000e+02 4.4547e+02 1.4452e+01
3.3000e+02 4.2411e+02 1.0584e+01
/newplot
/plotname baseline
0.000000e+00 4.027802e+02
3.300000e+02 4.027802e+02
