/newplot
/plotname contrast2=0.0
0.0000e+00 6.6823e+02 5.3222e+01
3.0000e+01 6.4288e+02 3.9443e+01
6.0000e+01 6.3508e+02 7.6374e+01
9.0000e+01 6.6669e+02 5.1781e+01
1.2000e+02 6.3847e+02 5.0558e+01
1.5000e+02 6.3266e+02 2.5070e+01
1.8000e+02 6.4269e+02 3.6799e+01
2.1000e+02 6.2412e+02 6.6788e+01
2.4000e+02 6.3638e+02 7.2033e+01
2.7000e+02 6.2911e+02 8.8578e+01
3.0000e+02 6.2172e+02 5.3695e+01
3.3000e+02 6.5646e+02 4.9094e+01
/newplot
/plotname contrast2=0.5
0.0000e+00 6.8615e+02 5.6057e+01
3.0000e+01 6.7476e+02 7.3521e+01
6.0000e+01 6.7320e+02 3.2019e+01
9.0000e+01 6.6311e+02 7.2278e+01
1.2000e+02 6.5749e+02 7.7490e+01
1.5000e+02 6.6356e+02 3.7269e+01
1.8000e+02 6.5600e+02 3.5878e+01
2.1000e+02 6.7460e+02 4.6426e+01
2.4000e+02 6.5853e+02 5.6492e+01
2.7000e+02 6.7028e+02 5.0367e+01
3.0000e+02 6.8107e+02 5.5412e+01
3.3000e+02 6.6847e+02 7.3230e+01
/newplot
/plotname baseline
0.000000e+00 6.205737e+02
3.300000e+02 6.205737e+02
