/newplot
/plotname contrast2=0.0
0.0000e+00 4.3000e+02 2.9736e+01
3.0000e+01 4.0550e+02 1.3783e+01
6.0000e+01 3.9270e+02 2.2443e+01
9.0000e+01 3.9536e+02 1.0032e+01
1.2000e+02 4.0087e+02 2.2107e+01
1.5000e+02 4.1217e+02 1.2705e+01
1.8000e+02 4.1638e+02 1.9637e+01
2.1000e+02 3.8965e+02 2.2606e+01
2.4000e+02 3.9929e+02 3.2047e+01
2.7000e+02 3.9967e+02 2.0573e+01
3.0000e+02 4.0382e+02 1.6275e+01
3.3000e+02 4.1383e+02 2.0223e+01
/newplot
/plotname contrast2=0.5
0.0000e+00 4.2689e+02 2.7449e+01
3.0000e+01 4.0984e+02 2.7354e+01
6.0000e+01 4.1160e+02 2.3253e+01
9.0000e+01 4.2098e+02 2.3909e+01
1.2000e+02 4.1848e+02 1.8542e+01
1.5000e+02 4.2016e+02 9.9903e+00
1.8000e+02 4.0844e+02 1.2971e+01
2.1000e+02 4.1873e+02 1.7867e+01
2.4000e+02 4.2253e+02 1.7002e+01
2.7000e+02 4.3494e+02 2.5988e+01
3.0000e+02 4.2296e+02 1.8221e+01
3.3000e+02 4.1561e+02 2.6326e+01
/newplot
/plotname baseline
0.000000e+00 3.921922e+02
3.300000e+02 3.921922e+02
