/newplot
/plotname contrast2=0.0
0.0000e+00 6.0217e+02 5.9435e+01
3.0000e+01 5.8253e+02 4.1202e+01
6.0000e+01 5.9881e+02 6.6756e+01
9.0000e+01 5.9675e+02 3.0680e+01
1.2000e+02 6.0217e+02 9.1375e+01
1.5000e+02 6.1540e+02 4.6048e+01
1.8000e+02 6.2867e+02 6.1322e+01
2.1000e+02 5.9072e+02 7.3496e+01
2.4000e+02 6.1649e+02 9.3934e+01
2.7000e+02 5.9461e+02 8.2416e+01
3.0000e+02 5.8941e+02 4.4998e+01
3.3000e+02 6.2616e+02 7.3868e+01
/newplot
/plotname contrast2=0.5
0.0000e+00 6.1383e+02 1.0890e+02
3.0000e+01 5.9661e+02 4.0355e+01
6.0000e+01 6.0870e+02 6.8278e+01
9.0000e+01 6.3036e+02 7.7651e+01
1.2000e+02 6.1498e+02 4.9552e+01
1.5000e+02 6.1050e+02 3.3295e+01
1.8000e+02 6.2649e+02 6.7197e+01
2.1000e+02 6.0634e+02 6.7029e+01
2.4000e+02 6.4219e+02 6.3299e+01
2.7000e+02 6.4800e+02 8.8005e+01
3.0000e+02 6.0861e+02 3.4907e+01
3.3000e+02 6.0266e+02 7.7473e+01
/newplot
/plotname baseline
0.000000e+00 5.706833e+02
3.300000e+02 5.706833e+02
