/newplot
/plotname contrast2=0.0
0.0000e+00 4.1498e+02 2.1708e+01
3.0000e+01 3.8282e+02 1.9576e+01
6.0000e+01 3.8995e+02 1.9633e+01
9.0000e+01 3.7809e+02 1.6853e+01
1.2000e+02 3.8825e+02 3.1002e+01
1.5000e+02 4.0610e+02 2.0813e+01
1.8000e+02 4.0097e+02 2.3599e+01
2.1000e+02 3.8446e+02 1.5569e+01
2.4000e+02 3.8302e+02 3.0466e+01
2.7000e+02 3.9205e+02 1.9094e+01
3.0000e+02 3.9796e+02 2.0611e+01
3.3000e+02 4.5876e+02 2.8912e+01
/newplot
/plotname contrast2=0.5
0.0000e+00 4.0649e+02 1.1671e+01
3.0000e+01 3.8984e+02 2.1774e+01
6.0000e+01 4.0045e+02 3.1407e+01
9.0000e+01 3.9732e+02 1.2044e+01
1.2000e+02 3.9579e+02 2.2589e+01
1.5000e+02 4.0585e+02 2.6582e+01
1.8000e+02 3.9199e+02 2.0607e+01
2.1000e+02 4.1888e+02 3.7646e+01
2.4000e+02 4.4158e+02 2.2882e+01
2.7000e+02 4.0305e+02 2.3679e+01
3.0000e+02 4.2852e+02 3.2115e+01
3.3000e+02 4.3655e+02 3.7147e+01
/newplot
/plotname baseline
0.000000e+00 3.821076e+02
3.300000e+02 3.821076e+02
