/newplot
/plotname contrast2=0.0
0.0000e+00 3.6958e+02 2.6222e+01
3.0000e+01 3.4729e+02 2.0564e+01
6.0000e+01 3.4592e+02 4.4849e+01
9.0000e+01 3.4664e+02 2.3362e+01
1.2000e+02 3.4098e+02 3.5679e+01
1.5000e+02 3.7455e+02 2.4670e+01
1.8000e+02 3.6777e+02 3.9023e+01
2.1000e+02 3.4433e+02 3.4576e+01
2.4000e+02 3.4340e+02 3.8304e+01
2.7000e+02 3.4799e+02 4.1105e+01
3.0000e+02 3.4462e+02 2.6339e+01
3.3000e+02 3.8721e+02 4.9638e+01
/newplot
/plotname contrast2=0.5
0.0000e+00 3.6844e+02 3.9062e+01
3.0000e+01 3.5870e+02 3.5061e+01
6.0000e+01 3.7561e+02 1.9897e+01
9.0000e+01 3.6203e+02 4.1518e+01
1.2000e+02 3.5540e+02 3.2454e+01
1.5000e+02 3.7336e+02 2.3896e+01
1.8000e+02 3.5503e+02 3.9794e+01
2.1000e+02 3.6361e+02 3.1118e+01
2.4000e+02 3.8125e+02 4.3854e+01
2.7000e+02 3.7104e+02 2.7582e+01
3.0000e+02 3.7787e+02 2.4160e+01
3.3000e+02 3.6219e+02 4.4343e+01
/newplot
/plotname baseline
0.000000e+00 3.366995e+02
3.300000e+02 3.366995e+02
