/newplot
/plotname contrast2=0.0
0.0000e+00 3.0380e+02 3.3022e+01
3.0000e+01 2.5075e+02 8.5060e+00
6.0000e+01 2.4426e+02 6.6533e+00
9.0000e+01 2.4130e+02 1.1294e+01
1.2000e+02 2.4349e+02 1.0250e+01
1.5000e+02 2.7164e+02 1.4909e+01
1.8000e+02 2.7403e+02 1.7632e+01
2.1000e+02 2.5143e+02 1.6282e+01
2.4000e+02 2.4968e+02 5.9364e+00
2.7000e+02 2.3994e+02 4.5819e+00
3.0000e+02 2.5165e+02 7.5468e+00
3.3000e+02 2.8788e+02 9.9025e+00
/newplot
/plotname contrast2=0.5
0.0000e+00 2.6499e+02 2.3468e+01
3.0000e+01 2.5591e+02 1.4084e+01
6.0000e+01 2.6470e+02 1.1342e+01
9.0000e+01 2.6790e+02 7.2448e+00
1.2000e+02 2.5767e+02 1.2449e+01
1.5000e+02 2.7548e+02 1.6036e+01
1.8000e+02 2.6790e+02 1.6032e+01
2.1000e+02 2.6562e+02 1.4966e+01
2.4000e+02 2.7600e+02 2.2584e+01
2.7000e+02 2.8767e+02 1.3165e+01
3.0000e+02 2.6888e+02 1.8440e+01
3.3000e+02 2.6399e+02 1.1862e+01
/newplot
/plotname baseline
0.000000e+00 2.455726e+02
3.300000e+02 2.455726e+02
