/newplot
/plotname contrast2=0.0
0.0000e+00 2.3869e+02 1.1614e+01
3.0000e+01 2.2673e+02 7.1304e+00
6.0000e+01 2.2988e+02 1.1326e+01
9.0000e+01 2.3856e+02 1.2725e+01
1.2000e+02 2.4519e+02 1.2908e+01
1.5000e+02 2.2774e+02 4.9679e+00
1.8000e+02 2.2190e+02 6.3925e+00
2.1000e+02 2.2936e+02 1.0948e+01
2.4000e+02 2.2941e+02 1.2124e+01
2.7000e+02 2.4365e+02 1.5191e+01
3.0000e+02 2.3765e+02 1.0021e+01
3.3000e+02 2.3292e+02 1.3684e+01
/newplot
/plotname contrast2=0.5
0.0000e+00 2.4380e+02 1.4643e+01
3.0000e+01 2.3879e+02 1.3117e+01
6.0000e+01 2.3173e+02 9.3222e+00
9.0000e+01 2.3890e+02 1.8154e+01
1.2000e+02 2.4811e+02 8.3067e+00
1.5000e+02 2.4008e+02 2.0356e+00
1.8000e+02 2.4659e+02 9.1321e+00
2.1000e+02 2.4495e+02 9.4743e+00
2.4000e+02 2.5007e+02 9.3601e+00
2.7000e+02 2.4641e+02 7.7638e+00
3.0000e+02 2.5022e+02 1.4392e+01
3.3000e+02 2.4541e+02 1.3539e+01
/newplot
/plotname baseline
0.000000e+00 2.275189e+02
3.300000e+02 2.275189e+02
