/newplot
/plotname contrast2=0.0
0.0000e+00 7.4177e+02 7.0777e+01
3.0000e+01 8.0219e+02 2.0606e+02
6.0000e+01 7.7847e+02 1.5972e+02
9.0000e+01 7.4455e+02 1.0465e+02
1.2000e+02 7.8440e+02 1.2058e+02
1.5000e+02 8.4824e+02 1.5287e+02
1.8000e+02 8.3516e+02 1.5260e+02
2.1000e+02 7.2415e+02 6.4354e+01
2.4000e+02 7.8185e+02 9.0787e+01
2.7000e+02 7.6730e+02 9.3599e+01
3.0000e+02 7.9467e+02 9.9947e+01
3.3000e+02 8.2369e+02 1.9600e+02
/newplot
/plotname contrast2=0.5
0.0000e+00 7.5095e+02 1.0423e+02
3.0000e+01 7.7566e+02 1.7090e+02
6.0000e+01 8.3395e+02 1.6340e+02
9.0000e+01 8.0453e+02 1.3627e+02
1.2000e+02 7.7692e+02 1.6798e+02
1.5000e+02 7.9464e+02 1.7593e+02
1.8000e+02 8.5320e+02 1.8159e+02
2.1000e+02 7.3815e+02 4.3332e+01
2.4000e+02 9.3264e+02 2.4226e+02
2.7000e+02 8.6443e+02 1.1639e+02
3.0000e+02 8.2438e+02 1.4847e+02
3.3000e+02 8.3830e+02 2.6361e+02
/newplot
/plotname baseline
0.000000e+00 7.563079e+02
3.300000e+02 7.563079e+02
