/newplot
/plotname contrast2=0.0
0.0000e+00 4.2101e+02 3.9504e+01
3.0000e+01 3.9750e+02 2.2786e+01
6.0000e+01 3.9680e+02 2.0424e+01
9.0000e+01 4.0903e+02 1.8975e+01
1.2000e+02 3.9441e+02 5.4471e+01
1.5000e+02 4.1217e+02 3.3675e+01
1.8000e+02 4.0730e+02 2.2675e+01
2.1000e+02 3.9233e+02 2.9352e+01
2.4000e+02 3.8757e+02 3.5549e+01
2.7000e+02 3.8446e+02 3.5346e+01
3.0000e+02 3.8804e+02 3.0311e+01
3.3000e+02 4.3385e+02 2.6805e+01
/newplot
/plotname contrast2=0.5
0.0000e+00 4.0069e+02 3.6587e+01
3.0000e+01 3.9857e+02 2.4224e+01
6.0000e+01 4.0393e+02 4.0781e+01
9.0000e+01 4.1411e+02 3.0188e+01
1.2000e+02 3.9525e+02 1.5167e+01
1.5000e+02 4.1403e+02 9.9258e+00
1.8000e+02 4.2006e+02 1.8848e+01
2.1000e+02 4.1146e+02 3.2975e+01
2.4000e+02 4.1438e+02 2.8084e+01
2.7000e+02 4.2116e+02 3.0644e+01
3.0000e+02 3.9215e+02 2.2084e+01
3.3000e+02 4.0142e+02 2.6855e+01
/newplot
/plotname baseline
0.000000e+00 3.810080e+02
3.300000e+02 3.810080e+02
