/newplot
/plotname contrast2=0.0
0.0000e+00 3.1868e+02 1.9632e+01
3.0000e+01 3.0285e+02 9.3993e+00
6.0000e+01 3.0026e+02 2.5117e+01
9.0000e+01 2.9667e+02 1.6050e+01
1.2000e+02 2.9965e+02 2.0362e+01
1.5000e+02 3.1440e+02 1.0802e+01
1.8000e+02 3.2293e+02 1.7196e+01
2.1000e+02 3.0657e+02 2.1806e+01
2.4000e+02 3.0721e+02 1.6461e+01
2.7000e+02 2.9640e+02 1.3302e+01
3.0000e+02 3.0181e+02 1.4244e+01
3.3000e+02 3.1636e+02 1.5726e+01
/newplot
/plotname contrast2=0.5
0.0000e+00 3.0915e+02 2.2189e+01
3.0000e+01 3.0156e+02 1.5516e+01
6.0000e+01 3.1027e+02 2.0597e+01
9.0000e+01 3.1983e+02 9.3257e+00
1.2000e+02 3.1563e+02 1.8130e+01
1.5000e+02 3.1129e+02 1.4524e+01
1.8000e+02 3.1461e+02 1.0300e+01
2.1000e+02 3.2161e+02 2.4851e+01
2.4000e+02 3.4604e+02 2.9517e+01
2.7000e+02 3.3652e+02 2.6084e+01
3.0000e+02 3.1730e+02 1.3609e+01
3.3000e+02 3.0399e+02 1.0124e+01
/newplot
/plotname baseline
0.000000e+00 2.923428e+02
3.300000e+02 2.923428e+02
