/newplot
/plotname contrast2=0.0
0.0000e+00 2.4117e+02 8.1788e+00
3.0000e+01 2.5103e+02 1.4023e+01
6.0000e+01 2.4262e+02 1.0004e+01
9.0000e+01 2.5942e+02 1.2424e+01
1.2000e+02 2.3792e+02 1.5810e+01
1.5000e+02 2.4391e+02 1.5944e+01
1.8000e+02 2.4299e+02 1.7455e+01
2.1000e+02 2.3945e+02 2.1443e+01
2.4000e+02 2.4193e+02 7.5033e+00
2.7000e+02 2.4412e+02 8.0775e+00
3.0000e+02 2.4827e+02 1.1460e+01
3.3000e+02 2.4855e+02 1.2490e+01
/newplot
/plotname contrast2=0.5
0.0000e+00 2.5372e+02 1.4310e+01
3.0000e+01 2.4539e+02 2.0130e+01
6.0000e+01 2.4297e+02 1.4878e+01
9.0000e+01 2.4208e+02 1.1899e+01
1.2000e+02 2.4837e+02 2.1042e+01
1.5000e+02 2.5422e+02 1.3536e+01
1.8000e+02 2.3938e+02 1.2355e+01
2.1000e+02 2.5044e+02 2.3693e+01
2.4000e+02 2.5371e+02 1.9653e+01
2.7000e+02 2.5017e+02 1.8180e+01
3.0000e+02 2.5434e+02 1.3240e+01
3.3000e+02 2.4319e+02 1.9260e+01
/newplot
/plotname baseline
0.000000e+00 2.354884e+02
3.300000e+02 2.354884e+02
