/newplot
/plotname contrast2=0.0
0.0000e+00 3.9090e+02 3.1329e+01
3.0000e+01 3.5014e+02 1.6640e+01
6.0000e+01 3.6335e+02 2.8543e+01
9.0000e+01 3.6315e+02 8.5197e+00
1.2000e+02 3.5810e+02 2.9336e+01
1.5000e+02 3.8304e+02 1.1069e+01
1.8000e+02 3.8413e+02 1.8022e+01
2.1000e+02 3.7420e+02 2.2207e+01
2.4000e+02 3.5630e+02 2.5691e+01
2.7000e+02 3.6226e+02 2.7050e+01
3.0000e+02 3.6493e+02 1.7027e+01
3.3000e+02 3.8282e+02 3.0548e+01
/newplot
/plotname contrast2=0.5
0.0000e+00 3.7923e+02 1.5961e+01
3.0000e+01 3.6949e+02 2.2685e+01
6.0000e+01 3.8331e+02 2.3862e+01
9.0000e+01 3.8758e+02 2.7182e+01
1.2000e+02 3.7290e+02 2.4993e+01
1.5000e+02 3.7057e+02 1.0178e+01
1.8000e+02 3.9313e+02 1.4062e+01
2.1000e+02 3.6955e+02 2.7017e+01
2.4000e+02 3.9702e+02 2.3796e+01
2.7000e+02 4.0042e+02 3.0059e+01
3.0000e+02 3.8524e+02 1.7258e+01
3.3000e+02 3.7655e+02 2.3858e+01
/newplot
/plotname baseline
0.000000e+00 3.583866e+02
3.300000e+02 3.583866e+02
