/newplot
/plotname contrast2=0.0
0.0000e+00 4.5940e+02 2.1139e+01
3.0000e+01 5.5227e+02 2.4485e+02
6.0000e+01 4.1468e+02 1.7544e+01
9.0000e+01 5.4602e+02 1.8521e+02
1.2000e+02 4.5259e+02 5.4102e+01
1.5000e+02 8.7208e+02 1.7218e+02
1.8000e+02 4.7601e+02 9.0936e+01
2.1000e+02 4.2275e+02 2.9289e+01
2.4000e+02 4.1168e+02 1.5944e+01
2.7000e+02 4.2687e+02 2.8824e+01
3.0000e+02 4.3807e+02 3.1399e+01
3.3000e+02 5.6131e+02 6.9747e+01
/newplot
/plotname contrast2=0.5
0.0000e+00 4.5678e+02 5.2248e+01
3.0000e+01 4.6166e+02 6.3246e+01
6.0000e+01 5.5764e+02 8.8455e+01
9.0000e+01 4.4864e+02 3.2735e+01
1.2000e+02 4.9895e+02 9.0418e+01
1.5000e+02 6.7390e+02 1.4406e+02
1.8000e+02 4.6679e+02 6.9279e+01
2.1000e+02 4.9081e+02 1.0124e+02
2.4000e+02 5.1384e+02 5.9582e+01
2.7000e+02 4.6620e+02 3.4580e+01
3.0000e+02 4.5521e+02 2.1405e+01
3.3000e+02 5.0842e+02 7.3506e+01
/newplot
/plotname baseline
0.000000e+00 4.632706e+02
3.300000e+02 4.632706e+02
