/newplot
/plotname contrast2=0.0
0.0000e+00 2.2087e+02 1.3246e+01
3.0000e+01 2.5685e+02 2.8539e+01
6.0000e+01 2.3230e+02 1.3396e+01
9.0000e+01 2.2659e+02 1.8468e+01
1.2000e+02 2.1053e+02 1.5885e+01
1.5000e+02 2.1244e+02 1.1254e+01
1.8000e+02 2.2199e+02 6.1148e+00
2.1000e+02 2.1497e+02 9.5612e+00
2.4000e+02 2.1874e+02 1.2502e+01
2.7000e+02 2.1609e+02 1.1200e+01
3.0000e+02 2.1238e+02 1.7200e+01
3.3000e+02 2.1481e+02 6.9123e+00
/newplot
/plotname contrast2=0.5
0.0000e+00 2.1525e+02 8.8683e+00
3.0000e+01 2.1520e+02 1.0119e+01
6.0000e+01 2.3003e+02 2.0434e+01
9.0000e+01 2.2211e+02 9.5294e+00
1.2000e+02 2.1855e+02 1.2027e+01
1.5000e+02 2.2164e+02 9.9771e+00
1.8000e+02 2.2111e+02 1.3147e+01
2.1000e+02 2.1961e+02 1.6789e+01
2.4000e+02 2.3114e+02 1.0002e+01
2.7000e+02 2.2530e+02 1.0638e+01
3.0000e+02 2.0865e+02 1.6722e+01
3.3000e+02 2.2210e+02 2.1834e+01
/newplot
/plotname baseline
0.000000e+00 2.042030e+02
3.300000e+02 2.042030e+02
