/newplot
/plotname contrast2=0.0
0.0000e+00 3.6539e+02 1.4901e+01
3.0000e+01 3.6875e+02 1.0176e+01
6.0000e+01 3.6861e+02 1.5486e+01
9.0000e+01 3.7404e+02 1.5121e+01
1.2000e+02 3.9391e+02 3.6700e+01
1.5000e+02 3.9191e+02 1.5781e+01
1.8000e+02 3.6870e+02 1.9269e+01
2.1000e+02 3.7057e+02 2.4877e+01
2.4000e+02 3.6889e+02 1.3629e+01
2.7000e+02 3.8660e+02 3.0772e+01
3.0000e+02 4.0988e+02 2.9053e+01
3.3000e+02 4.0197e+02 1.7154e+01
/newplot
/plotname contrast2=0.5
0.0000e+00 4.0073e+02 3.6197e+01
3.0000e+01 3.9117e+02 1.3821e+01
6.0000e+01 4.0431e+02 3.7912e+01
9.0000e+01 3.7462e+02 3.2588e+01
1.2000e+02 3.9456e+02 3.0119e+01
1.5000e+02 4.0070e+02 1.9454e+01
1.8000e+02 3.9747e+02 3.4144e+01
2.1000e+02 4.0183e+02 2.5890e+01
2.4000e+02 4.3817e+02 5.6230e+01
2.7000e+02 4.1458e+02 3.3059e+01
3.0000e+02 4.0980e+02 1.2372e+01
3.3000e+02 4.0285e+02 4.0304e+01
/newplot
/plotname baseline
0.000000e+00 3.589631e+02
3.300000e+02 3.589631e+02
