/newplot
/plotname contrast2=0.0
0.0000e+00 9.6245e+02 5.6896e+01
3.0000e+01 9.9590e+02 4.6000e+01
6.0000e+01 9.8079e+02 4.0600e+01
9.0000e+01 9.9385e+02 4.3096e+01
1.2000e+02 1.0125e+03 3.9043e+01
1.5000e+02 1.0327e+03 6.1305e+01
1.8000e+02 9.9730e+02 6.5504e+01
2.1000e+02 9.6565e+02 8.8594e+01
2.4000e+02 9.6140e+02 4.0824e+01
2.7000e+02 9.6391e+02 5.7312e+01
3.0000e+02 9.9045e+02 5.2095e+01
3.3000e+02 9.9394e+02 4.9214e+01
/newplot
/plotname contrast2=0.5
0.0000e+00 1.0030e+03 2.9401e+01
3.0000e+01 9.8947e+02 6.6205e+01
6.0000e+01 1.0334e+03 5.0009e+01
9.0000e+01 9.8449e+02 4.6556e+01
1.2000e+02 9.8877e+02 7.7672e+01
1.5000e+02 1.0145e+03 4.6613e+01
1.8000e+02 9.8082e+02 4.9337e+01
2.1000e+02 1.0031e+03 1.5011e+01
2.4000e+02 1.0234e+03 6.9622e+01
2.7000e+02 1.0159e+03 7.0929e+01
3.0000e+02 1.0102e+03 6.3348e+01
3.3000e+02 9.9960e+02 2.7187e+01
/newplot
/plotname baseline
0.000000e+00 9.693183e+02
3.300000e+02 9.693183e+02
