/newplot
/plotname contrast2=0.0
0.0000e+00 2.6529e+02 7.7180e+00
3.0000e+01 2.5802e+02 8.9512e+00
6.0000e+01 2.6479e+02 1.1642e+01
9.0000e+01 2.6329e+02 7.9365e+00
1.2000e+02 2.6367e+02 6.1223e+00
1.5000e+02 2.7108e+02 1.1811e+01
1.8000e+02 2.6767e+02 1.1167e+01
2.1000e+02 2.5353e+02 7.5476e+00
2.4000e+02 2.6002e+02 1.2102e+01
2.7000e+02 2.6384e+02 7.0397e+00
3.0000e+02 2.7370e+02 7.7793e+00
3.3000e+02 2.8352e+02 1.5785e+01
/newplot
/plotname contrast2=0.5
0.0000e+00 2.6407e+02 1.0312e+01
3.0000e+01 2.6703e+02 8.9406e+00
6.0000e+01 2.6775e+02 5.0337e+00
9.0000e+01 2.6656e+02 1.2255e+01
1.2000e+02 2.7192e+02 1.4170e+01
1.5000e+02 2.6638e+02 8.9467e+00
1.8000e+02 2.6824e+02 1.4265e+01
2.1000e+02 2.7355e+02 7.9136e+00
2.4000e+02 2.6659e+02 1.1986e+01
2.7000e+02 2.7911e+02 7.7096e+00
3.0000e+02 2.7018e+02 7.8469e+00
3.3000e+02 2.6928e+02 1.3637e+01
/newplot
/plotname baseline
0.000000e+00 2.535555e+02
3.300000e+02 2.535555e+02
