/newplot
/plotname contrast2=0.0
0.0000e+00 5.2088e+02 2.3812e+01
3.0000e+01 5.2608e+02 3.2207e+01
6.0000e+01 6.4018e+02 1.1921e+02
9.0000e+01 5.2738e+02 1.8725e+01
1.2000e+02 5.1849e+02 3.7580e+01
1.5000e+02 5.0200e+02 1.7996e+01
1.8000e+02 5.1490e+02 1.9553e+01
2.1000e+02 5.2512e+02 2.0344e+01
2.4000e+02 8.2527e+02 2.1159e+02
2.7000e+02 5.4952e+02 4.8615e+01
3.0000e+02 5.4180e+02 5.6424e+01
3.3000e+02 5.3121e+02 3.8769e+01
/newplot
/plotname contrast2=0.5
0.0000e+00 5.6003e+02 9.9934e+01
3.0000e+01 5.4146e+02 5.1700e+01
6.0000e+01 5.6908e+02 3.4213e+01
9.0000e+01 5.2158e+02 1.6788e+01
1.2000e+02 5.6526e+02 2.9746e+01
1.5000e+02 9.1858e+02 2.3083e+02
1.8000e+02 5.3149e+02 2.0242e+01
2.1000e+02 5.4136e+02 1.3846e+01
2.4000e+02 7.0901e+02 1.2988e+02
2.7000e+02 5.5345e+02 3.1521e+01
3.0000e+02 5.5014e+02 2.3891e+01
3.3000e+02 5.9751e+02 9.5226e+01
/newplot
/plotname baseline
0.000000e+00 5.293964e+02
3.300000e+02 5.293964e+02
