/newplot
/plotname contrast2=0.0
0.0000e+00 5.9571e+02 1.2704e+01
3.0000e+01 5.6972e+02 1.3369e+01
6.0000e+01 5.9940e+02 3.1274e+01
9.0000e+01 5.9688e+02 2.0294e+01
1.2000e+02 6.0404e+02 3.3841e+01
1.5000e+02 5.9889e+02 1.2492e+01
1.8000e+02 5.9890e+02 1.4372e+01
2.1000e+02 5.9934e+02 1.2369e+01
2.4000e+02 5.9159e+02 2.3644e+01
2.7000e+02 5.9960e+02 2.3120e+01
3.0000e+02 5.9707e+02 1.6006e+01
3.3000e+02 5.9041e+02 9.9625e+00
/newplot
/plotname contrast2=0.5
0.0000e+00 5.9723e+02 2.5471e+01
3.0000e+01 5.8864e+02 2.8523e+01
6.0000e+01 6.2061e+02 1.9083e+01
9.0000e+01 6.0325e+02 2.8238e+01
1.2000e+02 6.0590e+02 2.9412e+01
1.5000e+02 5.9587e+02 1.1951e+01
1.8000e+02 6.0053e+02 1.8521e+01
2.1000e+02 6.1312e+02 2.1185e+01
2.4000e+02 6.1391e+02 2.9392e+01
2.7000e+02 6.1249e+02 9.8071e+00
3.0000e+02 6.0170e+02 1.3226e+01
3.3000e+02 6.1467e+02 2.2722e+01
/newplot
/plotname baseline
0.000000e+00 5.824406e+02
3.300000e+02 5.824406e+02
