/newplot
/plotname contrast2=0.0
0.0000e+00 2.6654e+02 1.5851e+01
3.0000e+01 2.7285e+02 9.1805e+00
6.0000e+01 2.6957e+02 2.0447e+01
9.0000e+01 2.9250e+02 8.8804e+00
1.2000e+02 2.7334e+02 2.1317e+01
1.5000e+02 2.6392e+02 5.4765e+00
1.8000e+02 2.6601e+02 1.2900e+01
2.1000e+02 2.6764e+02 1.6497e+01
2.4000e+02 2.8886e+02 2.5124e+01
2.7000e+02 3.0485e+02 3.3619e+01
3.0000e+02 2.7530e+02 1.5670e+01
3.3000e+02 2.6670e+02 1.5089e+01
/newplot
/plotname contrast2=0.5
0.0000e+00 2.9643e+02 2.2161e+01
3.0000e+01 2.7814e+02 1.7339e+01
6.0000e+01 2.8220e+02 2.0578e+01
9.0000e+01 2.8747e+02 1.6656e+01
1.2000e+02 3.0469e+02 1.8384e+01
1.5000e+02 3.0004e+02 1.9772e+01
1.8000e+02 2.9831e+02 1.7788e+01
2.1000e+02 2.8620e+02 1.0891e+01
2.4000e+02 2.9709e+02 2.2993e+01
2.7000e+02 3.0812e+02 2.7679e+01
3.0000e+02 3.0746e+02 2.9245e+01
3.3000e+02 3.0678e+02 2.8853e+01
/newplot
/plotname baseline
0.000000e+00 2.607689e+02
3.300000e+02 2.607689e+02
