/newplot
/plotname contrast2=0.0
0.0000e+00 2.3530e+02 1.1420e+01
3.0000e+01 2.2369e+02 1.0777e+01
6.0000e+01 2.1295e+02 1.1718e+01
9.0000e+01 2.4252e+02 1.1344e+01
1.2000e+02 2.3153e+02 2.1166e+01
1.5000e+02 2.3458e+02 7.4557e+00
1.8000e+02 2.2326e+02 1.5784e+01
2.1000e+02 2.2203e+02 1.2550e+01
2.4000e+02 2.2682e+02 1.5296e+01
2.7000e+02 2.2552e+02 1.5929e+01
3.0000e+02 2.3798e+02 1.3578e+01
3.3000e+02 2.3449e+02 1.4708e+01
/newplot
/plotname contrast2=0.5
0.0000e+00 2.3660e+02 1.1518e+01
3.0000e+01 2.3930e+02 2.0670e+01
6.0000e+01 2.3931e+02 1.7068e+01
9.0000e+01 2.3201e+02 1.2107e+01
1.2000e+02 2.3466e+02 1.9308e+01
1.5000e+02 2.3860e+02 1.7598e+01
1.8000e+02 2.2983e+02 6.5908e+00
2.1000e+02 2.4808e+02 1.3048e+01
2.4000e+02 2.3855e+02 1.3757e+01
2.7000e+02 2.4002e+02 1.3576e+01
3.0000e+02 2.5187e+02 1.6127e+01
3.3000e+02 2.2392e+02 1.7113e+01
/newplot
/plotname baseline
0.000000e+00 2.184527e+02
3.300000e+02 2.184527e+02
