/newplot
/plotname contrast2=0.0
0.0000e+00 4.3089e+02 3.6177e+01
3.0000e+01 4.2777e+02 3.7393e+01
6.0000e+01 4.0883e+02 4.6520e+01
9.0000e+01 3.7560e+02 1.7380e+01
1.2000e+02 3.9951e+02 2.9573e+01
1.5000e+02 3.7537e+02 1.7405e+01
1.8000e+02 3.9373e+02 5.1607e+01
2.1000e+02 4.1513e+02 6.3426e+01
2.4000e+02 4.1570e+02 4.4775e+01
2.7000e+02 4.1771e+02 4.3613e+01
3.0000e+02 3.9401e+02 3.3322e+01
3.3000e+02 3.9986e+02 2.5323e+01
/newplot
/plotname contrast2=0.5
0.0000e+00 3.7647e+02 2.1904e+01
3.0000e+01 4.0034e+02 1.6323e+01
6.0000e+01 3.9887e+02 2.5304e+01
9.0000e+01 4.0664e+02 4.5136e+01
1.2000e+02 4.0779e+02 1.2224e+01
1.5000e+02 3.8093e+02 2.1832e+01
1.8000e+02 3.8759e+02 2.6392e+01
2.1000e+02 3.8790e+02 1.7373e+01
2.4000e+02 4.1751e+02 6.0284e+01
2.7000e+02 4.3573e+02 4.9555e+01
3.0000e+02 4.6443e+02 4.4926e+01
3.3000e+02 4.0243e+02 4.5267e+01
/newplot
/plotname baseline
0.000000e+00 3.721474e+02
3.300000e+02 3.721474e+02
