/newplot
/plotname contrast2=0.0
0.0000e+00 4.1989e+02 1.8501e+01
3.0000e+01 4.0959e+02 7.5924e+00
6.0000e+01 4.1414e+02 1.3860e+01
9.0000e+01 4.1192e+02 1.6827e+01
1.2000e+02 4.1174e+02 7.7223e+00
1.5000e+02 4.2602e+02 1.5598e+01
1.8000e+02 4.4713e+02 1.4494e+01
2.1000e+02 4.1642e+02 2.4575e+01
2.4000e+02 4.1410e+02 1.1242e+01
2.7000e+02 4.2261e+02 1.3353e+01
3.0000e+02 4.2322e+02 2.1918e+01
3.3000e+02 4.2906e+02 3.5493e+01
/newplot
/plotname contrast2=0.5
0.0000e+00 4.1669e+02 2.3695e+01
3.0000e+01 4.1684e+02 1.3635e+01
6.0000e+01 4.4696e+02 1.8826e+01
9.0000e+01 4.3925e+02 9.6691e+00
1.2000e+02 4.2145e+02 3.1626e+01
1.5000e+02 4.1926e+02 1.7899e+01
1.8000e+02 4.1449e+02 1.8634e+01
2.1000e+02 4.3158e+02 3.1654e+01
2.4000e+02 4.5896e+02 3.4502e+01
2.7000e+02 4.3890e+02 2.4919e+01
3.0000e+02 4.2996e+02 1.8101e+01
3.3000e+02 4.1951e+02 2.2441e+01
/newplot
/plotname baseline
0.000000e+00 4.076788e+02
3.300000e+02 4.076788e+02
