/newplot
/plotname contrast2=0.0
0.0000e+00 3.5193e+02 4.8411e+01
3.0000e+01 3.7836e+02 5.4775e+01
6.0000e+01 3.6013e+02 5.5966e+01
9.0000e+01 3.6143e+02 7.2682e+01
1.2000e+02 3.4773e+02 2.7952e+01
1.5000e+02 3.3949e+02 4.1293e+01
1.8000e+02 3.6887e+02 6.3568e+01
2.1000e+02 3.7813e+02 6.1201e+01
2.4000e+02 3.7385e+02 5.5146e+01
2.7000e+02 3.4569e+02 2.2121e+01
3.0000e+02 3.4816e+02 1.4598e+01
3.3000e+02 3.7607e+02 4.4987e+01
/newplot
/plotname contrast2=0.5
0.0000e+00 3.4174e+02 3.8473e+01
3.0000e+01 3.6719e+02 6.3807e+01
6.0000e+01 3.3529e+02 1.1970e+01
9.0000e+01 3.7302e+02 5.4272e+01
1.2000e+02 3.7182e+02 4.9249e+01
1.5000e+02 3.5750e+02 4.3223e+01
1.8000e+02 3.5728e+02 4.5076e+01
2.1000e+02 3.7369e+02 5.6251e+01
2.4000e+02 3.6157e+02 4.3581e+01
2.7000e+02 3.7853e+02 4.9254e+01
3.0000e+02 3.4798e+02 3.1120e+01
3.3000e+02 3.5906e+02 6.3255e+01
/newplot
/plotname baseline
0.000000e+00 3.412343e+02
3.300000e+02 3.412343e+02
