/newplot
/plotname contrast2=0.0
0.0000e+00 4.8194e+02 7.7556e+01
3.0000e+01 4.3837e+02 2.7218e+01
6.0000e+01 4.1805e+02 2.8686e+01
9.0000e+01 4.3152e+02 3.5430e+01
1.2000e+02 4.0638e+02 3.5757e+01
1.5000e+02 4.8253e+02 1.0561e+02
1.8000e+02 4.7391e+02 7.8843e+01
2.1000e+02 4.1377e+02 4.3162e+01
2.4000e+02 4.0819e+02 2.9540e+01
2.7000e+02 3.8984e+02 3.8044e+01
3.0000e+02 4.1449e+02 3.2414e+01
3.3000e+02 5.2322e+02 6.9960e+01
/newplot
/plotname contrast2=0.5
0.0000e+00 4.3843e+02 3.6555e+01
3.0000e+01 4.4606e+02 4.1469e+01
6.0000e+01 4.6002e+02 9.0873e+01
9.0000e+01 4.6665e+02 5.5485e+01
1.2000e+02 4.3163e+02 4.7454e+01
1.5000e+02 4.5629e+02 4.6091e+01
1.8000e+02 4.3976e+02 1.9831e+01
2.1000e+02 4.8419e+02 5.8018e+01
2.4000e+02 4.5706e+02 3.3770e+01
2.7000e+02 4.9911e+02 1.2466e+02
3.0000e+02 4.2700e+02 4.2787e+01
3.3000e+02 4.0686e+02 3.9438e+01
/newplot
/plotname baseline
0.000000e+00 4.109142e+02
3.300000e+02 4.109142e+02
