/newplot
/plotname contrast2=0.0
0.0000e+00 2.6790e+02 1.2182e+01
3.0000e+01 2.6958e+02 4.6939e+00
6.0000e+01 2.7057e+02 1.2457e+01
9.0000e+01 2.5975e+02 1.2471e+01
1.2000e+02 2.6588e+02 1.0122e+01
1.5000e+02 2.7638e+02 1.4129e+01
1.8000e+02 2.6581e+02 1.0287e+01
2.1000e+02 2.6199e+02 9.3454e+00
2.4000e+02 2.6469e+02 6.2858e+00
2.7000e+02 2.7376e+02 9.7842e+00
3.0000e+02 2.6962e+02 6.8057e+00
3.3000e+02 2.7052e+02 1.1445e+01
/newplot
/plotname contrast2=0.5
0.0000e+00 2.7749e+02 1.7641e+01
3.0000e+01 2.7021e+02 1.3694e+01
6.0000e+01 2.7263e+02 9.4087e+00
9.0000e+01 2.7835e+02 1.2160e+01
1.2000e+02 2.7644e+02 1.3064e+01
1.5000e+02 2.7225e+02 7.6855e+00
1.8000e+02 2.7252e+02 1.7826e+01
2.1000e+02 2.8066e+02 5.1816e+00
2.4000e+02 2.9325e+02 1.0857e+01
2.7000e+02 2.8447e+02 1.3791e+01
3.0000e+02 2.8378e+02 1.4854e+01
3.3000e+02 2.7573e+02 1.2250e+01
/newplot
/plotname baseline
0.000000e+00 2.599537e+02
3.300000e+02 2.599537e+02
