/newplot
/plotname contrast2=0.0
0.0000e+00 3.1461e+02 1.3417e+01
3.0000e+01 3.2428e+02 1.1845e+01
6.0000e+01 3.5043e+02 2.1529e+01
9.0000e+01 3.3952e+02 1.4707e+01
1.2000e+02 3.3068e+02 3.3240e+01
1.5000e+02 3.2519e+02 1.9680e+01
1.8000e+02 3.2753e+02 1.4118e+01
2.1000e+02 3.3210e+02 2.1707e+01
2.4000e+02 3.6930e+02 2.7053e+01
2.7000e+02 3.9308e+02 5.8408e+01
3.0000e+02 3.3285e+02 1.0619e+01
3.3000e+02 3.2638e+02 1.3105e+01
/newplot
/plotname contrast2=0.5
0.0000e+00 3.3821e+02 1.9355e+01
3.0000e+01 3.3924e+02 2.0369e+01
6.0000e+01 3.6175e+02 3.4985e+01
9.0000e+01 3.4025e+02 2.8330e+01
1.2000e+02 3.6567e+02 2.3149e+01
1.5000e+02 3.4711e+02 1.2409e+01
1.8000e+02 3.4844e+02 2.8855e+01
2.1000e+02 3.4647e+02 1.0692e+01
2.4000e+02 3.7041e+02 3.7781e+01
2.7000e+02 3.8509e+02 4.3970e+01
3.0000e+02 3.8337e+02 5.2001e+01
3.3000e+02 3.4103e+02 1.8744e+01
/newplot
/plotname baseline
0.000000e+00 3.277884e+02
3.300000e+02 3.277884e+02
