/newplot
/plotname contrast2=0.0
0.0000e+00 4.6375e+02 5.7060e+01
3.0000e+01 4.7763e+02 1.1042e+02
6.0000e+01 5.3861e+02 1.2120e+02
9.0000e+01 7.3126e+02 1.2181e+02
1.2000e+02 5.8293e+02 1.0615e+02
1.5000e+02 5.0165e+02 1.1008e+02
1.8000e+02 5.2154e+02 1.9360e+02
2.1000e+02 4.3190e+02 6.6149e+01
2.4000e+02 5.6740e+02 1.2624e+02
2.7000e+02 8.0448e+02 2.9748e+02
3.0000e+02 6.1466e+02 1.4695e+02
3.3000e+02 4.4895e+02 5.4347e+01
/newplot
/plotname contrast2=0.5
0.0000e+00 7.0485e+02 1.9804e+02
3.0000e+01 5.5114e+02 9.5594e+01
6.0000e+01 6.6467e+02 1.9688e+02
9.0000e+01 5.9262e+02 2.1733e+02
1.2000e+02 5.7385e+02 4.4453e+01
1.5000e+02 5.7600e+02 1.0697e+02
1.8000e+02 6.4437e+02 1.8514e+02
2.1000e+02 5.9882e+02 1.5607e+02
2.4000e+02 5.9239e+02 1.4134e+02
2.7000e+02 6.4607e+02 1.5706e+02
3.0000e+02 6.3398e+02 9.8037e+01
3.3000e+02 5.5727e+02 1.0292e+02
/newplot
/plotname baseline
0.000000e+00 5.211729e+02
3.300000e+02 5.211729e+02
