/newplot
/plotname contrast2=0.0
0.0000e+00 4.4636e+02 4.0506e+01
3.0000e+01 4.2195e+02 1.9380e+01
6.0000e+01 4.0772e+02 3.3415e+01
9.0000e+01 4.1169e+02 1.1528e+01
1.2000e+02 4.0227e+02 1.6998e+01
1.5000e+02 4.1227e+02 1.4634e+01
1.8000e+02 4.4615e+02 2.9959e+01
2.1000e+02 4.3650e+02 2.6918e+01
2.4000e+02 4.2376e+02 2.9225e+01
2.7000e+02 4.1235e+02 4.0391e+01
3.0000e+02 4.0401e+02 1.6541e+01
3.3000e+02 4.1668e+02 1.8700e+01
/newplot
/plotname contrast2=0.5
0.0000e+00 4.5066e+02 3.5606e+01
3.0000e+01 4.2882e+02 2.5845e+01
6.0000e+01 4.2959e+02 2.8488e+01
9.0000e+01 4.5555e+02 2.7465e+01
1.2000e+02 4.5505e+02 2.5487e+01
1.5000e+02 4.2596e+02 2.1480e+01
1.8000e+02 4.2757e+02 2.1658e+01
2.1000e+02 4.4073e+02 2.5781e+01
2.4000e+02 4.4040e+02 3.4183e+01
2.7000e+02 4.4808e+02 1.9700e+01
3.0000e+02 4.5437e+02 2.3318e+01
3.3000e+02 4.2774e+02 3.5642e+01
/newplot
/plotname baseline
0.000000e+00 4.014977e+02
3.300000e+02 4.014977e+02
