/newplot
/plotname contrast2=0.0
0.0000e+00 2.6368e+02 1.6958e+01
3.0000e+01 2.6619e+02 1.4093e+01
6.0000e+01 2.5777e+02 1.6908e+01
9.0000e+01 2.5239e+02 9.7122e+00
1.2000e+02 2.5236e+02 2.2462e+01
1.5000e+02 2.5614e+02 3.9555e+00
1.8000e+02 2.6446e+02 1.1512e+01
2.1000e+02 2.5749e+02 1.5560e+01
2.4000e+02 2.6217e+02 1.3410e+01
2.7000e+02 2.5725e+02 1.4492e+01
3.0000e+02 2.5645e+02 8.4877e+00
3.3000e+02 2.6632e+02 1.0489e+01
/newplot
/plotname contrast2=0.5
0.0000e+00 2.6661e+02 1.3242e+01
3.0000e+01 2.5605e+02 9.8664e+00
6.0000e+01 2.6159e+02 9.5849e+00
9.0000e+01 2.6666e+02 1.7868e+01
1.2000e+02 2.7950e+02 2.0184e+01
1.5000e+02 2.7809e+02 1.4939e+01
1.8000e+02 2.6647e+02 5.4649e+00
2.1000e+02 2.7234e+02 9.8575e+00
2.4000e+02 2.8165e+02 1.8642e+01
2.7000e+02 2.7896e+02 1.3095e+01
3.0000e+02 2.8344e+02 2.0877e+01
3.3000e+02 2.6967e+02 1.8842e+01
/newplot
/plotname baseline
0.000000e+00 2.492681e+02
3.300000e+02 2.492681e+02
