/newplot
/plotname contrast2=0.0
0.0000e+00 2.9582e+02 1.2382e+01
3.0000e+01 2.9653e+02 1.3408e+01
6.0000e+01 3.1882e+02 4.9610e+01
9.0000e+01 3.1381e+02 3.0324e+01
1.2000e+02 3.2003e+02 3.8725e+01
1.5000e+02 2.9225e+02 1.1106e+01
1.8000e+02 2.9806e+02 9.2212e+00
2.1000e+02 2.8863e+02 9.6375e+00
2.4000e+02 2.9855e+02 1.3704e+01
2.7000e+02 3.0254e+02 1.2663e+01
3.0000e+02 2.8939e+02 1.6264e+01
3.3000e+02 2.9272e+02 1.9020e+01
/newplot
/plotname contrast2=0.5
0.0000e+00 2.8904e+02 1.1448e+01
3.0000e+01 3.0009e+02 1.1590e+01
6.0000e+01 3.0266e+02 2.0479e+01
9.0000e+01 2.9850e+02 9.8103e+00
1.2000e+02 2.9129e+02 1.3849e+01
1.5000e+02 2.9424e+02 6.5185e+00
1.8000e+02 2.9969e+02 9.1217e+00
2.1000e+02 3.1268e+02 1.5942e+01
2.4000e+02 3.0082e+02 9.0049e+00
2.7000e+02 3.0220e+02 1.2354e+01
3.0000e+02 2.9975e+02 1.5024e+01
3.3000e+02 2.9999e+02 9.8391e+00
/newplot
/plotname baseline
0.000000e+00 2.819633e+02
3.300000e+02 2.819633e+02
