/newplot
/plotname contrast2=0.0
0.0000e+00 4.9307e+02 3.9510e+01
3.0000e+01 4.5826e+02 2.0163e+01
6.0000e+01 4.5984e+02 3.1799e+01
9.0000e+01 4.9220e+02 2.4807e+01
1.2000e+02 4.8510e+02 6.9515e+01
1.5000e+02 5.6004e+02 4.4905e+01
1.8000e+02 4.7557e+02 4.0399e+01
2.1000e+02 4.5169e+02 4.3726e+01
2.4000e+02 4.4732e+02 3.3883e+01
2.7000e+02 4.6271e+02 5.6751e+01
3.0000e+02 4.8841e+02 4.6995e+01
3.3000e+02 5.9879e+02 7.0786e+01
/newplot
/plotname contrast2=0.5
0.0000e+00 5.0209e+02 4.3975e+01
3.0000e+01 4.6797e+02 2.7914e+01
6.0000e+01 5.1321e+02 2.5220e+01
9.0000e+01 4.8072e+02 3.8936e+01
1.2000e+02 4.8270e+02 3.8859e+01
1.5000e+02 5.2418e+02 4.7158e+01
1.8000e+02 4.9062e+02 4.3178e+01
2.1000e+02 4.9199e+02 5.5920e+01
2.4000e+02 5.5177e+02 7.2694e+01
2.7000e+02 5.1447e+02 5.1199e+01
3.0000e+02 5.3308e+02 2.0261e+01
3.3000e+02 5.4326e+02 7.0949e+01
/newplot
/plotname baseline
0.000000e+00 4.705492e+02
3.300000e+02 4.705492e+02
