/newplot
/plotname contrast2=0.0
0.0000e+00 3.6119e+02 1.3415e+01
3.0000e+01 3.6088e+02 1.3885e+01
6.0000e+01 3.5939e+02 1.8814e+01
9.0000e+01 3.6605e+02 1.9975e+01
1.2000e+02 3.8389e+02 2.8429e+01
1.5000e+02 3.6766e+02 1.4544e+01
1.8000e+02 3.6219e+02 1.3868e+01
2.1000e+02 3.6133e+02 2.2074e+01
2.4000e+02 3.6654e+02 1.0117e+01
2.7000e+02 3.6916e+02 2.1677e+01
3.0000e+02 3.9232e+02 2.7972e+01
3.3000e+02 3.8197e+02 1.5416e+01
/newplot
/plotname contrast2=0.5
0.0000e+00 3.7721e+02 2.1553e+01
3.0000e+01 3.6416e+02 1.2478e+01
6.0000e+01 3.9559e+02 3.2345e+01
9.0000e+01 3.7939e+02 2.2433e+01
1.2000e+02 3.8228e+02 2.4066e+01
1.5000e+02 3.7587e+02 1.6093e+01
1.8000e+02 3.6920e+02 2.0467e+01
2.1000e+02 3.7494e+02 2.4766e+01
2.4000e+02 3.9740e+02 2.5623e+01
2.7000e+02 3.9481e+02 3.0259e+01
3.0000e+02 3.8195e+02 1.8567e+01
3.3000e+02 3.8408e+02 2.0866e+01
/newplot
/plotname baseline
0.000000e+00 3.510770e+02
3.300000e+02 3.510770e+02
