/newplot
/plotname contrast2=0.0
0.0000e+00 3.1326e+02 1.5431e+01
3.0000e+01 3.0410e+02 2.0714e+01
6.0000e+01 2.9967e+02 1.8986e+01
9.0000e+01 2.9772e+02 1.0594e+01
1.2000e+02 3.1902e+02 2.2066e+01
1.5000e+02 3.0235e+02 2.2619e+01
1.8000e+02 3.1736e+02 1.6629e+01
2.1000e+02 2.9460e+02 1.4884e+01
2.4000e+02 3.0723e+02 2.5075e+01
2.7000e+02 3.0845e+02 1.2959e+01
3.0000e+02 3.1450e+02 2.4284e+01
3.3000e+02 3.1348e+02 1.4179e+01
/newplot
/plotname contrast2=0.5
0.0000e+00 3.1610e+02 1.6565e+01
3.0000e+01 3.1461e+02 1.6648e+01
6.0000e+01 3.1424e+02 1.8796e+01
9.0000e+01 2.9931e+02 1.2513e+01
1.2000e+02 3.1310e+02 1.5997e+01
1.5000e+02 3.0924e+02 1.7905e+01
1.8000e+02 3.1137e+02 1.2112e+01
2.1000e+02 3.1931e+02 9.2449e+00
2.4000e+02 3.2472e+02 1.8589e+01
2.7000e+02 3.2746e+02 1.9419e+01
3.0000e+02 3.1830e+02 2.3077e+01
3.3000e+02 3.0254e+02 1.2804e+01
/newplot
/plotname baseline
0.000000e+00 3.037286e+02
3.300000e+02 3.037286e+02
