/newplot
/plotname contrast2=0.0
0.0000e+00 3.0887e+02 3.2418e+01
3.0000e+01 3.0163e+02 1.3599e+01
6.0000e+01 3.0809e+02 1.5326e+01
9.0000e+01 2.8493e+02 1.6045e+01
1.2000e+02 3.0070e+02 2.6498e+01
1.5000e+02 3.3153e+02 2.1070e+01
1.8000e+02 3.0595e+02 4.3613e+00
2.1000e+02 2.7952e+02 1.4920e+01
2.4000e+02 3.0569e+02 1.2253e+01
2.7000e+02 2.9733e+02 3.2247e+01
3.0000e+02 2.9991e+02 2.5863e+01
3.3000e+02 3.1997e+02 2.5886e+01
/newplot
/plotname contrast2=0.5
0.0000e+00 3.2204e+02 2.5716e+01
3.0000e+01 3.1055e+02 2.9235e+01
6.0000e+01 3.1583e+02 1.6620e+01
9.0000e+01 3.0435e+02 3.6982e+01
1.2000e+02 3.1696e+02 2.3045e+01
1.5000e+02 3.2791e+02 1.9180e+01
1.8000e+02 2.9873e+02 2.3847e+01
2.1000e+02 3.1748e+02 2.6468e+01
2.4000e+02 3.3205e+02 1.3548e+01
2.7000e+02 3.1500e+02 1.4610e+01
3.0000e+02 3.1682e+02 1.0899e+01
3.3000e+02 3.2876e+02 3.5687e+01
/newplot
/plotname baseline
0.000000e+00 2.850412e+02
3.300000e+02 2.850412e+02
