/newplot
/plotname contrast2=0.0
0.0000e+00 4.9797e+02 2.7724e+01
3.0000e+01 5.3014e+02 2.2795e+01
6.0000e+01 5.6424e+02 5.1517e+01
9.0000e+01 5.0321e+02 1.6627e+01
1.2000e+02 4.9299e+02 4.2399e+01
1.5000e+02 4.9627e+02 1.6104e+01
1.8000e+02 5.1469e+02 2.3263e+01
2.1000e+02 5.3238e+02 4.3169e+01
2.4000e+02 5.8516e+02 6.2295e+01
2.7000e+02 5.1387e+02 4.9919e+01
3.0000e+02 4.8036e+02 1.4007e+01
3.3000e+02 4.9604e+02 3.5968e+01
/newplot
/plotname contrast2=0.5
0.0000e+00 5.0970e+02 1.9991e+01
3.0000e+01 5.2754e+02 3.4348e+01
6.0000e+01 5.1714e+02 4.4186e+01
9.0000e+01 5.4950e+02 5.8730e+01
1.2000e+02 5.2428e+02 3.3409e+01
1.5000e+02 5.2160e+02 3.7193e+01
1.8000e+02 5.3315e+02 3.6921e+01
2.1000e+02 5.1454e+02 1.2844e+01
2.4000e+02 5.7300e+02 7.7351e+01
2.7000e+02 5.5416e+02 6.8891e+01
3.0000e+02 5.2256e+02 2.9158e+01
3.3000e+02 5.0539e+02 3.5588e+01
/newplot
/plotname baseline
0.000000e+00 4.828854e+02
3.300000e+02 4.828854e+02
