/newplot
/plotname contrast2=0.0
0.0000e+00 3.4093e+02 1.0202e+01
3.0000e+01 3.3637e+02 9.3763e+00
6.0000e+01 3.3948e+02 1.4085e+01
9.0000e+01 3.3732e+02 8.5540e+00
1.2000e+02 3.3274e+02 1.2962e+01
1.5000e+02 3.4242e+02 8.7478e+00
1.8000e+02 3.3810e+02 1.0380e+01
2.1000e+02 3.3934e+02 1.8450e+01
2.4000e+02 3.3926e+02 1.5048e+01
2.7000e+02 3.3702e+02 1.9725e+01
3.0000e+02 3.2431e+02 8.7919e+00
3.3000e+02 3.4632e+02 7.7842e+00
/newplot
/plotname contrast2=0.5
0.0000e+00 3.2695e+02 1.4805e+01
3.0000e+01 3.3740e+02 1.6921e+01
6.0000e+01 3.5359e+02 1.9167e+01
9.0000e+01 3.3847e+02 1.7937e+01
1.2000e+02 3.4210e+02 1.6750e+01
1.5000e+02 3.4244e+02 9.4339e+00
1.8000e+02 3.4383e+02 1.3154e+01
2.1000e+02 3.4724e+02 1.2957e+01
2.4000e+02 3.5354e+02 2.1835e+01
2.7000e+02 3.6085e+02 1.5043e+01
3.0000e+02 3.3680e+02 1.2738e+01
3.3000e+02 3.4255e+02 1.4607e+01
/newplot
/plotname baseline
0.000000e+00 3.303423e+02
3.300000e+02 3.303423e+02
