/newplot
/plotname contrast2=0.0
0.0000e+00 2.7251e+02 1.3654e+01
3.0000e+01 2.8399e+02 2.2733e+01
6.0000e+01 2.6562e+02 2.0932e+01
9.0000e+01 2.6731e+02 4.0142e+00
1.2000e+02 2.6590e+02 1.7456e+01
1.5000e+02 2.6189e+02 1.3187e+01
1.8000e+02 2.6702e+02 1.6066e+01
2.1000e+02 2.7148e+02 9.8983e+00
2.4000e+02 2.7024e+02 4.0250e+01
2.7000e+02 2.6209e+02 1.7397e+01
3.0000e+02 2.6166e+02 1.8563e+01
3.3000e+02 2.5909e+02 1.1291e+01
/newplot
/plotname contrast2=0.5
0.0000e+00 2.9013e+02 1.8537e+01
3.0000e+01 3.0022e+02 2.3664e+01
6.0000e+01 2.8894e+02 2.9324e+01
9.0000e+01 2.8203e+02 1.8163e+01
1.2000e+02 2.9059e+02 1.9252e+01
1.5000e+02 2.7611e+02 1.6665e+01
1.8000e+02 2.8191e+02 1.8561e+01
2.1000e+02 3.0720e+02 2.4989e+01
2.4000e+02 2.9646e+02 2.9319e+01
2.7000e+02 2.9898e+02 2.3368e+01
3.0000e+02 2.8326e+02 2.0293e+01
3.3000e+02 2.8210e+02 2.3329e+01
/newplot
/plotname baseline
0.000000e+00 2.571961e+02
3.300000e+02 2.571961e+02
