/newplot
/plotname contrast2=0.0
0.0000e+00 1.1151e+02 1.2677e+01
3.0000e+01 1.0930e+02 8.7513e+00
6.0000e+01 1.1754e+02 1.5037e+01
9.0000e+01 1.2037e+02 8.4152e+00
1.2000e+02 1.0827e+02 6.3043e+00
1.5000e+02 1.0296e+02 6.4536e+00
1.8000e+02 1.3147e+02 1.5631e+01
2.1000e+02 1.1336e+02 1.1905e+01
2.4000e+02 1.1290e+02 1.1119e+01
2.7000e+02 1.1133e+02 1.0239e+01
3.0000e+02 1.0699e+02 8.9441e+00
3.3000e+02 1.0435e+02 9.6058e+00
/newplot
/plotname contrast2=0.5
0.0000e+00 1.5874e+02 3.2475e+01
3.0000e+01 1.8052e+02 4.6150e+01
6.0000e+01 1.5838e+02 3.7729e+01
9.0000e+01 1.6060e+02 4.6581e+01
1.2000e+02 1.8837e+02 4.4021e+01
1.5000e+02 1.8718e+02 5.5113e+01
1.8000e+02 2.1333e+02 3.2490e+01
2.1000e+02 2.1879e+02 6.9398e+01
2.4000e+02 1.7249e+02 4.2776e+01
2.7000e+02 1.4960e+02 5.1152e+01
3.0000e+02 1.6300e+02 6.4027e+01
3.3000e+02 2.1783e+02 5.2694e+01
/newplot
/plotname baseline
0.000000e+00 1.043227e+02
3.300000e+02 1.043227e+02
