/newplot
/plotname contrast2=0.0
0.0000e+00 2.1998e+02 9.3825e+00
3.0000e+01 2.1359e+02 1.2839e+01
6.0000e+01 2.1370e+02 8.9535e+00
9.0000e+01 2.1600e+02 8.9375e+00
1.2000e+02 2.0905e+02 9.6299e+00
1.5000e+02 2.1270e+02 7.8104e+00
1.8000e+02 2.0942e+02 1.0328e+01
2.1000e+02 2.1195e+02 1.1326e+01
2.4000e+02 2.1428e+02 5.1779e+00
2.7000e+02 2.1686e+02 1.1789e+01
3.0000e+02 2.1258e+02 8.7972e+00
3.3000e+02 2.2220e+02 1.4731e+01
/newplot
/plotname contrast2=0.5
0.0000e+00 2.1402e+02 8.8336e+00
3.0000e+01 2.3097e+02 3.4157e+01
6.0000e+01 2.2415e+02 1.0778e+01
9.0000e+01 2.1561e+02 6.8908e+00
1.2000e+02 2.1120e+02 1.0220e+01
1.5000e+02 2.2042e+02 8.9677e+00
1.8000e+02 2.1287e+02 9.1577e+00
2.1000e+02 2.3063e+02 3.4586e+01
2.4000e+02 2.1757e+02 1.0097e+01
2.7000e+02 2.0662e+02 6.4427e+00
3.0000e+02 2.0374e+02 9.9605e+00
3.3000e+02 2.0878e+02 9.4192e+00
/newplot
/plotname baseline
0.000000e+00 2.051482e+02
3.300000e+02 2.051482e+02
