/newplot
/plotname contrast2=0.0
0.0000e+00 3.1511e+02 1.7550e+01
3.0000e+01 2.9948e+02 1.3077e+01
6.0000e+01 3.2931e+02 1.7809e+01
9.0000e+01 3.1558e+02 1.3119e+01
1.2000e+02 3.2394e+02 1.8287e+01
1.5000e+02 3.2364e+02 1.8214e+01
1.8000e+02 3.3103e+02 1.7804e+01
2.1000e+02 3.1141e+02 1.8972e+01
2.4000e+02 3.1810e+02 2.9256e+01
2.7000e+02 3.1743e+02 2.2187e+01
3.0000e+02 3.2780e+02 2.8248e+01
3.3000e+02 3.1456e+02 2.3181e+01
/newplot
/plotname contrast2=0.5
0.0000e+00 3.1723e+02 3.6562e+01
3.0000e+01 3.3311e+02 2.3757e+01
6.0000e+01 3.3944e+02 1.4853e+01
9.0000e+01 3.4081e+02 3.2069e+01
1.2000e+02 3.3192e+02 3.0380e+01
1.5000e+02 3.3608e+02 3.5064e+01
1.8000e+02 3.4163e+02 2.6474e+01
2.1000e+02 3.3523e+02 3.9897e+01
2.4000e+02 3.2750e+02 2.9950e+01
2.7000e+02 3.1576e+02 1.7166e+01
3.0000e+02 3.1579e+02 2.3497e+01
3.3000e+02 3.3091e+02 1.2820e+01
/newplot
/plotname baseline
0.000000e+00 3.047677e+02
3.300000e+02 3.047677e+02
