/newplot
/plotname contrast2=0.0
0.0000e+00 4.8397e+02 1.8790e+01
3.0000e+01 4.6309e+02 3.0416e+01
6.0000e+01 4.5156e+02 2.2712e+01
9.0000e+01 4.4686e+02 1.7288e+01
1.2000e+02 4.6786e+02 1.7972e+01
1.5000e+02 4.4584e+02 2.9927e+01
1.8000e+02 4.7435e+02 4.5251e+01
2.1000e+02 4.6226e+02 2.2871e+01
2.4000e+02 4.6919e+02 2.0358e+01
2.7000e+02 4.6282e+02 2.2523e+01
3.0000e+02 4.5761e+02 3.5261e+01
3.3000e+02 4.4737e+02 1.9636e+01
/newplot
/plotname contrast2=0.5
0.0000e+00 4.4608e+02 6.2707e+01
3.0000e+01 4.7717e+02 3.4768e+01
6.0000e+01 4.7573e+02 3.4935e+01
9.0000e+01 4.6699e+02 1.2980e+01
1.2000e+02 4.5572e+02 2.8444e+01
1.5000e+02 4.6654e+02 2.7166e+01
1.8000e+02 4.8013e+02 4.5008e+01
2.1000e+02 4.8377e+02 3.0067e+01
2.4000e+02 4.7480e+02 3.4234e+01
2.7000e+02 4.7737e+02 2.9801e+01
3.0000e+02 4.6233e+02 4.5072e+01
3.3000e+02 4.5854e+02 2.5600e+01
/newplot
/plotname baseline
0.000000e+00 4.427023e+02
3.300000e+02 4.427023e+02
