/newplot
/plotname contrast2=0.0
0.0000e+00 2.0933e+02 6.2914e+00
3.0000e+01 2.1921e+02 8.3075e+00
6.0000e+01 2.0797e+02 1.2855e+01
9.0000e+01 2.1414e+02 9.8774e+00
1.2000e+02 2.1067e+02 7.2607e+00
1.5000e+02 2.0521e+02 8.9440e+00
1.8000e+02 2.2398e+02 1.0738e+01
2.1000e+02 2.1871e+02 1.2312e+01
2.4000e+02 2.1137e+02 9.3912e+00
2.7000e+02 2.1028e+02 1.0049e+01
3.0000e+02 2.0504e+02 9.2359e+00
3.3000e+02 2.1176e+02 1.5104e+01
/newplot
/plotname contrast2=0.5
0.0000e+00 2.1566e+02 5.2451e+00
3.0000e+01 2.4230e+02 5.4123e+01
6.0000e+01 2.1440e+02 1.9769e+01
9.0000e+01 2.2536e+02 2.9394e+01
1.2000e+02 2.9735e+02 1.9556e+02
1.5000e+02 2.1672e+02 7.5768e+00
1.8000e+02 2.1822e+02 1.5191e+01
2.1000e+02 2.3834e+02 3.6726e+01
2.4000e+02 2.2794e+02 1.6724e+01
2.7000e+02 2.3347e+02 2.4148e+01
3.0000e+02 2.1851e+02 9.8882e+00
3.3000e+02 2.1228e+02 1.0195e+01
/newplot
/plotname baseline
0.000000e+00 2.057292e+02
3.300000e+02 2.057292e+02
