/newplot
/plotname contrast2=0.0
0.0000e+00 5.0437e+02 2.5490e+01
3.0000e+01 4.8140e+02 3.6510e+01
6.0000e+01 5.0852e+02 5.0315e+01
9.0000e+01 4.9936e+02 1.9506e+01
1.2000e+02 4.9947e+02 1.7810e+01
1.5000e+02 5.0257e+02 1.4622e+01
1.8000e+02 5.1305e+02 2.9223e+01
2.1000e+02 5.0480e+02 3.7737e+01
2.4000e+02 4.9366e+02 4.2387e+01
2.7000e+02 5.1743e+02 3.6717e+01
3.0000e+02 4.9948e+02 3.6981e+01
3.3000e+02 4.9142e+02 3.8599e+01
/newplot
/plotname contrast2=0.5
0.0000e+00 4.9367e+02 6.5762e+01
3.0000e+01 5.1281e+02 3.3816e+01
6.0000e+01 5.1865e+02 4.8025e+01
9.0000e+01 5.2205e+02 3.3447e+01
1.2000e+02 5.1922e+02 3.1534e+01
1.5000e+02 5.0851e+02 2.6860e+01
1.8000e+02 5.2622e+02 4.6632e+01
2.1000e+02 5.3308e+02 7.4106e+01
2.4000e+02 5.1640e+02 4.1605e+01
2.7000e+02 5.4008e+02 4.7497e+01
3.0000e+02 4.9320e+02 5.6989e+01
3.3000e+02 5.3651e+02 2.7087e+01
/newplot
/plotname baseline
0.000000e+00 4.886900e+02
3.300000e+02 4.886900e+02
