/newplot
/plotname contrast2=0.0
0.0000e+00 1.7545e+02 1.7838e+01
3.0000e+01 1.6050e+02 1.2190e+01
6.0000e+01 1.5705e+02 1.1192e+01
9.0000e+01 1.5705e+02 1.2538e+01
1.2000e+02 1.6611e+02 9.3502e+00
1.5000e+02 1.7541e+02 1.7232e+01
1.8000e+02 1.8790e+02 1.5474e+01
2.1000e+02 1.6821e+02 1.3207e+01
2.4000e+02 1.5938e+02 1.0962e+01
2.7000e+02 1.6168e+02 2.2569e+01
3.0000e+02 1.5705e+02 1.3532e+01
3.3000e+02 1.7423e+02 1.8528e+01
/newplot
/plotname contrast2=0.5
0.0000e+00 1.7050e+02 2.1252e+01
3.0000e+01 1.7410e+02 1.2254e+01
6.0000e+01 1.6819e+02 1.4527e+01
9.0000e+01 1.8310e+02 9.5307e+00
1.2000e+02 1.6678e+02 6.9866e+00
1.5000e+02 1.6729e+02 5.3098e+00
1.8000e+02 1.8163e+02 1.6328e+01
2.1000e+02 1.8561e+02 2.1411e+01
2.4000e+02 1.8050e+02 1.6232e+01
2.7000e+02 1.7307e+02 5.7744e+00
3.0000e+02 1.6661e+02 1.1262e+01
3.3000e+02 1.7037e+02 1.0159e+01
/newplot
/plotname baseline
0.000000e+00 1.588434e+02
3.300000e+02 1.588434e+02
