/newplot
/plotname contrast2=0.0
0.0000e+00 2.0560e+02 1.2908e+01
3.0000e+01 2.0192e+02 2.0274e+01
6.0000e+01 2.0549e+02 1.2303e+01
9.0000e+01 2.0621e+02 9.3592e+00
1.2000e+02 2.0473e+02 7.2810e+00
1.5000e+02 2.1332e+02 1.2483e+01
1.8000e+02 2.0472e+02 1.3454e+01
2.1000e+02 2.0723e+02 1.8686e+01
2.4000e+02 2.0905e+02 8.8993e+00
2.7000e+02 2.0772e+02 1.0599e+01
3.0000e+02 2.1045e+02 1.1590e+01
3.3000e+02 2.0195e+02 1.4287e+01
/newplot
/plotname contrast2=0.5
0.0000e+00 2.0848e+02 1.7625e+01
3.0000e+01 2.0974e+02 1.2114e+01
6.0000e+01 2.0324e+02 9.8834e+00
9.0000e+01 2.0984e+02 1.2733e+01
1.2000e+02 2.1350e+02 9.9172e+00
1.5000e+02 2.1817e+02 1.6079e+01
1.8000e+02 2.1453e+02 5.9646e+00
2.1000e+02 2.2926e+02 1.8683e+01
2.4000e+02 2.1857e+02 1.7540e+01
2.7000e+02 2.1265e+02 1.2812e+01
3.0000e+02 1.9969e+02 7.3279e+00
3.3000e+02 2.0647e+02 7.7644e+00
/newplot
/plotname baseline
0.000000e+00 2.007993e+02
3.300000e+02 2.007993e+02
