/newplot
/plotname contrast2=0.0
0.0000e+00 1.9656e+02 1.6301e+01
3.0000e+01 1.6634e+02 1.6855e+01
6.0000e+01 1.6485e+02 1.1125e+01
9.0000e+01 1.5482e+02 1.3692e+01
1.2000e+02 1.5965e+02 1.0196e+01
1.5000e+02 1.7809e+02 2.3430e+01
1.8000e+02 1.9253e+02 2.1779e+01
2.1000e+02 1.7229e+02 1.3319e+01
2.4000e+02 1.7529e+02 1.6830e+01
2.7000e+02 1.5765e+02 1.0443e+01
3.0000e+02 1.7058e+02 1.3269e+01
3.3000e+02 1.7775e+02 1.4463e+01
/newplot
/plotname contrast2=0.5
0.0000e+00 1.8512e+02 1.8067e+01
3.0000e+01 1.7896e+02 1.4957e+01
6.0000e+01 1.7274e+02 1.7914e+01
9.0000e+01 1.8586e+02 6.5035e+00
1.2000e+02 1.7382e+02 1.3040e+01
1.5000e+02 1.7735e+02 1.4575e+01
1.8000e+02 1.9118e+02 1.4570e+01
2.1000e+02 1.8110e+02 2.4080e+01
2.4000e+02 1.9107e+02 1.3605e+01
2.7000e+02 1.8582e+02 1.1958e+01
3.0000e+02 1.8375e+02 1.8975e+01
3.3000e+02 1.8212e+02 1.2070e+01
/newplot
/plotname baseline
0.000000e+00 1.619238e+02
3.300000e+02 1.619238e+02
