/newplot
/plotname contrast2=0.0
0.0000e+00 4.4264e+02 1.7662e+01
3.0000e+01 4.1838e+02 1.7588e+01
6.0000e+01 4.0522e+02 2.1254e+01
9.0000e+01 4.3282e+02 1.8430e+01
1.2000e+02 4.1624e+02 1.0372e+01
1.5000e+02 4.3768e+02 1.8774e+01
1.8000e+02 4.3129e+02 1.3461e+01
2.1000e+02 4.1853e+02 2.2899e+01
2.4000e+02 4.1517e+02 1.7701e+01
2.7000e+02 4.1009e+02 1.1465e+01
3.0000e+02 4.2418e+02 2.3134e+01
3.3000e+02 4.3696e+02 1.7694e+01
/newplot
/plotname contrast2=0.5
0.0000e+00 4.1919e+02 8.8278e+00
3.0000e+01 4.3885e+02 2.2651e+01
6.0000e+01 4.2611e+02 1.8313e+01
9.0000e+01 4.3026e+02 1.9360e+01
1.2000e+02 4.2372e+02 3.6576e+01
1.5000e+02 4.3692e+02 2.1908e+01
1.8000e+02 4.3222e+02 2.2669e+01
2.1000e+02 4.4845e+02 4.3575e+01
2.4000e+02 4.4258e+02 2.0691e+01
2.7000e+02 4.3574e+02 2.8058e+01
3.0000e+02 4.2104e+02 2.2143e+01
3.3000e+02 4.3026e+02 1.4322e+01
/newplot
/plotname baseline
0.000000e+00 4.099254e+02
3.300000e+02 4.099254e+02
