/newplot
/plotname contrast2=0.0
0.0000e+00 3.2398e+02 1.9739e+01
3.0000e+01 2.9884e+02 1.4652e+01
6.0000e+01 2.9539e+02 1.2466e+01
9.0000e+01 2.9594e+02 1.7135e+01
1.2000e+02 2.8815e+02 1.5665e+01
1.5000e+02 3.1857e+02 1.8703e+01
1.8000e+02 3.0512e+02 1.9941e+01
2.1000e+02 2.8673e+02 1.8228e+01
2.4000e+02 2.9118e+02 1.4053e+01
2.7000e+02 2.7729e+02 3.7664e+01
3.0000e+02 2.8763e+02 1.8567e+01
3.3000e+02 3.0065e+02 1.5209e+01
/newplot
/plotname contrast2=0.5
0.0000e+00 3.0633e+02 1.4169e+01
3.0000e+01 3.1708e+02 4.6424e+01
6.0000e+01 3.1746e+02 2.8234e+01
9.0000e+01 3.1518e+02 3.3582e+01
1.2000e+02 3.0590e+02 4.5606e+01
1.5000e+02 3.0512e+02 3.4267e+01
1.8000e+02 3.1099e+02 2.1039e+01
2.1000e+02 3.2825e+02 4.5075e+01
2.4000e+02 3.1624e+02 2.6304e+01
2.7000e+02 3.1800e+02 3.3720e+01
3.0000e+02 3.0743e+02 1.0077e+01
3.3000e+02 3.0121e+02 2.3778e+01
/newplot
/plotname baseline
0.000000e+00 2.849833e+02
3.300000e+02 2.849833e+02
