/newplot
/plotname contrast2=0.0
0.0000e+00 3.7556e+02 9.4963e+00
3.0000e+01 3.5788e+02 2.4201e+01
6.0000e+01 3.6828e+02 1.4248e+01
9.0000e+01 3.6512e+02 1.8106e+01
1.2000e+02 3.6924e+02 1.5312e+01
1.5000e+02 3.7045e+02 1.6956e+01
1.8000e+02 3.7363e+02 9.0114e+00
2.1000e+02 3.6443e+02 2.1859e+01
2.4000e+02 3.6625e+02 1.5692e+01
2.7000e+02 3.6503e+02 1.4838e+01
3.0000e+02 3.6964e+02 1.5369e+01
3.3000e+02 3.7201e+02 2.6241e+01
/newplot
/plotname contrast2=0.5
0.0000e+00 3.6368e+02 1.8960e+01
3.0000e+01 3.5874e+02 1.0877e+01
6.0000e+01 3.6132e+02 1.1683e+01
9.0000e+01 3.7454e+02 1.0914e+01
1.2000e+02 3.7041e+02 2.0030e+01
1.5000e+02 3.6898e+02 6.6334e+00
1.8000e+02 3.6989e+02 1.0262e+01
2.1000e+02 3.6289e+02 2.7468e+01
2.4000e+02 3.6544e+02 1.6652e+01
2.7000e+02 3.6075e+02 1.3428e+01
3.0000e+02 3.6231e+02 1.6088e+01
3.3000e+02 3.6057e+02 9.5929e+00
/newplot
/plotname baseline
0.000000e+00 3.631216e+02
3.300000e+02 3.631216e+02
