/newplot
/plotname contrast2=0.0
0.0000e+00 2.7137e+02 9.2748e+00
3.0000e+01 2.7318e+02 1.1333e+01
6.0000e+01 2.6287e+02 1.6553e+01
9.0000e+01 2.7320e+02 9.0087e+00
1.2000e+02 2.6923e+02 1.3222e+01
1.5000e+02 2.7405e+02 7.5092e+00
1.8000e+02 2.7694e+02 1.8556e+01
2.1000e+02 2.8479e+02 1.1866e+01
2.4000e+02 2.6485e+02 1.2830e+01
2.7000e+02 2.6106e+02 1.0360e+01
3.0000e+02 2.6498e+02 8.7427e+00
3.3000e+02 2.7977e+02 7.8270e+00
/newplot
/plotname contrast2=0.5
0.0000e+00 2.7001e+02 1.0218e+01
3.0000e+01 3.0205e+02 5.0483e+01
6.0000e+01 2.6627e+02 1.6508e+01
9.0000e+01 2.7809e+02 1.3477e+01
1.2000e+02 2.8280e+02 3.5855e+01
1.5000e+02 2.6763e+02 1.2550e+01
1.8000e+02 2.7437e+02 1.2225e+01
2.1000e+02 2.8752e+02 2.1521e+01
2.4000e+02 2.8993e+02 1.4785e+01
2.7000e+02 2.8765e+02 3.0742e+01
3.0000e+02 2.7179e+02 7.9041e+00
3.3000e+02 2.7864e+02 8.9543e+00
/newplot
/plotname baseline
0.000000e+00 2.629916e+02
3.300000e+02 2.629916e+02
