/newplot
/plotname contrast2=0.0
0.0000e+00 2.4432e+02 1.5403e+01
3.0000e+01 2.3179e+02 1.5060e+01
6.0000e+01 2.3513e+02 1.5076e+01
9.0000e+01 2.2815e+02 9.4560e+00
1.2000e+02 2.3536e+02 1.4898e+01
1.5000e+02 2.4191e+02 1.1678e+01
1.8000e+02 2.4775e+02 6.3186e+00
2.1000e+02 2.3340e+02 2.2793e+01
2.4000e+02 2.3389e+02 7.4222e+00
2.7000e+02 2.3146e+02 7.8451e+00
3.0000e+02 2.4001e+02 9.9622e+00
3.3000e+02 2.4671e+02 5.1537e+00
/newplot
/plotname contrast2=0.5
0.0000e+00 2.3873e+02 1.7779e+01
3.0000e+01 2.4805e+02 2.8483e+01
6.0000e+01 2.4073e+02 7.3445e+00
9.0000e+01 2.4698e+02 1.0372e+01
1.2000e+02 2.4900e+02 1.2260e+01
1.5000e+02 2.4706e+02 1.4283e+01
1.8000e+02 2.4624e+02 1.2942e+01
2.1000e+02 2.4883e+02 2.1303e+01
2.4000e+02 2.5342e+02 1.7603e+01
2.7000e+02 2.5087e+02 1.9421e+01
3.0000e+02 2.3978e+02 2.1101e+01
3.3000e+02 2.5350e+02 1.3795e+01
/newplot
/plotname baseline
0.000000e+00 2.288039e+02
3.300000e+02 2.288039e+02
