/newplot
/plotname contrast2=0.0
0.0000e+00 5.4855e+02 3.5004e+01
3.0000e+01 5.1441e+02 1.0271e+01
6.0000e+01 4.9485e+02 1.9961e+01
9.0000e+01 5.0154e+02 2.4466e+01
1.2000e+02 5.0118e+02 2.6326e+01
1.5000e+02 5.4240e+02 1.8161e+01
1.8000e+02 5.3783e+02 2.3688e+01
2.1000e+02 5.2481e+02 2.8032e+01
2.4000e+02 5.0471e+02 1.5837e+01
2.7000e+02 4.8613e+02 1.5460e+01
3.0000e+02 4.8827e+02 2.2103e+01
3.3000e+02 5.1624e+02 1.1869e+01
/newplot
/plotname contrast2=0.5
0.0000e+00 5.1460e+02 3.3027e+01
3.0000e+01 5.5792e+02 5.5082e+01
6.0000e+01 6.4135e+02 9.6834e+01
9.0000e+01 5.3464e+02 3.3758e+01
1.2000e+02 5.5587e+02 5.5576e+01
1.5000e+02 5.5973e+02 4.8958e+01
1.8000e+02 5.3033e+02 2.8697e+01
2.1000e+02 5.8052e+02 6.1697e+01
2.4000e+02 6.3290e+02 4.0692e+01
2.7000e+02 5.7882e+02 2.9052e+01
3.0000e+02 5.3040e+02 3.0363e+01
3.3000e+02 5.1807e+02 1.9584e+01
/newplot
/plotname baseline
0.000000e+00 4.959323e+02
3.300000e+02 4.959323e+02
