/newplot
/plotname contrast2=0.0
0.0000e+00 3.3509e+02 3.9506e+01
3.0000e+01 3.2435e+02 4.1266e+01
6.0000e+01 3.2722e+02 2.7976e+01
9.0000e+01 3.2342e+02 3.8223e+01
1.2000e+02 3.3057e+02 2.0677e+01
1.5000e+02 3.2436e+02 4.3860e+01
1.8000e+02 3.4258e+02 3.2831e+01
2.1000e+02 3.2124e+02 2.4268e+01
2.4000e+02 3.6541e+02 5.2826e+01
2.7000e+02 3.5117e+02 3.2502e+01
3.0000e+02 3.4352e+02 4.9262e+01
3.3000e+02 3.3214e+02 2.6796e+01
/newplot
/plotname contrast2=0.5
0.0000e+00 3.2975e+02 4.7530e+01
3.0000e+01 3.2542e+02 3.5343e+01
6.0000e+01 3.3352e+02 4.0079e+01
9.0000e+01 3.4534e+02 2.4095e+01
1.2000e+02 3.4783e+02 4.0397e+01
1.5000e+02 3.4215e+02 4.5932e+01
1.8000e+02 3.5001e+02 4.1737e+01
2.1000e+02 3.5769e+02 6.2468e+01
2.4000e+02 3.5181e+02 3.3140e+01
2.7000e+02 3.4008e+02 3.0102e+01
3.0000e+02 3.3602e+02 2.9836e+01
3.3000e+02 3.4139e+02 2.4975e+01
/newplot
/plotname baseline
0.000000e+00 3.301205e+02
3.300000e+02 3.301205e+02
