/newplot
/plotname contrast2=0.0
0.0000e+00 7.9888e+02 4.8217e+01
3.0000e+01 7.5406e+02 8.8196e+01
6.0000e+01 7.8919e+02 6.2564e+01
9.0000e+01 7.8330e+02 5.1319e+01
1.2000e+02 7.9755e+02 2.8141e+01
1.5000e+02 7.9694e+02 2.8003e+01
1.8000e+02 8.0991e+02 4.0880e+01
2.1000e+02 7.5835e+02 3.2000e+01
2.4000e+02 8.0171e+02 5.4264e+01
2.7000e+02 7.9294e+02 4.9887e+01
3.0000e+02 7.8128e+02 7.2099e+01
3.3000e+02 7.9035e+02 4.0766e+01
/newplot
/plotname contrast2=0.5
0.0000e+00 7.5234e+02 8.0472e+01
3.0000e+01 7.8878e+02 1.2983e+01
6.0000e+01 8.0199e+02 5.9948e+01
9.0000e+01 8.0232e+02 5.9528e+01
1.2000e+02 8.2146e+02 2.5070e+01
1.5000e+02 7.9046e+02 5.9335e+01
1.8000e+02 8.2131e+02 6.2405e+01
2.1000e+02 8.3841e+02 1.2291e+02
2.4000e+02 8.0470e+02 3.9096e+01
2.7000e+02 8.1381e+02 3.5741e+01
3.0000e+02 7.7205e+02 7.1969e+01
3.3000e+02 8.0684e+02 4.9464e+01
/newplot
/plotname baseline
0.000000e+00 7.705010e+02
3.300000e+02 7.705010e+02
