/newplot
/plotname contrast2=0.0
0.0000e+00 1.6514e+02 6.5345e+00
3.0000e+01 1.6469e+02 8.8337e+00
6.0000e+01 1.5780e+02 5.8694e+00
9.0000e+01 1.5768e+02 7.7156e+00
1.2000e+02 1.5876e+02 3.1380e+00
1.5000e+02 1.6201e+02 7.1692e+00
1.8000e+02 1.6516e+02 8.3822e+00
2.1000e+02 1.5873e+02 5.9890e+00
2.4000e+02 1.5509e+02 7.7412e+00
2.7000e+02 1.5447e+02 5.1030e+00
3.0000e+02 1.5345e+02 9.1110e+00
3.3000e+02 1.5535e+02 5.0692e+00
/newplot
/plotname contrast2=0.5
0.0000e+00 1.6259e+02 5.7773e+00
3.0000e+01 1.7454e+02 3.2539e+01
6.0000e+01 1.5711e+02 5.9673e+00
9.0000e+01 1.6638e+02 1.1586e+01
1.2000e+02 1.6710e+02 6.2043e+00
1.5000e+02 1.6460e+02 8.2220e+00
1.8000e+02 1.7130e+02 7.1703e+00
2.1000e+02 1.7509e+02 2.4102e+01
2.4000e+02 1.6745e+02 7.0550e+00
2.7000e+02 1.6973e+02 1.6302e+01
3.0000e+02 1.5786e+02 4.9753e+00
3.3000e+02 1.5965e+02 6.4932e+00
/newplot
/plotname baseline
0.000000e+00 1.538012e+02
3.300000e+02 1.538012e+02
