/newplot
/plotname contrast2=0.0
0.0000e+00 1.8860e+02 1.0164e+01
3.0000e+01 1.8770e+02 1.3442e+01
6.0000e+01 1.8781e+02 1.1790e+01
9.0000e+01 1.8893e+02 1.0106e+01
1.2000e+02 1.8178e+02 5.4442e+00
1.5000e+02 1.8925e+02 1.0559e+01
1.8000e+02 1.9045e+02 1.3533e+01
2.1000e+02 1.8438e+02 8.7545e+00
2.4000e+02 1.8909e+02 1.5323e+01
2.7000e+02 1.8412e+02 1.0864e+01
3.0000e+02 1.8050e+02 6.2185e+00
3.3000e+02 1.9089e+02 8.5924e+00
/newplot
/plotname contrast2=0.5
0.0000e+00 1.9904e+02 1.0594e+01
3.0000e+01 1.9586e+02 9.0291e+00
6.0000e+01 1.9408e+02 7.9682e+00
9.0000e+01 1.9948e+02 1.1640e+01
1.2000e+02 1.9050e+02 7.2820e+00
1.5000e+02 1.9685e+02 9.5720e+00
1.8000e+02 1.9766e+02 1.0878e+01
2.1000e+02 2.0621e+02 8.1925e+00
2.4000e+02 2.0120e+02 5.4123e+00
2.7000e+02 1.9980e+02 1.0857e+01
3.0000e+02 1.8923e+02 9.3597e+00
3.3000e+02 1.9924e+02 3.6564e+00
/newplot
/plotname baseline
0.000000e+00 1.831488e+02
3.300000e+02 1.831488e+02
