/newplot
/plotname contrast2=0.0
0.0000e+00 4.4015e+02 2.1341e+01
3.0000e+01 4.4125e+02 2.1406e+01
6.0000e+01 4.7062e+02 5.0183e+01
9.0000e+01 4.3695e+02 1.4300e+01
1.2000e+02 4.4100e+02 1.2977e+01
1.5000e+02 4.3976e+02 1.8544e+01
1.8000e+02 4.3550e+02 2.1191e+01
2.1000e+02 4.3675e+02 3.6162e+01
2.4000e+02 4.2916e+02 2.1136e+01
2.7000e+02 4.2948e+02 1.3227e+01
3.0000e+02 4.5178e+02 2.4377e+01
3.3000e+02 4.3028e+02 8.1768e+00
/newplot
/plotname contrast2=0.5
0.0000e+00 4.2864e+02 2.4199e+01
3.0000e+01 4.3559e+02 1.5181e+01
6.0000e+01 4.4943e+02 2.2524e+01
9.0000e+01 4.2915e+02 1.0018e+01
1.2000e+02 4.3530e+02 1.5217e+01
1.5000e+02 4.4442e+02 1.8927e+01
1.8000e+02 4.4466e+02 2.3421e+01
2.1000e+02 4.4928e+02 2.7427e+01
2.4000e+02 4.4047e+02 1.8312e+01
2.7000e+02 4.3846e+02 2.0261e+01
3.0000e+02 4.5506e+02 2.5515e+01
3.3000e+02 4.3933e+02 1.9403e+01
/newplot
/plotname baseline
0.000000e+00 4.283816e+02
3.300000e+02 4.283816e+02
