/newplot
/plotname contrast2=0.0
0.0000e+00 2.6181e+02 2.3595e+01
3.0000e+01 2.2142e+02 1.9922e+01
6.0000e+01 2.1712e+02 1.2975e+01
9.0000e+01 2.1966e+02 1.3857e+01
1.2000e+02 2.2795e+02 1.9490e+01
1.5000e+02 2.2579e+02 1.4866e+01
1.8000e+02 2.8914e+02 3.5664e+01
2.1000e+02 2.3581e+02 2.5647e+01
2.4000e+02 2.3161e+02 1.3927e+01
2.7000e+02 2.1764e+02 1.6409e+01
3.0000e+02 2.2352e+02 1.3901e+01
3.3000e+02 2.3209e+02 1.0334e+01
/newplot
/plotname contrast2=0.5
0.0000e+00 2.5048e+02 2.8614e+01
3.0000e+01 2.4555e+02 1.3647e+01
6.0000e+01 2.4167e+02 1.9551e+01
9.0000e+01 2.5716e+02 1.4957e+01
1.2000e+02 2.3174e+02 1.9284e+01
1.5000e+02 2.3546e+02 1.4073e+01
1.8000e+02 2.6468e+02 2.1598e+01
2.1000e+02 2.3944e+02 2.0130e+01
2.4000e+02 2.5107e+02 3.0330e+01
2.7000e+02 2.3621e+02 3.3077e+01
3.0000e+02 2.3946e+02 2.2856e+01
3.3000e+02 2.5810e+02 3.0783e+01
/newplot
/plotname baseline
0.000000e+00 2.180073e+02
3.300000e+02 2.180073e+02
