/newplot
/plotname contrast2=0.0
0.0000e+00 2.0993e+02 9.8123e+00
3.0000e+01 1.9723e+02 9.9154e+00
6.0000e+01 1.9554e+02 5.0763e+00
9.0000e+01 2.0176e+02 2.5604e+00
1.2000e+02 1.9747e+02 4.1290e+00
1.5000e+02 1.9858e+02 4.7437e+00
1.8000e+02 2.1174e+02 1.2168e+01
2.1000e+02 2.0141e+02 8.7690e+00
2.4000e+02 2.0547e+02 9.0464e+00
2.7000e+02 1.9370e+02 6.8541e+00
3.0000e+02 1.9696e+02 9.8073e+00
3.3000e+02 2.0167e+02 9.2030e+00
/newplot
/plotname contrast2=0.5
0.0000e+00 2.0373e+02 1.3582e+01
3.0000e+01 2.1160e+02 7.7647e+00
6.0000e+01 2.0126e+02 4.4032e+00
9.0000e+01 2.1415e+02 6.7515e+00
1.2000e+02 2.1275e+02 5.7780e+00
1.5000e+02 2.0586e+02 9.6821e+00
1.8000e+02 2.1088e+02 6.7652e+00
2.1000e+02 2.1400e+02 1.2562e+01
2.4000e+02 2.0686e+02 1.1242e+01
2.7000e+02 2.1004e+02 1.5321e+01
3.0000e+02 2.0287e+02 7.9863e+00
3.3000e+02 2.0436e+02 7.3363e+00
/newplot
/plotname baseline
0.000000e+00 1.941525e+02
3.300000e+02 1.941525e+02
