/newplot
/plotname contrast2=0.0
0.0000e+00 2.2953e+02 6.9192e+00
3.0000e+01 2.1510e+02 9.9462e+00
6.0000e+01 2.2531e+02 1.9090e+01
9.0000e+01 2.2255e+02 1.1001e+01
1.2000e+02 2.3797e+02 1.5370e+01
1.5000e+02 2.4085e+02 1.9576e+01
1.8000e+02 2.2799e+02 5.6212e+00
2.1000e+02 2.1994e+02 2.0509e+01
2.4000e+02 2.2696e+02 1.3495e+01
2.7000e+02 2.1911e+02 1.2401e+01
3.0000e+02 2.4041e+02 3.0277e+01
3.3000e+02 2.5962e+02 4.5310e+01
/newplot
/plotname contrast2=0.5
0.0000e+00 2.4399e+02 3.9455e+01
3.0000e+01 2.3581e+02 2.1323e+01
6.0000e+01 2.4276e+02 2.2116e+01
9.0000e+01 2.3046e+02 9.3911e+00
1.2000e+02 2.2831e+02 1.6203e+01
1.5000e+02 2.5519e+02 2.9744e+01
1.8000e+02 2.4175e+02 1.8883e+01
2.1000e+02 2.4329e+02 3.2573e+01
2.4000e+02 2.4589e+02 2.8554e+01
2.7000e+02 2.4678e+02 3.5657e+01
3.0000e+02 2.3792e+02 3.1361e+01
3.3000e+02 2.4571e+02 1.9122e+01
/newplot
/plotname baseline
0.000000e+00 2.250880e+02
3.300000e+02 2.250880e+02
