/newplot
/plotname contrast2=0.0
0.0000e+00 1.8308e+02 1.8591e+01
3.0000e+01 1.7395e+02 2.3015e+01
6.0000e+01 1.7379e+02 1.8951e+01
9.0000e+01 1.7516e+02 1.5420e+01
1.2000e+02 1.8231e+02 1.7742e+01
1.5000e+02 1.9272e+02 7.8756e+00
1.8000e+02 1.9194e+02 2.0055e+01
2.1000e+02 1.8486e+02 2.7638e+01
2.4000e+02 1.6352e+02 1.2100e+01
2.7000e+02 1.7340e+02 1.8908e+01
3.0000e+02 1.9260e+02 1.7039e+01
3.3000e+02 2.0014e+02 1.7945e+01
/newplot
/plotname contrast2=0.5
0.0000e+00 1.9287e+02 9.4955e+00
3.0000e+01 1.8860e+02 3.9322e+01
6.0000e+01 2.0309e+02 1.0706e+01
9.0000e+01 1.9769e+02 1.5541e+01
1.2000e+02 1.9998e+02 2.2236e+01
1.5000e+02 2.0407e+02 1.9086e+01
1.8000e+02 1.8363e+02 1.8371e+01
2.1000e+02 1.9102e+02 1.2269e+01
2.4000e+02 2.1178e+02 2.3580e+01
2.7000e+02 1.8553e+02 1.2673e+01
3.0000e+02 2.0092e+02 1.5908e+01
3.3000e+02 1.9787e+02 2.4160e+01
/newplot
/plotname baseline
0.000000e+00 1.784303e+02
3.300000e+02 1.784303e+02
