/newplot
/plotname contrast2=0.0
0.0000e+00 2.0513e+02 1.7836e+01
3.0000e+01 1.8055e+02 2.6778e+01
6.0000e+01 1.9316e+02 2.2888e+01
9.0000e+01 2.0541e+02 1.6571e+01
1.2000e+02 2.0784e+02 1.9480e+01
1.5000e+02 2.0356e+02 2.4727e+01
1.8000e+02 2.2536e+02 1.5059e+01
2.1000e+02 2.0244e+02 2.2492e+01
2.4000e+02 1.9538e+02 2.9068e+01
2.7000e+02 1.9900e+02 2.7640e+01
3.0000e+02 1.8908e+02 9.5168e+00
3.3000e+02 2.1261e+02 3.0542e+01
/newplot
/plotname contrast2=0.5
0.0000e+00 2.1537e+02 3.1646e+01
3.0000e+01 1.8476e+02 2.2046e+01
6.0000e+01 2.0713e+02 9.7479e+00
9.0000e+01 1.9812e+02 3.1933e+01
1.2000e+02 2.0573e+02 1.4977e+01
1.5000e+02 2.0158e+02 1.8905e+01
1.8000e+02 2.1500e+02 1.4380e+01
2.1000e+02 2.1468e+02 4.5597e+01
2.4000e+02 2.2535e+02 1.5318e+01
2.7000e+02 1.9776e+02 1.4372e+01
3.0000e+02 2.0360e+02 4.1263e+01
3.3000e+02 2.1867e+02 2.0681e+01
/newplot
/plotname baseline
0.000000e+00 1.922322e+02
3.300000e+02 1.922322e+02
