/newplot
/plotname contrast2=0.0
0.0000e+00 2.2795e+02 1.2560e+01
3.0000e+01 2.1013e+02 2.1332e+01
6.0000e+01 2.0989e+02 1.1449e+01
9.0000e+01 2.0277e+02 1.3113e+01
1.2000e+02 2.0527e+02 1.3640e+01
1.5000e+02 2.2749e+02 1.1758e+01
1.8000e+02 2.3741e+02 1.3525e+01
2.1000e+02 2.0979e+02 1.6069e+01
2.4000e+02 2.0531e+02 1.3443e+01
2.7000e+02 2.0090e+02 1.3577e+01
3.0000e+02 2.0450e+02 1.5564e+01
3.3000e+02 2.1688e+02 1.5581e+01
/newplot
/plotname contrast2=0.5
0.0000e+00 2.2328e+02 1.6305e+01
3.0000e+01 2.1715e+02 1.9996e+01
6.0000e+01 2.1621e+02 1.3026e+01
9.0000e+01 2.3175e+02 1.1119e+01
1.2000e+02 2.1598e+02 7.3432e+00
1.5000e+02 2.2475e+02 2.2849e+01
1.8000e+02 2.4173e+02 1.3125e+01
2.1000e+02 2.2804e+02 2.3780e+01
2.4000e+02 2.2599e+02 1.1656e+01
2.7000e+02 2.3617e+02 7.9419e+00
3.0000e+02 2.2812e+02 9.9657e+00
3.3000e+02 2.3497e+02 1.9793e+01
/newplot
/plotname baseline
0.000000e+00 2.057381e+02
3.300000e+02 2.057381e+02
