/newplot
/plotname contrast2=0.0
0.0000e+00 2.5322e+02 2.8699e+01
3.0000e+01 2.2026e+02 1.8182e+01
6.0000e+01 2.1909e+02 1.6868e+01
9.0000e+01 2.1749e+02 1.3471e+01
1.2000e+02 2.2147e+02 1.1519e+01
1.5000e+02 2.3775e+02 2.4340e+01
1.8000e+02 2.6467e+02 3.0015e+01
2.1000e+02 2.1841e+02 1.5601e+01
2.4000e+02 2.2049e+02 1.1366e+01
2.7000e+02 2.0767e+02 1.2163e+01
3.0000e+02 2.2379e+02 1.1156e+01
3.3000e+02 2.3301e+02 1.5071e+01
/newplot
/plotname contrast2=0.5
0.0000e+00 2.4222e+02 2.6040e+01
3.0000e+01 2.3963e+02 1.6997e+01
6.0000e+01 2.5542e+02 2.4757e+01
9.0000e+01 2.5790e+02 6.2004e+00
1.2000e+02 2.4921e+02 8.8968e+00
1.5000e+02 2.4700e+02 1.5467e+01
1.8000e+02 2.5241e+02 1.3785e+01
2.1000e+02 2.5586e+02 1.5093e+01
2.4000e+02 2.5546e+02 3.3933e+01
2.7000e+02 2.4474e+02 1.7507e+01
3.0000e+02 2.3529e+02 2.7596e+01
3.3000e+02 2.6068e+02 1.7176e+01
/newplot
/plotname baseline
0.000000e+00 2.138054e+02
3.300000e+02 2.138054e+02
