/newplot
/plotname contrast2=0.0
0.0000e+00 4.4481e+02 3.7345e+01
3.0000e+01 4.2402e+02 3.3525e+01
6.0000e+01 4.1833e+02 2.9001e+01
9.0000e+01 4.4835e+02 2.6105e+01
1.2000e+02 4.4858e+02 2.5609e+01
1.5000e+02 4.3869e+02 1.3826e+01
1.8000e+02 4.5972e+02 1.8393e+01
2.1000e+02 4.4340e+02 2.2229e+01
2.4000e+02 4.4805e+02 4.5583e+01
2.7000e+02 4.3709e+02 2.6926e+01
3.0000e+02 4.3653e+02 4.2007e+01
3.3000e+02 4.4180e+02 1.6593e+01
/newplot
/plotname contrast2=0.5
0.0000e+00 4.3919e+02 3.5620e+01
3.0000e+01 4.3581e+02 3.6789e+01
6.0000e+01 4.4553e+02 3.3986e+01
9.0000e+01 4.7662e+02 4.8250e+01
1.2000e+02 4.6007e+02 4.3592e+01
1.5000e+02 4.5190e+02 2.9539e+01
1.8000e+02 4.6084e+02 2.3931e+01
2.1000e+02 4.8849e+02 9.4375e+01
2.4000e+02 4.8157e+02 3.4177e+01
2.7000e+02 4.6656e+02 6.3685e+01
3.0000e+02 4.3089e+02 2.6340e+01
3.3000e+02 4.4447e+02 2.8335e+01
/newplot
/plotname baseline
0.000000e+00 4.312301e+02
3.300000e+02 4.312301e+02
