/newplot
/plotname contrast2=0.0
0.0000e+00 5.3838e+02 2.6996e+01
3.0000e+01 5.6618e+02 6.7417e+01
6.0000e+01 5.3940e+02 3.8479e+01
9.0000e+01 5.5547e+02 2.9200e+01
1.2000e+02 5.4197e+02 2.6834e+01
1.5000e+02 5.2490e+02 2.4162e+01
1.8000e+02 5.3423e+02 4.4588e+01
2.1000e+02 5.4410e+02 3.2619e+01
2.4000e+02 5.3772e+02 6.2625e+01
2.7000e+02 5.5267e+02 2.8718e+01
3.0000e+02 5.4166e+02 4.5777e+01
3.3000e+02 5.2602e+02 1.7995e+01
/newplot
/plotname contrast2=0.5
0.0000e+00 5.3592e+02 3.8044e+01
3.0000e+01 6.2087e+02 1.4147e+02
6.0000e+01 5.4837e+02 5.6479e+01
9.0000e+01 5.5486e+02 6.4025e+01
1.2000e+02 5.5976e+02 2.9602e+01
1.5000e+02 5.4009e+02 4.4608e+01
1.8000e+02 5.3631e+02 5.1896e+01
2.1000e+02 5.8898e+02 4.3094e+01
2.4000e+02 5.5434e+02 2.9982e+01
2.7000e+02 5.8221e+02 7.8103e+01
3.0000e+02 5.5014e+02 4.8866e+01
3.3000e+02 5.3393e+02 3.1886e+01
/newplot
/plotname baseline
0.000000e+00 5.403668e+02
3.300000e+02 5.403668e+02
