/newplot
/plotname contrast2=0.0
0.0000e+00 8.3553e+02 3.7116e+01
3.0000e+01 8.3916e+02 3.7345e+01
6.0000e+01 8.3001e+02 3.4996e+01
9.0000e+01 8.0745e+02 4.1064e+01
1.2000e+02 8.4254e+02 3.2498e+01
1.5000e+02 8.2954e+02 4.0904e+01
1.8000e+02 8.3350e+02 4.4803e+01
2.1000e+02 8.2462e+02 2.1125e+01
2.4000e+02 8.6149e+02 1.1556e+01
2.7000e+02 8.4700e+02 3.7702e+01
3.0000e+02 8.1854e+02 2.0972e+01
3.3000e+02 8.0669e+02 1.2074e+01
/newplot
/plotname contrast2=0.5
0.0000e+00 8.0364e+02 4.8692e+01
3.0000e+01 8.6127e+02 5.1151e+01
6.0000e+01 8.3917e+02 4.6184e+01
9.0000e+01 8.2965e+02 2.9905e+01
1.2000e+02 8.5766e+02 3.1666e+01
1.5000e+02 8.5236e+02 2.7618e+01
1.8000e+02 8.3254e+02 3.6992e+01
2.1000e+02 8.6693e+02 5.5430e+01
2.4000e+02 8.5069e+02 3.5937e+01
2.7000e+02 8.5188e+02 3.3753e+01
3.0000e+02 8.5035e+02 5.3705e+01
3.3000e+02 8.3904e+02 4.5970e+01
/newplot
/plotname baseline
0.000000e+00 8.172183e+02
3.300000e+02 8.172183e+02
