/newplot
/plotname contrast2=0.0
0.0000e+00 2.8991e+02 1.2172e+01
3.0000e+01 2.8244e+02 2.1304e+01
6.0000e+01 2.8695e+02 1.5064e+01
9.0000e+01 2.8424e+02 1.5810e+01
1.2000e+02 2.7981e+02 1.7470e+01
1.5000e+02 2.7801e+02 1.4230e+01
1.8000e+02 2.7989e+02 1.0814e+01
2.1000e+02 2.7950e+02 1.4870e+01
2.4000e+02 2.7965e+02 2.5303e+01
2.7000e+02 2.8518e+02 1.1124e+01
3.0000e+02 2.7500e+02 9.6760e+00
3.3000e+02 2.7383e+02 5.3577e+00
/newplot
/plotname contrast2=0.5
0.0000e+00 2.8542e+02 6.7364e+00
3.0000e+01 3.0436e+02 2.1741e+01
6.0000e+01 2.8696e+02 1.9012e+01
9.0000e+01 2.8125e+02 1.1187e+01
1.2000e+02 2.9124e+02 1.6341e+01
1.5000e+02 2.7916e+02 6.6391e+00
1.8000e+02 2.7906e+02 1.8775e+01
2.1000e+02 2.8790e+02 1.0899e+01
2.4000e+02 2.7970e+02 1.4506e+01
2.7000e+02 2.9474e+02 2.2179e+01
3.0000e+02 2.9238e+02 1.9294e+01
3.3000e+02 2.8661e+02 1.7101e+01
/newplot
/plotname baseline
0.000000e+00 2.803115e+02
3.300000e+02 2.803115e+02
