/newplot
/plotname contrast2=0.0
0.0000e+00 8.8298e+02 5.6056e+01
3.0000e+01 8.7208e+02 5.6552e+01
6.0000e+01 8.7849e+02 7.9937e+01
9.0000e+01 8.9629e+02 8.3491e+01
1.2000e+02 9.0685e+02 8.1904e+01
1.5000e+02 8.8274e+02 7.3243e+01
1.8000e+02 8.5617e+02 7.3614e+01
2.1000e+02 8.4945e+02 3.6296e+01
2.4000e+02 8.9796e+02 6.1448e+01
2.7000e+02 9.4341e+02 1.0940e+02
3.0000e+02 9.1277e+02 8.1410e+01
3.3000e+02 9.0178e+02 7.4211e+01
/newplot
/plotname contrast2=0.5
0.0000e+00 9.9285e+02 9.8626e+01
3.0000e+01 1.0002e+03 8.9666e+01
6.0000e+01 9.3590e+02 9.7106e+01
9.0000e+01 9.3361e+02 6.2304e+01
1.2000e+02 1.0275e+03 1.0331e+02
1.5000e+02 1.0423e+03 1.0850e+02
1.8000e+02 9.7614e+02 9.9726e+01
2.1000e+02 1.0302e+03 1.1820e+02
2.4000e+02 9.5580e+02 1.4317e+02
2.7000e+02 1.0035e+03 1.0561e+02
3.0000e+02 9.6856e+02 5.4842e+01
3.3000e+02 9.7743e+02 1.0162e+02
/newplot
/plotname baseline
0.000000e+00 8.851348e+02
3.300000e+02 8.851348e+02
