/newplot
/plotname contrast2=0.0
0.0000e+00 1.5041e+02 6.1804e+00
3.0000e+01 2.4110e+02 7.0233e+01
6.0000e+01 1.8849e+02 1.8383e+01
9.0000e+01 1.5652e+02 4.0600e+00
1.2000e+02 1.5634e+02 1.5474e+01
1.5000e+02 1.4745e+02 9.6111e+00
1.8000e+02 1.5525e+02 9.3212e+00
2.1000e+02 1.8176e+02 1.1536e+01
2.4000e+02 1.6963e+02 8.3724e+00
2.7000e+02 1.5426e+02 1.0441e+01
3.0000e+02 1.4918e+02 1.0924e+01
3.3000e+02 1.5099e+02 6.1738e+00
/newplot
/plotname contrast2=0.5
0.0000e+00 1.9838e+02 1.3570e+01
3.0000e+01 2.5830e+02 5.2388e+01
6.0000e+01 1.9291e+02 3.6174e+01
9.0000e+01 1.8757e+02 1.2802e+01
1.2000e+02 2.1272e+02 2.6692e+01
1.5000e+02 2.1669e+02 2.4344e+01
1.8000e+02 1.8775e+02 2.6173e+01
2.1000e+02 2.0432e+02 3.2082e+01
2.4000e+02 1.8872e+02 2.8389e+01
2.7000e+02 1.9426e+02 1.6477e+01
3.0000e+02 2.0426e+02 1.6996e+01
3.3000e+02 2.0767e+02 3.9970e+01
/newplot
/plotname baseline
0.000000e+00 1.484109e+02
3.300000e+02 1.484109e+02
