/newplot
/plotname contrast2=0.0
0.0000e+00 2.9729e+02 1.8154e+01
3.0000e+01 2.6525e+02 9.8692e+00
6.0000e+01 2.6201e+02 8.3739e+00
9.0000e+01 2.6032e+02 1.1896e+01
1.2000e+02 2.6799e+02 1.6251e+01
1.5000e+02 2.9921e+02 3.7427e+01
1.8000e+02 2.9248e+02 2.5043e+01
2.1000e+02 2.6709e+02 1.2295e+01
2.4000e+02 2.7090e+02 1.3951e+01
2.7000e+02 2.5408e+02 1.2422e+01
3.0000e+02 2.6983e+02 1.6206e+01
3.3000e+02 3.0321e+02 2.8295e+01
/newplot
/plotname contrast2=0.5
0.0000e+00 3.4116e+02 3.1411e+01
3.0000e+01 3.4612e+02 8.9155e+01
6.0000e+01 3.1169e+02 4.3189e+01
9.0000e+01 3.0679e+02 1.5878e+01
1.2000e+02 3.1137e+02 5.6356e+01
1.5000e+02 3.1048e+02 3.0969e+01
1.8000e+02 3.2079e+02 2.7835e+01
2.1000e+02 3.3150e+02 6.3119e+01
2.4000e+02 3.1867e+02 2.3890e+01
2.7000e+02 3.1729e+02 4.8937e+01
3.0000e+02 3.0991e+02 4.0224e+01
3.3000e+02 2.8050e+02 3.4483e+01
/newplot
/plotname baseline
0.000000e+00 2.706263e+02
3.300000e+02 2.706263e+02
