/newplot
/plotname contrast2=0.0
0.0000e+00 2.3352e+02 7.5260e+00
3.0000e+01 2.3578e+02 1.7075e+01
6.0000e+01 2.2903e+02 1.0287e+01
9.0000e+01 2.3812e+02 1.6225e+01
1.2000e+02 2.5822e+02 2.9372e+01
1.5000e+02 2.4642e+02 1.0600e+01
1.8000e+02 2.4042e+02 1.2781e+01
2.1000e+02 2.3516e+02 1.6004e+01
2.4000e+02 2.2927e+02 1.1319e+01
2.7000e+02 2.2667e+02 8.7992e+00
3.0000e+02 2.5546e+02 2.0783e+01
3.3000e+02 2.6671e+02 1.1812e+01
/newplot
/plotname contrast2=0.5
0.0000e+00 3.2667e+02 3.5532e+01
3.0000e+01 2.8737e+02 3.5873e+01
6.0000e+01 2.4549e+02 9.9479e+00
9.0000e+01 2.4820e+02 1.3102e+01
1.2000e+02 2.6169e+02 3.2589e+01
1.5000e+02 2.7976e+02 1.7481e+01
1.8000e+02 2.9487e+02 5.1411e+01
2.1000e+02 2.7739e+02 1.4818e+01
2.4000e+02 2.5045e+02 1.7182e+01
2.7000e+02 2.5845e+02 2.3834e+01
3.0000e+02 2.6024e+02 9.4646e+00
3.3000e+02 2.6268e+02 2.0288e+01
/newplot
/plotname baseline
0.000000e+00 2.323650e+02
3.300000e+02 2.323650e+02
