/newplot
/plotname contrast2=0.0
0.0000e+00 2.2703e+02 2.2369e+01
3.0000e+01 2.1732e+02 1.5566e+01
6.0000e+01 1.8250e+02 8.5427e+00
9.0000e+01 2.1081e+02 1.8870e+01
1.2000e+02 1.9539e+02 1.8868e+01
1.5000e+02 2.1347e+02 1.7888e+01
1.8000e+02 2.3022e+02 2.8164e+01
2.1000e+02 1.9797e+02 2.3914e+01
2.4000e+02 2.0069e+02 1.2062e+01
2.7000e+02 1.9274e+02 1.0168e+01
3.0000e+02 2.0603e+02 1.2565e+01
3.3000e+02 2.1937e+02 2.9404e+01
/newplot
/plotname contrast2=0.5
0.0000e+00 2.2230e+02 1.9698e+01
3.0000e+01 2.5078e+02 5.7401e+01
6.0000e+01 2.1933e+02 2.2529e+01
9.0000e+01 2.3013e+02 1.5975e+01
1.2000e+02 2.3010e+02 4.0762e+01
1.5000e+02 2.2847e+02 1.9284e+01
1.8000e+02 2.4380e+02 2.0319e+01
2.1000e+02 2.5984e+02 2.8288e+01
2.4000e+02 2.3996e+02 1.5141e+01
2.7000e+02 2.2322e+02 2.0340e+01
3.0000e+02 2.3965e+02 2.7605e+01
3.3000e+02 2.2013e+02 1.1166e+01
/newplot
/plotname baseline
0.000000e+00 1.931510e+02
3.300000e+02 1.931510e+02
