/newplot
/plotname contrast2=0.0
0.0000e+00 2.3972e+02 1.0485e+01
3.0000e+01 2.0237e+02 1.6882e+01
6.0000e+01 1.9148e+02 1.5448e+01
9.0000e+01 1.9397e+02 6.4933e+00
1.2000e+02 1.7648e+02 1.6677e+01
1.5000e+02 2.1374e+02 1.2362e+01
1.8000e+02 2.2180e+02 2.4619e+01
2.1000e+02 1.9277e+02 1.1513e+01
2.4000e+02 1.8404e+02 8.0207e+00
2.7000e+02 1.8484e+02 8.7478e+00
3.0000e+02 1.9942e+02 1.0610e+01
3.3000e+02 2.1185e+02 1.7818e+01
/newplot
/plotname contrast2=0.5
0.0000e+00 2.5082e+02 2.1481e+01
3.0000e+01 2.3186e+02 2.7916e+01
6.0000e+01 2.0271e+02 1.8993e+01
9.0000e+01 2.2833e+02 1.4309e+01
1.2000e+02 2.1687e+02 2.6820e+01
1.5000e+02 2.3319e+02 1.8060e+01
1.8000e+02 2.2673e+02 2.1546e+01
2.1000e+02 2.1739e+02 1.9023e+01
2.4000e+02 2.2035e+02 1.2877e+01
2.7000e+02 2.3341e+02 2.0666e+01
3.0000e+02 2.2257e+02 1.9185e+01
3.3000e+02 2.1454e+02 2.1971e+01
/newplot
/plotname baseline
0.000000e+00 1.913364e+02
3.300000e+02 1.913364e+02
