/newplot
/plotname contrast2=0.0
0.0000e+00 2.4819e+02 2.8632e+01
3.0000e+01 3.0839e+02 9.0623e+01
6.0000e+01 2.3177e+02 1.9127e+01
9.0000e+01 2.1173e+02 1.3343e+01
1.2000e+02 2.2211e+02 2.8662e+01
1.5000e+02 2.2391e+02 1.5060e+01
1.8000e+02 2.4292e+02 2.3640e+01
2.1000e+02 2.6123e+02 4.9506e+01
2.4000e+02 2.3729e+02 1.8758e+01
2.7000e+02 2.2968e+02 2.8026e+01
3.0000e+02 2.2189e+02 2.6028e+01
3.3000e+02 2.2948e+02 2.6379e+01
/newplot
/plotname contrast2=0.5
0.0000e+00 2.6350e+02 1.7599e+01
3.0000e+01 3.0273e+02 6.2947e+01
6.0000e+01 2.5584e+02 5.4856e+01
9.0000e+01 2.7217e+02 4.2622e+01
1.2000e+02 3.0554e+02 5.6958e+01
1.5000e+02 3.0506e+02 9.5493e+01
1.8000e+02 2.7463e+02 5.6791e+01
2.1000e+02 3.1379e+02 6.5221e+01
2.4000e+02 3.0082e+02 6.3921e+01
2.7000e+02 2.8163e+02 5.4126e+01
3.0000e+02 2.9643e+02 7.7273e+01
3.3000e+02 2.4151e+02 2.4944e+01
/newplot
/plotname baseline
0.000000e+00 2.269831e+02
3.300000e+02 2.269831e+02
