/newplot
/plotname contrast2=0.0
0.0000e+00 3.0610e+02 3.0624e+01
3.0000e+01 3.2661e+02 4.4376e+01
6.0000e+01 2.9629e+02 2.6277e+01
9.0000e+01 2.8937e+02 1.9856e+01
1.2000e+02 2.8235e+02 2.5314e+01
1.5000e+02 2.9287e+02 3.4333e+01
1.8000e+02 3.0458e+02 2.0116e+01
2.1000e+02 3.1369e+02 2.1781e+01
2.4000e+02 3.1997e+02 3.5004e+01
2.7000e+02 2.9356e+02 3.4583e+01
3.0000e+02 2.7628e+02 2.3016e+01
3.3000e+02 2.8306e+02 3.3922e+01
/newplot
/plotname contrast2=0.5
0.0000e+00 3.0057e+02 1.7209e+01
3.0000e+01 3.5295e+02 5.1047e+01
6.0000e+01 3.0814e+02 3.0783e+01
9.0000e+01 3.2999e+02 4.5815e+01
1.2000e+02 3.5723e+02 3.1184e+01
1.5000e+02 3.2709e+02 4.2619e+01
1.8000e+02 3.1967e+02 4.5109e+01
2.1000e+02 3.6810e+02 4.7470e+01
2.4000e+02 3.2597e+02 3.8196e+01
2.7000e+02 3.3888e+02 3.1145e+01
3.0000e+02 3.4766e+02 3.3638e+01
3.3000e+02 2.9471e+02 2.8035e+01
/newplot
/plotname baseline
0.000000e+00 2.846433e+02
3.300000e+02 2.846433e+02
