/newplot
/plotname contrast2=0.0
0.0000e+00 4.2091e+02 1.3365e+02
3.0000e+01 4.3613e+02 8.8516e+01
6.0000e+01 4.3487e+02 1.1628e+02
9.0000e+01 3.7999e+02 7.5575e+01
1.2000e+02 4.1378e+02 1.0894e+02
1.5000e+02 4.2406e+02 1.0470e+02
1.8000e+02 4.2451e+02 1.0525e+02
2.1000e+02 4.3212e+02 4.5665e+01
2.4000e+02 4.2240e+02 9.4795e+01
2.7000e+02 4.2751e+02 5.8575e+01
3.0000e+02 3.9910e+02 8.9480e+01
3.3000e+02 4.1691e+02 5.9791e+01
/newplot
/plotname contrast2=0.5
0.0000e+00 5.0118e+02 8.6359e+01
3.0000e+01 5.8562e+02 1.1062e+02
6.0000e+01 5.3392e+02 1.6447e+02
9.0000e+01 4.1071e+02 4.7435e+01
1.2000e+02 5.4172e+02 1.3760e+02
1.5000e+02 5.4757e+02 1.5547e+02
1.8000e+02 5.1246e+02 1.1220e+02
2.1000e+02 5.8718e+02 1.2172e+02
2.4000e+02 5.1807e+02 1.6627e+02
2.7000e+02 5.4511e+02 1.3203e+02
3.0000e+02 4.6249e+02 5.4645e+01
3.3000e+02 5.1269e+02 1.6049e+02
/newplot
/plotname baseline
0.000000e+00 4.336398e+02
3.300000e+02 4.336398e+02
