/newplot
/plotname contrast2=0.0
0.0000e+00 3.4943e+02 3.6298e+01
3.0000e+01 3.6507e+02 3.0175e+01
6.0000e+01 3.4628e+02 3.6313e+01
9.0000e+01 3.3451e+02 6.3319e+01
1.2000e+02 3.6537e+02 6.4823e+01
1.5000e+02 3.6974e+02 5.5285e+01
1.8000e+02 3.5780e+02 1.7028e+01
2.1000e+02 3.6056e+02 3.8890e+01
2.4000e+02 3.4967e+02 5.0788e+01
2.7000e+02 3.5016e+02 2.9840e+01
3.0000e+02 3.4126e+02 3.1476e+01
3.3000e+02 3.6023e+02 3.4945e+01
/newplot
/plotname contrast2=0.5
0.0000e+00 4.0440e+02 4.2599e+01
3.0000e+01 4.6033e+02 1.0390e+02
6.0000e+01 4.0297e+02 5.9078e+01
9.0000e+01 3.5430e+02 2.6609e+01
1.2000e+02 4.3414e+02 7.6350e+01
1.5000e+02 4.2829e+02 5.5934e+01
1.8000e+02 4.0740e+02 5.8369e+01
2.1000e+02 4.4890e+02 7.3261e+01
2.4000e+02 4.1664e+02 1.0196e+02
2.7000e+02 4.3821e+02 9.3096e+01
3.0000e+02 4.0491e+02 2.1144e+01
3.3000e+02 4.0362e+02 7.8168e+01
/newplot
/plotname baseline
0.000000e+00 3.489126e+02
3.300000e+02 3.489126e+02
