/newplot
/plotname contrast2=0.0
0.0000e+00 1.5587e+02 5.4941e+00
3.0000e+01 1.7619e+02 1.0074e+01
6.0000e+01 1.9787e+02 1.7807e+01
9.0000e+01 1.6686e+02 6.8689e+00
1.2000e+02 1.5622e+02 5.4000e+00
1.5000e+02 1.5338e+02 7.0333e+00
1.8000e+02 1.5920e+02 5.9073e+00
2.1000e+02 1.7040e+02 8.7333e+00
2.4000e+02 2.0658e+02 8.8275e+00
2.7000e+02 1.7276e+02 9.6747e+00
3.0000e+02 1.5479e+02 3.4478e+00
3.3000e+02 1.5802e+02 1.0325e+01
/newplot
/plotname contrast2=0.5
0.0000e+00 2.0406e+02 1.0208e+01
3.0000e+01 2.1025e+02 3.2028e+01
6.0000e+01 1.9320e+02 2.3700e+01
9.0000e+01 1.8925e+02 1.6082e+01
1.2000e+02 2.0359e+02 2.3873e+01
1.5000e+02 2.3218e+02 1.8436e+01
1.8000e+02 2.0426e+02 2.3048e+01
2.1000e+02 2.2519e+02 2.6247e+01
2.4000e+02 2.1638e+02 2.5759e+01
2.7000e+02 2.0651e+02 2.4050e+01
3.0000e+02 1.9767e+02 1.0055e+01
3.3000e+02 2.0756e+02 2.3918e+01
/newplot
/plotname baseline
0.000000e+00 1.562385e+02
3.300000e+02 1.562385e+02
