/newplot
/plotname contrast2=0.0
0.0000e+00 2.2979e+02 8.7600e+00
3.0000e+01 2.2818e+02 1.5140e+01
6.0000e+01 2.2599e+02 1.5842e+01
9.0000e+01 2.3180e+02 8.0902e+00
1.2000e+02 2.3438e+02 1.1377e+01
1.5000e+02 2.3975e+02 1.0068e+01
1.8000e+02 2.3339e+02 2.3329e+01
2.1000e+02 2.2116e+02 1.3381e+01
2.4000e+02 2.2372e+02 1.3188e+01
2.7000e+02 2.2612e+02 9.2811e+00
3.0000e+02 2.2591e+02 7.4342e+00
3.3000e+02 2.4281e+02 1.3072e+01
/newplot
/plotname contrast2=0.5
0.0000e+00 2.4599e+02 1.3098e+01
3.0000e+01 2.6085e+02 2.9356e+01
6.0000e+01 2.3821e+02 8.3910e+00
9.0000e+01 2.4233e+02 1.0040e+01
1.2000e+02 2.4030e+02 2.5658e+01
1.5000e+02 2.4193e+02 9.3232e+00
1.8000e+02 2.5284e+02 1.0652e+01
2.1000e+02 2.5682e+02 1.1548e+01
2.4000e+02 2.4389e+02 1.2284e+01
2.7000e+02 2.4450e+02 8.4360e+00
3.0000e+02 2.4217e+02 6.5983e+00
3.3000e+02 2.3967e+02 8.7266e+00
/newplot
/plotname baseline
0.000000e+00 2.171893e+02
3.300000e+02 2.171893e+02
