/newplot
/plotname contrast2=0.0
0.0000e+00 2.2651e+02 1.9302e+01
3.0000e+01 2.3314e+02 9.3736e+00
6.0000e+01 2.2054e+02 8.7813e+00
9.0000e+01 2.0611e+02 7.8051e+00
1.2000e+02 2.0909e+02 1.4972e+01
1.5000e+02 2.1439e+02 7.4048e+00
1.8000e+02 2.2707e+02 1.1318e+01
2.1000e+02 2.1977e+02 9.0089e+00
2.4000e+02 2.1109e+02 1.5277e+01
2.7000e+02 2.1097e+02 1.7876e+01
3.0000e+02 2.0438e+02 8.4720e+00
3.3000e+02 2.1277e+02 1.7588e+01
/newplot
/plotname contrast2=0.5
0.0000e+00 3.0545e+02 3.3701e+01
3.0000e+01 5.9248e+02 1.5865e+02
6.0000e+01 5.1703e+02 1.7836e+02
9.0000e+01 4.2191e+02 8.9402e+01
1.2000e+02 3.1623e+02 7.6983e+01
1.5000e+02 2.5351e+02 2.4568e+01
1.8000e+02 2.9500e+02 5.3320e+01
2.1000e+02 4.2836e+02 1.2575e+02
2.4000e+02 3.2135e+02 1.2918e+02
2.7000e+02 3.6760e+02 4.4931e+01
3.0000e+02 2.5918e+02 3.2120e+01
3.3000e+02 2.5504e+02 2.0020e+01
/newplot
/plotname baseline
0.000000e+00 2.167515e+02
3.300000e+02 2.167515e+02
