/newplot
/plotname contrast2=0.0
0.0000e+00 1.5968e+02 4.5926e+00
3.0000e+01 1.8138e+02 8.7366e+00
6.0000e+01 1.9542e+02 8.7227e+00
9.0000e+01 1.7546e+02 4.1559e+00
1.2000e+02 1.6320e+02 1.0110e+01
1.5000e+02 1.5910e+02 7.1596e+00
1.8000e+02 1.6652e+02 8.1902e+00
2.1000e+02 1.7906e+02 6.5690e+00
2.4000e+02 1.9664e+02 9.4400e+00
2.7000e+02 1.8602e+02 8.4005e+00
3.0000e+02 1.6063e+02 8.7776e+00
3.3000e+02 1.5591e+02 1.0585e+01
/newplot
/plotname contrast2=0.5
0.0000e+00 1.9982e+02 1.7181e+01
3.0000e+01 2.1904e+02 2.9645e+01
6.0000e+01 1.9673e+02 1.6736e+01
9.0000e+01 1.9723e+02 1.8841e+01
1.2000e+02 2.1718e+02 2.5799e+01
1.5000e+02 2.3418e+02 2.1804e+01
1.8000e+02 2.1150e+02 1.6757e+01
2.1000e+02 2.2775e+02 1.9916e+01
2.4000e+02 2.2272e+02 2.0586e+01
2.7000e+02 2.0914e+02 2.2836e+01
3.0000e+02 2.0015e+02 1.0949e+01
3.3000e+02 1.9549e+02 1.7794e+01
/newplot
/plotname baseline
0.000000e+00 1.612226e+02
3.300000e+02 1.612226e+02
