/newplot
/plotname contrast2=0.0
0.0000e+00 3.9261e+02 1.6063e+01
3.0000e+01 3.2623e+02 2.8881e+01
6.0000e+01 3.0043e+02 2.2002e+01
9.0000e+01 2.9487e+02 1.8795e+01
1.2000e+02 3.0140e+02 1.4580e+01
1.5000e+02 3.6042e+02 3.1338e+01
1.8000e+02 3.6741e+02 5.8784e+01
2.1000e+02 3.1464e+02 2.3344e+01
2.4000e+02 2.9924e+02 1.5866e+01
2.7000e+02 2.9048e+02 1.4044e+01
3.0000e+02 3.0718e+02 2.0479e+01
3.3000e+02 3.5334e+02 3.7395e+01
/newplot
/plotname contrast2=0.5
0.0000e+00 4.2148e+02 3.5804e+01
3.0000e+01 3.6705e+02 5.1439e+01
6.0000e+01 3.5907e+02 3.3287e+01
9.0000e+01 3.6852e+02 1.5366e+01
1.2000e+02 3.2911e+02 3.5463e+01
1.5000e+02 3.6193e+02 3.3797e+01
1.8000e+02 3.7482e+02 4.7564e+01
2.1000e+02 3.7611e+02 5.1035e+01
2.4000e+02 3.4071e+02 2.3296e+01
2.7000e+02 3.7469e+02 2.3868e+01
3.0000e+02 3.3890e+02 1.7128e+01
3.3000e+02 3.3677e+02 2.6570e+01
/newplot
/plotname baseline
0.000000e+00 3.009326e+02
3.300000e+02 3.009326e+02
