/newplot
/plotname contrast2=0.0
0.0000e+00 2.5254e+02 1.5374e+01
3.0000e+01 2.5700e+02 1.6081e+01
6.0000e+01 2.4973e+02 1.4469e+01
9.0000e+01 2.4602e+02 2.1053e+01
1.2000e+02 2.4476e+02 2.4814e+01
1.5000e+02 2.4387e+02 1.8550e+01
1.8000e+02 2.6415e+02 1.6961e+01
2.1000e+02 2.4911e+02 1.4458e+01
2.4000e+02 2.4682e+02 1.2281e+01
2.7000e+02 2.3516e+02 1.4306e+01
3.0000e+02 2.4635e+02 4.4673e+00
3.3000e+02 2.5078e+02 1.0588e+01
/newplot
/plotname contrast2=0.5
0.0000e+00 2.6447e+02 2.3543e+01
3.0000e+01 2.6977e+02 3.5531e+01
6.0000e+01 2.4839e+02 1.3477e+01
9.0000e+01 2.7131e+02 1.4065e+01
1.2000e+02 2.6307e+02 4.0531e+01
1.5000e+02 2.7540e+02 1.6537e+01
1.8000e+02 2.6253e+02 1.2519e+01
2.1000e+02 2.7005e+02 1.5819e+01
2.4000e+02 2.6237e+02 2.3271e+01
2.7000e+02 2.6219e+02 1.8558e+01
3.0000e+02 2.6435e+02 2.3032e+01
3.3000e+02 2.4903e+02 1.7115e+01
/newplot
/plotname baseline
0.000000e+00 2.340533e+02
3.300000e+02 2.340533e+02
