/newplot
/plotname contrast2=0.0
0.0000e+00 2.5983e+02 2.2920e+01
3.0000e+01 2.8510e+02 3.0222e+01
6.0000e+01 4.3186e+02 1.2786e+02
9.0000e+01 2.7925e+02 1.6538e+01
1.2000e+02 2.7070e+02 2.4436e+01
1.5000e+02 2.5140e+02 2.0547e+01
1.8000e+02 2.6576e+02 1.8556e+01
2.1000e+02 2.8448e+02 2.0152e+01
2.4000e+02 4.8914e+02 9.6954e+01
2.7000e+02 3.0664e+02 3.2708e+01
3.0000e+02 2.5296e+02 1.7498e+01
3.3000e+02 2.7116e+02 3.3807e+01
/newplot
/plotname contrast2=0.5
0.0000e+00 3.1316e+02 2.7953e+01
3.0000e+01 3.7692e+02 8.7506e+01
6.0000e+01 3.2243e+02 5.1563e+01
9.0000e+01 3.1415e+02 5.2274e+01
1.2000e+02 4.0916e+02 8.1649e+01
1.5000e+02 4.9330e+02 7.5518e+01
1.8000e+02 3.4265e+02 6.2890e+01
2.1000e+02 4.5394e+02 1.0898e+02
2.4000e+02 4.7490e+02 8.7569e+01
2.7000e+02 3.7353e+02 6.2323e+01
3.0000e+02 3.4057e+02 6.9010e+01
3.3000e+02 3.4750e+02 5.6001e+01
/newplot
/plotname baseline
0.000000e+00 2.817650e+02
3.300000e+02 2.817650e+02
