/newplot
/plotname contrast2=0.0
0.0000e+00 3.5901e+02 2.3230e+01
3.0000e+01 3.6212e+02 3.0773e+01
6.0000e+01 3.4809e+02 3.3439e+01
9.0000e+01 3.5112e+02 3.8025e+01
1.2000e+02 3.6016e+02 1.5592e+01
1.5000e+02 3.5914e+02 2.3272e+01
1.8000e+02 3.4561e+02 2.7449e+01
2.1000e+02 3.3735e+02 8.9253e+00
2.4000e+02 3.5190e+02 2.7332e+01
2.7000e+02 3.5961e+02 1.6253e+01
3.0000e+02 3.4464e+02 1.7714e+01
3.3000e+02 3.5899e+02 3.3676e+01
/newplot
/plotname contrast2=0.5
0.0000e+00 3.6921e+02 2.9492e+01
3.0000e+01 3.6657e+02 2.6652e+01
6.0000e+01 3.5906e+02 5.5609e+01
9.0000e+01 3.6384e+02 2.9998e+01
1.2000e+02 3.8113e+02 2.3854e+01
1.5000e+02 3.7525e+02 3.4204e+01
1.8000e+02 3.7245e+02 4.4837e+01
2.1000e+02 3.8182e+02 5.1577e+01
2.4000e+02 3.7973e+02 5.7396e+01
2.7000e+02 3.7556e+02 3.1341e+01
3.0000e+02 3.7056e+02 2.7803e+01
3.3000e+02 3.7079e+02 3.2964e+01
/newplot
/plotname baseline
0.000000e+00 3.485399e+02
3.300000e+02 3.485399e+02
