/newplot
/plotname contrast2=0.0
0.0000e+00 1.4364e+02 1.0638e+01
3.0000e+01 1.5384e+02 1.2516e+01
6.0000e+01 1.6509e+02 1.4884e+01
9.0000e+01 1.5456e+02 6.8741e+00
1.2000e+02 1.4207e+02 1.4680e+00
1.5000e+02 1.4377e+02 4.2801e+00
1.8000e+02 1.5001e+02 5.3066e+00
2.1000e+02 1.5215e+02 9.3097e+00
2.4000e+02 1.6662e+02 1.0230e+01
2.7000e+02 1.5589e+02 1.2339e+01
3.0000e+02 1.4463e+02 7.8391e+00
3.3000e+02 1.4187e+02 9.5865e+00
/newplot
/plotname contrast2=0.5
0.0000e+00 1.8496e+02 8.8521e+00
3.0000e+01 2.0491e+02 3.4421e+01
6.0000e+01 1.7593e+02 2.1520e+01
9.0000e+01 1.8803e+02 2.1139e+01
1.2000e+02 1.9987e+02 2.4613e+01
1.5000e+02 2.1487e+02 1.5767e+01
1.8000e+02 1.8685e+02 2.2954e+01
2.1000e+02 2.0551e+02 2.9717e+01
2.4000e+02 2.0676e+02 1.9969e+01
2.7000e+02 1.9804e+02 1.9316e+01
3.0000e+02 1.7851e+02 1.2975e+01
3.3000e+02 1.8101e+02 1.8483e+01
/newplot
/plotname baseline
0.000000e+00 1.425640e+02
3.300000e+02 1.425640e+02
