/newplot
/plotname contrast2=0.0
0.0000e+00 8.0761e+02 3.6849e+01
3.0000e+01 8.2369e+02 2.5452e+01
6.0000e+01 8.6544e+02 7.8838e+01
9.0000e+01 7.8723e+02 4.2899e+01
1.2000e+02 8.0748e+02 3.1393e+01
1.5000e+02 7.9234e+02 3.2568e+01
1.8000e+02 7.9879e+02 3.9273e+01
2.1000e+02 8.3715e+02 2.4223e+01
2.4000e+02 8.7707e+02 5.4434e+01
2.7000e+02 8.3807e+02 4.8297e+01
3.0000e+02 7.9452e+02 2.7594e+01
3.3000e+02 7.9754e+02 3.6635e+01
/newplot
/plotname contrast2=0.5
0.0000e+00 8.5836e+02 3.5426e+01
3.0000e+01 8.8967e+02 4.7142e+01
6.0000e+01 8.6212e+02 7.8943e+01
9.0000e+01 8.2120e+02 3.1272e+01
1.2000e+02 9.1754e+02 5.6243e+01
1.5000e+02 9.0599e+02 5.7699e+01
1.8000e+02 8.6555e+02 6.2730e+01
2.1000e+02 9.1069e+02 7.9441e+01
2.4000e+02 8.9563e+02 8.7013e+01
2.7000e+02 9.0479e+02 6.5901e+01
3.0000e+02 8.5892e+02 7.0728e+01
3.3000e+02 8.5467e+02 6.9171e+01
/newplot
/plotname baseline
0.000000e+00 8.098552e+02
3.300000e+02 8.098552e+02
