/newplot
/plotname contrast2=0.0
0.0000e+00 1.0954e+03 2.2576e+01
3.0000e+01 1.1017e+03 1.5654e+01
6.0000e+01 1.0949e+03 2.2363e+01
9.0000e+01 1.0691e+03 3.1144e+01
1.2000e+02 1.0929e+03 1.4300e+01
1.5000e+02 1.0869e+03 1.6713e+01
1.8000e+02 1.0824e+03 9.0578e+00
2.1000e+02 1.0957e+03 8.6812e+00
2.4000e+02 1.1079e+03 1.5273e+01
2.7000e+02 1.0962e+03 2.7561e+01
3.0000e+02 1.0858e+03 1.9096e+01
3.3000e+02 1.0905e+03 1.2662e+01
/newplot
/plotname contrast2=0.5
0.0000e+00 1.1140e+03 1.5047e+01
3.0000e+01 1.1110e+03 2.3910e+01
6.0000e+01 1.0873e+03 1.2665e+01
9.0000e+01 1.1028e+03 1.4026e+01
1.2000e+02 1.1119e+03 3.6869e+01
1.5000e+02 1.1080e+03 4.7388e+00
1.8000e+02 1.1104e+03 1.5357e+01
2.1000e+02 1.1156e+03 1.7646e+01
2.4000e+02 1.1058e+03 2.6292e+01
2.7000e+02 1.1053e+03 1.3065e+01
3.0000e+02 1.1332e+03 1.8318e+01
3.3000e+02 1.0999e+03 1.4731e+01
/newplot
/plotname baseline
0.000000e+00 1.085992e+03
3.300000e+02 1.085992e+03
