/newplot
/plotname contrast2=0.0
0.0000e+00 4.9068e+02 3.5403e+01
3.0000e+01 4.6785e+02 5.9613e+01
6.0000e+01 4.3003e+02 6.7948e+01
9.0000e+01 4.0714e+02 2.0476e+01
1.2000e+02 4.3875e+02 3.0820e+01
1.5000e+02 4.6562e+02 3.6570e+01
1.8000e+02 4.6929e+02 4.2272e+01
2.1000e+02 4.3499e+02 2.0009e+01
2.4000e+02 4.2498e+02 3.8737e+01
2.7000e+02 4.1775e+02 2.4455e+01
3.0000e+02 4.4565e+02 4.9119e+01
3.3000e+02 5.0270e+02 5.4822e+01
/newplot
/plotname contrast2=0.5
0.0000e+00 5.0370e+02 3.2851e+01
3.0000e+01 5.0166e+02 4.3113e+01
6.0000e+01 4.8683e+02 7.1144e+01
9.0000e+01 4.8016e+02 3.5938e+01
1.2000e+02 4.8479e+02 6.0770e+01
1.5000e+02 4.9179e+02 4.2504e+01
1.8000e+02 4.9871e+02 4.6617e+01
2.1000e+02 5.0817e+02 8.9769e+01
2.4000e+02 5.0218e+02 9.1003e+01
2.7000e+02 5.0356e+02 4.9513e+01
3.0000e+02 4.7685e+02 3.5449e+01
3.3000e+02 4.8194e+02 4.3814e+01
/newplot
/plotname baseline
0.000000e+00 4.392155e+02
3.300000e+02 4.392155e+02
