/newplot
/plotname contrast2=0.0
0.0000e+00 2.3782e+02 8.1639e+00
3.0000e+01 2.3157e+02 1.2115e+01
6.0000e+01 2.2419e+02 7.7242e+00
9.0000e+01 2.1586e+02 8.2352e+00
1.2000e+02 2.4382e+02 1.4530e+01
1.5000e+02 2.5541e+02 1.2033e+01
1.8000e+02 2.2761e+02 1.0195e+01
2.1000e+02 2.3223e+02 1.2028e+01
2.4000e+02 2.2533e+02 8.0521e+00
2.7000e+02 2.2751e+02 1.0767e+01
3.0000e+02 2.3990e+02 1.2207e+01
3.3000e+02 2.4236e+02 1.6760e+01
/newplot
/plotname contrast2=0.5
0.0000e+00 2.5327e+02 1.5367e+01
3.0000e+01 2.5768e+02 2.4604e+01
6.0000e+01 2.4662e+02 1.5980e+01
9.0000e+01 2.3278e+02 1.5279e+01
1.2000e+02 2.4890e+02 2.2497e+01
1.5000e+02 2.4576e+02 1.2363e+01
1.8000e+02 2.4418e+02 2.1025e+01
2.1000e+02 2.4783e+02 1.8731e+01
2.4000e+02 2.4251e+02 1.2886e+01
2.7000e+02 2.4216e+02 1.8540e+01
3.0000e+02 2.4605e+02 1.0741e+01
3.3000e+02 2.4053e+02 9.6981e+00
/newplot
/plotname baseline
0.000000e+00 2.260184e+02
3.300000e+02 2.260184e+02
