/newplot
/plotname contrast2=0.0
0.0000e+00 2.5596e+02 2.2973e+01
3.0000e+01 2.6133e+02 6.6836e+00
6.0000e+01 2.9910e+02 2.3781e+01
9.0000e+01 2.6862e+02 1.1138e+01
1.2000e+02 2.6053e+02 4.4252e+00
1.5000e+02 2.5040e+02 9.9895e+00
1.8000e+02 2.5644e+02 1.5949e+01
2.1000e+02 2.6143e+02 1.0545e+01
2.4000e+02 3.2442e+02 2.3625e+01
2.7000e+02 2.6931e+02 1.3677e+01
3.0000e+02 2.5509e+02 1.1881e+01
3.3000e+02 2.6294e+02 2.6178e+01
/newplot
/plotname contrast2=0.5
0.0000e+00 4.9789e+02 1.4104e+02
3.0000e+01 3.5722e+02 7.3478e+01
6.0000e+01 2.7657e+02 1.9137e+01
9.0000e+01 2.9810e+02 2.2830e+01
1.2000e+02 3.4407e+02 6.0733e+01
1.5000e+02 3.2636e+02 2.4223e+01
1.8000e+02 3.3028e+02 7.7995e+01
2.1000e+02 3.1513e+02 2.2692e+01
2.4000e+02 3.3232e+02 1.4434e+01
2.7000e+02 3.4163e+02 6.8489e+01
3.0000e+02 5.2530e+02 1.4116e+02
3.3000e+02 2.6726e+02 1.9908e+01
/newplot
/plotname baseline
0.000000e+00 2.579609e+02
3.300000e+02 2.579609e+02
