/newplot
/plotname contrast2=0.0
0.0000e+00 3.9403e+02 8.6863e+00
3.0000e+01 4.4128e+02 1.0311e+01
6.0000e+01 3.9015e+02 1.6127e+01
9.0000e+01 3.7371e+02 1.2144e+01
1.2000e+02 3.7446e+02 1.7391e+01
1.5000e+02 3.9220e+02 1.0868e+01
1.8000e+02 4.0810e+02 2.0465e+01
2.1000e+02 4.1044e+02 2.2287e+01
2.4000e+02 3.8573e+02 1.0770e+01
2.7000e+02 3.8537e+02 1.9998e+01
3.0000e+02 3.8406e+02 2.4816e+01
3.3000e+02 3.7997e+02 2.1146e+01
/newplot
/plotname contrast2=0.5
0.0000e+00 4.7813e+02 1.7840e+01
3.0000e+01 4.9864e+02 4.5012e+01
6.0000e+01 4.3230e+02 4.5689e+01
9.0000e+01 4.4405e+02 2.2345e+01
1.2000e+02 4.6040e+02 2.3041e+01
1.5000e+02 4.7607e+02 3.3227e+01
1.8000e+02 4.7414e+02 4.0334e+01
2.1000e+02 4.7692e+02 4.4131e+01
2.4000e+02 4.6423e+02 4.0380e+01
2.7000e+02 4.6410e+02 2.7530e+01
3.0000e+02 4.4152e+02 2.0296e+01
3.3000e+02 4.4139e+02 3.7442e+01
/newplot
/plotname baseline
0.000000e+00 3.825686e+02
3.300000e+02 3.825686e+02
