/newplot
/plotname contrast2=0.0
0.0000e+00 1.4360e+02 5.8548e+00
3.0000e+01 1.2405e+02 7.7738e+00
6.0000e+01 1.2031e+02 7.7737e+00
9.0000e+01 1.2750e+02 3.6784e+00
1.2000e+02 1.2709e+02 6.0226e+00
1.5000e+02 1.5269e+02 5.7428e+00
1.8000e+02 1.3925e+02 1.5592e+01
2.1000e+02 1.2729e+02 9.9242e+00
2.4000e+02 1.2214e+02 6.7406e+00
2.7000e+02 1.2647e+02 6.8215e+00
3.0000e+02 1.2552e+02 9.2751e+00
3.3000e+02 1.4972e+02 1.3541e+01
/newplot
/plotname contrast2=0.5
0.0000e+00 1.5044e+02 1.0807e+01
3.0000e+01 1.7101e+02 1.7434e+01
6.0000e+01 1.4689e+02 1.2064e+01
9.0000e+01 1.4500e+02 8.9701e+00
1.2000e+02 1.4145e+02 1.7385e+01
1.5000e+02 1.5443e+02 8.3668e+00
1.8000e+02 1.4949e+02 5.9108e+00
2.1000e+02 1.5665e+02 1.8643e+01
2.4000e+02 1.4052e+02 1.4794e+01
2.7000e+02 1.4714e+02 1.2322e+01
3.0000e+02 1.4061e+02 8.3066e+00
3.3000e+02 1.3721e+02 6.0368e+00
/newplot
/plotname baseline
0.000000e+00 1.256367e+02
3.300000e+02 1.256367e+02
