/newplot
/plotname contrast2=0.0
0.0000e+00 2.6148e+02 1.4991e+01
3.0000e+01 2.2302e+02 1.7919e+01
6.0000e+01 2.0273e+02 1.4253e+01
9.0000e+01 2.0736e+02 2.1155e+01
1.2000e+02 2.1984e+02 1.4673e+01
1.5000e+02 2.4974e+02 1.4968e+01
1.8000e+02 2.5158e+02 3.0995e+01
2.1000e+02 2.0471e+02 1.1787e+01
2.4000e+02 1.9781e+02 6.1861e+00
2.7000e+02 1.9350e+02 1.3565e+01
3.0000e+02 2.1117e+02 2.2327e+01
3.3000e+02 2.5538e+02 2.4683e+01
/newplot
/plotname contrast2=0.5
0.0000e+00 2.3932e+02 2.6932e+01
3.0000e+01 2.3563e+02 1.7934e+01
6.0000e+01 2.1546e+02 1.1259e+01
9.0000e+01 2.2581e+02 1.2399e+01
1.2000e+02 2.3306e+02 1.2416e+01
1.5000e+02 2.2096e+02 2.2468e+01
1.8000e+02 2.2688e+02 1.1106e+01
2.1000e+02 2.4059e+02 1.5618e+01
2.4000e+02 2.3339e+02 1.8359e+01
2.7000e+02 2.2644e+02 2.3247e+01
3.0000e+02 2.3335e+02 8.8475e+00
3.3000e+02 2.2080e+02 1.5614e+01
/newplot
/plotname baseline
0.000000e+00 1.928261e+02
3.300000e+02 1.928261e+02
