/newplot
/plotname contrast2=0.0
0.0000e+00 2.1505e+02 2.6310e+01
3.0000e+01 1.8712e+02 3.8219e+01
6.0000e+01 1.6251e+02 2.6031e+01
9.0000e+01 1.5791e+02 1.6458e+01
1.2000e+02 1.6938e+02 1.1517e+01
1.5000e+02 2.2382e+02 3.4842e+01
1.8000e+02 2.0338e+02 3.1514e+01
2.1000e+02 1.7297e+02 1.5417e+01
2.4000e+02 1.6063e+02 1.1541e+01
2.7000e+02 1.5857e+02 1.5392e+01
3.0000e+02 1.7297e+02 1.5073e+01
3.3000e+02 2.4441e+02 6.5421e+01
/newplot
/plotname contrast2=0.5
0.0000e+00 2.4550e+02 2.0114e+01
3.0000e+01 2.3778e+02 3.7179e+01
6.0000e+01 2.3291e+02 5.6635e+01
9.0000e+01 2.2155e+02 2.9526e+01
1.2000e+02 2.0261e+02 3.6089e+01
1.5000e+02 2.3320e+02 2.7563e+01
1.8000e+02 2.1715e+02 2.9328e+01
2.1000e+02 2.4252e+02 6.2525e+01
2.4000e+02 2.3867e+02 5.1539e+01
2.7000e+02 2.3091e+02 3.8044e+01
3.0000e+02 2.0369e+02 3.5616e+01
3.3000e+02 2.2389e+02 3.9571e+01
/newplot
/plotname baseline
0.000000e+00 1.767247e+02
3.300000e+02 1.767247e+02
