/newplot
/plotname contrast2=0.0
0.0000e+00 1.9733e+02 5.2184e+01
3.0000e+01 1.8161e+02 2.2825e+01
6.0000e+01 1.8770e+02 3.0930e+01
9.0000e+01 2.1257e+02 2.7940e+01
1.2000e+02 1.9758e+02 2.7420e+01
1.5000e+02 1.8576e+02 1.7192e+01
1.8000e+02 1.8119e+02 1.8882e+01
2.1000e+02 1.7831e+02 1.0955e+01
2.4000e+02 1.9424e+02 2.0098e+01
2.7000e+02 2.0115e+02 2.5233e+01
3.0000e+02 1.9287e+02 2.2367e+01
3.3000e+02 1.9703e+02 3.3031e+01
/newplot
/plotname contrast2=0.5
0.0000e+00 2.9481e+02 4.1168e+01
3.0000e+01 3.1627e+02 7.7468e+01
6.0000e+01 2.6439e+02 8.3532e+01
9.0000e+01 2.5852e+02 4.9887e+01
1.2000e+02 3.0086e+02 8.0466e+01
1.5000e+02 3.0028e+02 6.0367e+01
1.8000e+02 2.7571e+02 5.3474e+01
2.1000e+02 3.1319e+02 7.3001e+01
2.4000e+02 2.9157e+02 7.2510e+01
2.7000e+02 3.1215e+02 8.2136e+01
3.0000e+02 2.6691e+02 3.4325e+01
3.3000e+02 2.5454e+02 7.8796e+01
/newplot
/plotname baseline
0.000000e+00 1.938115e+02
3.300000e+02 1.938115e+02
