/newplot
/plotname contrast2=0.0
0.0000e+00 1.1754e+02 3.3724e+00
3.0000e+01 1.2918e+02 1.5444e+01
6.0000e+01 1.1216e+02 7.1505e+00
9.0000e+01 1.0916e+02 4.2773e+00
1.2000e+02 1.0978e+02 8.4276e+00
1.5000e+02 1.0769e+02 4.9812e+00
1.8000e+02 1.2015e+02 1.1985e+01
2.1000e+02 1.2389e+02 4.3285e+00
2.4000e+02 1.1568e+02 9.1669e+00
2.7000e+02 1.0717e+02 7.7960e+00
3.0000e+02 1.0507e+02 4.7755e+00
3.3000e+02 1.1110e+02 4.3741e+00
/newplot
/plotname contrast2=0.5
0.0000e+00 1.2813e+02 6.9314e+00
3.0000e+01 1.3643e+02 2.1978e+01
6.0000e+01 1.2079e+02 1.0689e+01
9.0000e+01 1.1921e+02 4.0317e+00
1.2000e+02 1.3730e+02 1.7208e+01
1.5000e+02 1.2135e+02 1.5180e+01
1.8000e+02 1.2805e+02 1.3403e+01
2.1000e+02 1.3837e+02 8.4054e+00
2.4000e+02 1.2699e+02 1.0782e+01
2.7000e+02 1.2887e+02 1.2405e+01
3.0000e+02 1.2977e+02 8.7120e+00
3.3000e+02 1.1845e+02 5.2722e+00
/newplot
/plotname baseline
0.000000e+00 1.066512e+02
3.300000e+02 1.066512e+02
