/newplot
/plotname contrast2=0.0
0.0000e+00 2.6791e+02 1.3458e+01
3.0000e+01 2.5539e+02 1.8145e+01
6.0000e+01 2.3943e+02 1.1376e+01
9.0000e+01 2.3888e+02 5.7204e+00
1.2000e+02 2.4802e+02 1.1468e+01
1.5000e+02 2.5425e+02 2.4102e+01
1.8000e+02 2.5759e+02 1.5370e+01
2.1000e+02 2.4838e+02 8.4913e+00
2.4000e+02 2.4499e+02 1.3859e+01
2.7000e+02 2.4127e+02 6.6993e+00
3.0000e+02 2.4533e+02 1.3524e+01
3.3000e+02 2.7123e+02 2.4159e+01
/newplot
/plotname contrast2=0.5
0.0000e+00 2.9857e+02 2.1275e+01
3.0000e+01 2.9695e+02 3.1404e+01
6.0000e+01 2.6996e+02 2.4419e+01
9.0000e+01 2.6923e+02 6.1065e+00
1.2000e+02 2.7337e+02 2.0202e+01
1.5000e+02 2.9215e+02 2.7760e+01
1.8000e+02 2.8397e+02 2.0240e+01
2.1000e+02 2.9676e+02 2.7643e+01
2.4000e+02 2.7662e+02 1.5244e+01
2.7000e+02 2.8494e+02 2.7983e+01
3.0000e+02 2.7411e+02 1.9474e+01
3.3000e+02 2.8336e+02 2.6967e+01
/newplot
/plotname baseline
0.000000e+00 2.457115e+02
3.300000e+02 2.457115e+02
