/newplot
/plotname contrast2=0.0
0.0000e+00 3.4231e+02 2.9785e+01
3.0000e+01 3.4610e+02 3.3607e+01
6.0000e+01 2.9335e+02 4.4444e+01
9.0000e+01 3.0700e+02 3.0215e+01
1.2000e+02 3.0772e+02 3.3859e+01
1.5000e+02 3.5207e+02 5.2954e+01
1.8000e+02 3.5074e+02 4.6546e+01
2.1000e+02 3.3414e+02 4.7524e+01
2.4000e+02 3.1127e+02 4.8803e+01
2.7000e+02 2.9491e+02 1.3230e+01
3.0000e+02 3.1948e+02 2.8601e+01
3.3000e+02 3.3794e+02 4.4667e+01
/newplot
/plotname contrast2=0.5
0.0000e+00 3.5691e+02 3.1344e+01
3.0000e+01 3.7509e+02 4.2884e+01
6.0000e+01 3.4739e+02 2.3247e+01
9.0000e+01 3.4653e+02 4.9644e+01
1.2000e+02 3.5158e+02 5.2592e+01
1.5000e+02 3.6847e+02 4.3194e+01
1.8000e+02 3.7589e+02 4.8773e+01
2.1000e+02 3.8955e+02 4.0787e+01
2.4000e+02 3.4511e+02 4.3503e+01
2.7000e+02 3.5723e+02 4.5741e+01
3.0000e+02 3.9102e+02 2.7209e+01
3.3000e+02 3.4816e+02 5.0366e+01
/newplot
/plotname baseline
0.000000e+00 3.058647e+02
3.300000e+02 3.058647e+02
