/newplot
/plotname contrast2=0.0
0.0000e+00 2.0895e+02 1.6757e+01
3.0000e+01 1.8630e+02 2.2712e+01
6.0000e+01 1.7445e+02 1.7703e+01
9.0000e+01 1.6459e+02 1.5620e+01
1.2000e+02 1.7430e+02 1.4451e+01
1.5000e+02 2.1475e+02 2.7264e+01
1.8000e+02 1.9364e+02 2.3142e+01
2.1000e+02 1.7117e+02 1.4122e+01
2.4000e+02 1.7227e+02 1.1491e+01
2.7000e+02 1.6995e+02 1.4487e+01
3.0000e+02 1.7836e+02 2.3260e+01
3.3000e+02 2.2191e+02 4.3198e+01
/newplot
/plotname contrast2=0.5
0.0000e+00 2.3205e+02 1.7273e+01
3.0000e+01 2.2659e+02 3.3007e+01
6.0000e+01 2.1202e+02 3.6550e+01
9.0000e+01 1.9474e+02 2.2421e+01
1.2000e+02 1.9950e+02 3.2771e+01
1.5000e+02 2.1617e+02 1.8376e+01
1.8000e+02 2.0335e+02 2.2220e+01
2.1000e+02 2.1082e+02 3.3632e+01
2.4000e+02 2.1666e+02 3.3161e+01
2.7000e+02 2.1509e+02 2.4531e+01
3.0000e+02 1.9601e+02 1.9075e+01
3.3000e+02 2.0299e+02 3.2111e+01
/newplot
/plotname baseline
0.000000e+00 1.755942e+02
3.300000e+02 1.755942e+02
