/newplot
/plotname contrast2=0.0
0.0000e+00 2.9787e+02 8.0771e+00
3.0000e+01 2.9268e+02 6.1466e+00
6.0000e+01 2.9541e+02 7.5532e+00
9.0000e+01 2.9459e+02 1.8544e+01
1.2000e+02 3.0178e+02 1.7748e+01
1.5000e+02 2.9695e+02 1.6569e+01
1.8000e+02 2.9671e+02 1.3931e+01
2.1000e+02 2.9149e+02 9.4726e+00
2.4000e+02 2.9331e+02 7.4875e+00
2.7000e+02 3.0443e+02 8.9233e+00
3.0000e+02 3.0437e+02 7.3643e+00
3.3000e+02 2.9004e+02 1.7809e+01
/newplot
/plotname contrast2=0.5
0.0000e+00 3.1226e+02 1.3034e+01
3.0000e+01 3.1346e+02 1.6877e+01
6.0000e+01 3.0939e+02 1.7427e+01
9.0000e+01 3.0409e+02 1.4717e+01
1.2000e+02 3.1523e+02 1.2739e+01
1.5000e+02 3.1719e+02 5.1584e+00
1.8000e+02 3.0890e+02 1.4872e+01
2.1000e+02 3.2446e+02 1.1513e+01
2.4000e+02 3.1559e+02 1.8613e+01
2.7000e+02 3.1119e+02 9.0850e+00
3.0000e+02 3.1803e+02 1.3831e+01
3.3000e+02 3.1672e+02 1.7612e+01
/newplot
/plotname baseline
0.000000e+00 2.921681e+02
3.300000e+02 2.921681e+02
