/newplot
/plotname contrast2=0.0
0.0000e+00 1.4936e+02 1.4334e+01
3.0000e+01 1.4110e+02 9.4471e+00
6.0000e+01 1.4782e+02 6.0193e+00
9.0000e+01 1.4022e+02 1.1025e+01
1.2000e+02 1.5681e+02 1.7560e+01
1.5000e+02 1.6172e+02 1.4979e+01
1.8000e+02 1.5330e+02 1.8954e+01
2.1000e+02 1.4571e+02 1.5704e+01
2.4000e+02 1.3871e+02 1.0137e+01
2.7000e+02 1.4662e+02 7.0800e+00
3.0000e+02 1.6263e+02 7.4216e+00
3.3000e+02 1.5614e+02 1.3957e+01
/newplot
/plotname contrast2=0.5
0.0000e+00 1.6653e+02 1.4493e+01
3.0000e+01 1.7326e+02 1.6515e+01
6.0000e+01 1.6316e+02 1.4933e+01
9.0000e+01 1.5204e+02 5.6596e+00
1.2000e+02 1.6883e+02 2.0820e+01
1.5000e+02 1.6830e+02 1.1625e+01
1.8000e+02 1.6297e+02 1.6459e+01
2.1000e+02 1.6974e+02 1.4651e+01
2.4000e+02 1.6337e+02 1.2974e+01
2.7000e+02 1.6093e+02 1.6281e+01
3.0000e+02 1.6597e+02 1.1935e+01
3.3000e+02 1.6811e+02 1.2876e+01
/newplot
/plotname baseline
0.000000e+00 1.451427e+02
3.300000e+02 1.451427e+02
