/newplot
/plotname contrast2=0.0
0.0000e+00 1.7800e+02 9.4846e+00
3.0000e+01 1.6433e+02 1.0597e+01
6.0000e+01 1.6125e+02 7.2377e+00
9.0000e+01 1.5978e+02 1.2006e+01
1.2000e+02 1.6098e+02 6.6981e+00
1.5000e+02 1.7194e+02 9.6580e+00
1.8000e+02 1.7553e+02 8.6499e+00
2.1000e+02 1.6695e+02 7.5730e+00
2.4000e+02 1.6205e+02 8.8815e+00
2.7000e+02 1.6183e+02 8.3139e+00
3.0000e+02 1.6696e+02 1.0802e+01
3.3000e+02 1.7533e+02 1.0550e+01
/newplot
/plotname contrast2=0.5
0.0000e+00 1.8816e+02 1.4703e+01
3.0000e+01 1.9040e+02 1.8058e+01
6.0000e+01 1.6909e+02 9.7083e+00
9.0000e+01 1.8339e+02 7.5489e+00
1.2000e+02 1.7782e+02 2.1050e+01
1.5000e+02 1.7321e+02 6.2137e+00
1.8000e+02 1.7780e+02 1.4073e+01
2.1000e+02 1.8391e+02 2.0950e+01
2.4000e+02 1.7772e+02 9.4825e+00
2.7000e+02 1.7618e+02 8.5189e+00
3.0000e+02 1.6745e+02 1.0321e+01
3.3000e+02 1.6648e+02 7.4272e+00
/newplot
/plotname baseline
0.000000e+00 1.631976e+02
3.300000e+02 1.631976e+02
