/newplot
/plotname contrast2=0.0
0.0000e+00 4.7368e+02 1.8494e+02
3.0000e+01 4.9106e+02 1.0409e+02
6.0000e+01 5.9615e+02 2.2561e+02
9.0000e+01 4.4680e+02 9.5309e+01
1.2000e+02 4.9081e+02 9.3277e+01
1.5000e+02 4.5240e+02 1.0072e+02
1.8000e+02 4.7531e+02 1.1881e+02
2.1000e+02 5.1447e+02 1.1273e+02
2.4000e+02 5.4076e+02 1.2540e+02
2.7000e+02 5.6807e+02 1.6972e+02
3.0000e+02 4.7286e+02 8.1067e+01
3.3000e+02 5.1791e+02 1.5711e+02
/newplot
/plotname contrast2=0.5
0.0000e+00 6.5737e+02 1.5657e+02
3.0000e+01 6.6264e+02 7.8269e+01
6.0000e+01 6.7801e+02 1.6855e+02
9.0000e+01 5.8441e+02 1.4062e+02
1.2000e+02 6.3294e+02 1.5347e+02
1.5000e+02 6.1803e+02 1.4062e+02
1.8000e+02 6.5952e+02 1.7568e+02
2.1000e+02 7.4947e+02 2.4106e+02
2.4000e+02 6.9466e+02 2.5273e+02
2.7000e+02 6.3734e+02 1.4050e+02
3.0000e+02 5.5405e+02 8.9801e+01
3.3000e+02 6.4024e+02 1.3024e+02
/newplot
/plotname baseline
0.000000e+00 5.122142e+02
3.300000e+02 5.122142e+02
