/newplot
/plotname contrast2=0.0
0.0000e+00 4.2547e+02 3.3894e+01
3.0000e+01 4.0613e+02 2.6906e+01
6.0000e+01 3.9553e+02 2.5276e+01
9.0000e+01 4.1368e+02 1.1856e+01
1.2000e+02 3.9353e+02 2.1773e+01
1.5000e+02 4.2949e+02 3.6449e+01
1.8000e+02 4.2468e+02 1.5876e+01
2.1000e+02 3.9195e+02 1.5206e+01
2.4000e+02 3.9841e+02 2.4637e+01
2.7000e+02 3.9256e+02 2.1829e+01
3.0000e+02 3.8690e+02 2.4328e+01
3.3000e+02 4.1854e+02 1.7722e+01
/newplot
/plotname contrast2=0.5
0.0000e+00 4.2788e+02 1.3236e+01
3.0000e+01 4.0699e+02 2.8097e+01
6.0000e+01 4.1717e+02 2.4057e+01
9.0000e+01 4.0054e+02 3.1925e+01
1.2000e+02 4.2334e+02 2.7849e+01
1.5000e+02 4.0134e+02 1.5137e+01
1.8000e+02 4.3718e+02 2.5281e+01
2.1000e+02 4.1578e+02 2.5191e+01
2.4000e+02 4.4798e+02 4.3147e+01
2.7000e+02 4.0669e+02 4.3294e+01
3.0000e+02 4.1139e+02 3.3445e+01
3.3000e+02 4.2460e+02 2.8891e+01
/newplot
/plotname baseline
0.000000e+00 3.997522e+02
3.300000e+02 3.997522e+02
