/newplot
/plotname contrast2=0.0
0.0000e+00 3.5329e+02 1.6241e+01
3.0000e+01 3.8221e+02 2.1501e+01
6.0000e+01 3.7753e+02 1.2254e+01
9.0000e+01 3.5344e+02 1.0443e+01
1.2000e+02 3.6089e+02 9.6335e+00
1.5000e+02 3.6471e+02 1.5639e+01
1.8000e+02 3.6040e+02 1.3332e+01
2.1000e+02 3.9473e+02 1.6814e+01
2.4000e+02 4.0177e+02 1.8825e+01
2.7000e+02 3.5578e+02 4.9221e+00
3.0000e+02 3.5190e+02 1.3283e+01
3.3000e+02 3.5634e+02 1.5422e+01
/newplot
/plotname contrast2=0.5
0.0000e+00 3.6276e+02 2.0168e+01
3.0000e+01 3.7941e+02 1.0513e+01
6.0000e+01 3.6347e+02 7.2742e+00
9.0000e+01 3.7543e+02 3.0452e+01
1.2000e+02 3.8500e+02 9.9436e+00
1.5000e+02 3.9994e+02 2.2269e+01
1.8000e+02 3.7486e+02 2.6344e+01
2.1000e+02 4.0109e+02 1.2671e+01
2.4000e+02 4.0056e+02 3.2223e+01
2.7000e+02 3.8297e+02 2.8096e+01
3.0000e+02 3.8042e+02 2.2520e+01
3.3000e+02 3.8446e+02 1.7751e+01
/newplot
/plotname baseline
0.000000e+00 3.554763e+02
3.300000e+02 3.554763e+02
