/newplot
/plotname contrast2=0.0
0.0000e+00 4.0470e+02 6.1951e+01
3.0000e+01 2.9843e+02 1.4153e+01
6.0000e+01 2.9590e+02 2.3968e+01
9.0000e+01 3.1771e+02 3.3325e+01
1.2000e+02 3.8164e+02 4.3627e+01
1.5000e+02 5.7179e+02 1.7563e+02
1.8000e+02 4.4040e+02 8.7157e+01
2.1000e+02 3.2212e+02 2.7847e+01
2.4000e+02 3.3877e+02 4.3076e+01
2.7000e+02 3.0264e+02 3.8752e+01
3.0000e+02 3.3053e+02 2.3785e+01
3.3000e+02 5.1715e+02 6.4422e+01
/newplot
/plotname contrast2=0.5
0.0000e+00 4.6716e+02 1.2861e+02
3.0000e+01 3.7501e+02 4.7581e+01
6.0000e+01 4.1779e+02 8.8054e+01
9.0000e+01 4.9537e+02 1.4353e+02
1.2000e+02 3.4275e+02 2.3406e+01
1.5000e+02 4.8737e+02 1.3076e+02
1.8000e+02 4.6028e+02 1.4537e+02
2.1000e+02 4.1526e+02 9.4087e+01
2.4000e+02 6.0062e+02 1.6607e+02
2.7000e+02 4.8123e+02 1.8473e+02
3.0000e+02 3.9532e+02 6.9837e+01
3.3000e+02 4.6015e+02 6.1786e+01
/newplot
/plotname baseline
0.000000e+00 3.210633e+02
3.300000e+02 3.210633e+02
