/newplot
/plotname contrast2=0.0
0.0000e+00 6.7251e+02 3.4820e+01
3.0000e+01 6.8402e+02 4.7317e+01
6.0000e+01 6.8321e+02 2.9834e+01
9.0000e+01 6.8202e+02 4.5353e+01
1.2000e+02 6.8091e+02 4.1785e+01
1.5000e+02 6.9874e+02 2.1422e+01
1.8000e+02 7.0294e+02 5.5613e+01
2.1000e+02 6.7649e+02 1.6548e+01
2.4000e+02 6.9178e+02 9.6757e+00
2.7000e+02 6.8426e+02 4.2706e+01
3.0000e+02 6.8602e+02 2.4604e+01
3.3000e+02 6.7828e+02 2.8760e+01
/newplot
/plotname contrast2=0.5
0.0000e+00 6.8630e+02 3.0265e+01
3.0000e+01 6.5984e+02 2.3248e+01
6.0000e+01 6.8736e+02 2.6518e+01
9.0000e+01 7.0330e+02 2.2533e+01
1.2000e+02 6.8379e+02 3.3200e+01
1.5000e+02 7.0198e+02 5.1438e+01
1.8000e+02 7.3046e+02 1.6344e+01
2.1000e+02 7.0205e+02 5.7931e+01
2.4000e+02 6.9641e+02 2.8092e+01
2.7000e+02 7.0023e+02 5.1135e+01
3.0000e+02 6.7856e+02 4.9375e+01
3.3000e+02 6.8372e+02 4.7131e+01
/newplot
/plotname baseline
0.000000e+00 6.822946e+02
3.300000e+02 6.822946e+02
