/newplot
/plotname contrast2=0.0
0.0000e+00 4.1889e+02 1.4745e+01
3.0000e+01 4.2046e+02 8.6404e+00
6.0000e+01 4.1850e+02 1.1957e+01
9.0000e+01 4.1674e+02 1.5695e+01
1.2000e+02 4.1889e+02 1.7323e+01
1.5000e+02 4.1685e+02 3.9420e+00
1.8000e+02 4.2247e+02 1.2511e+01
2.1000e+02 4.2263e+02 1.7540e+01
2.4000e+02 4.2103e+02 1.1176e+01
2.7000e+02 4.1045e+02 1.4551e+01
3.0000e+02 4.1032e+02 9.7419e+00
3.3000e+02 4.2187e+02 1.2904e+01
/newplot
/plotname contrast2=0.5
0.0000e+00 4.5299e+02 1.5810e+01
3.0000e+01 4.2697e+02 1.5432e+01
6.0000e+01 4.2576e+02 1.4077e+01
9.0000e+01 4.2969e+02 2.2833e+01
1.2000e+02 4.2931e+02 1.4583e+01
1.5000e+02 4.3452e+02 2.5666e+01
1.8000e+02 4.4290e+02 2.6764e+01
2.1000e+02 4.2591e+02 1.3318e+01
2.4000e+02 4.3468e+02 1.2287e+01
2.7000e+02 4.3111e+02 2.0651e+01
3.0000e+02 4.3376e+02 1.8598e+01
3.3000e+02 4.4266e+02 1.2083e+01
/newplot
/plotname baseline
0.000000e+00 4.085270e+02
3.300000e+02 4.085270e+02
