/newplot
/plotname contrast2=0.0
0.0000e+00 4.7520e+02 1.5159e+01
3.0000e+01 4.5144e+02 1.1691e+01
6.0000e+01 4.5618e+02 1.7562e+01
9.0000e+01 4.6193e+02 2.2035e+01
1.2000e+02 4.6412e+02 2.1347e+01
1.5000e+02 4.8531e+02 2.1567e+01
1.8000e+02 4.6515e+02 2.8636e+01
2.1000e+02 4.7187e+02 1.1333e+01
2.4000e+02 4.7179e+02 1.4827e+01
2.7000e+02 4.5702e+02 1.1842e+01
3.0000e+02 4.6351e+02 1.9119e+01
3.3000e+02 4.6482e+02 1.6228e+01
/newplot
/plotname contrast2=0.5
0.0000e+00 4.8496e+02 3.3108e+01
3.0000e+01 4.5946e+02 3.1570e+01
6.0000e+01 4.7024e+02 1.9824e+01
9.0000e+01 4.8075e+02 3.1319e+01
1.2000e+02 4.6966e+02 2.1809e+01
1.5000e+02 4.8291e+02 1.5000e+01
1.8000e+02 5.1756e+02 8.3574e+01
2.1000e+02 4.8162e+02 1.9975e+01
2.4000e+02 5.2991e+02 8.1032e+01
2.7000e+02 4.9634e+02 7.4285e+01
3.0000e+02 4.8726e+02 2.3934e+01
3.3000e+02 4.8749e+02 2.3055e+01
/newplot
/plotname baseline
0.000000e+00 4.627071e+02
3.300000e+02 4.627071e+02
