/newplot
/plotname contrast2=0.0
0.0000e+00 3.7748e+02 2.0546e+01
3.0000e+01 3.5626e+02 8.2231e+00
6.0000e+01 3.4638e+02 1.8557e+01
9.0000e+01 3.5977e+02 1.7191e+01
1.2000e+02 3.6962e+02 2.6605e+01
1.5000e+02 4.0670e+02 2.9000e+01
1.8000e+02 3.7714e+02 2.1432e+01
2.1000e+02 3.7108e+02 1.6648e+01
2.4000e+02 3.5585e+02 1.4521e+01
2.7000e+02 3.6307e+02 1.7348e+01
3.0000e+02 3.5518e+02 1.1597e+01
3.3000e+02 4.0659e+02 1.6252e+01
/newplot
/plotname contrast2=0.5
0.0000e+00 3.8825e+02 2.9085e+01
3.0000e+01 3.8056e+02 1.5689e+01
6.0000e+01 4.0715e+02 2.5044e+01
9.0000e+01 3.9825e+02 2.2093e+01
1.2000e+02 3.6392e+02 2.1358e+01
1.5000e+02 3.8888e+02 3.0082e+01
1.8000e+02 4.0038e+02 4.2883e+01
2.1000e+02 3.8061e+02 2.2033e+01
2.4000e+02 4.1427e+02 3.3877e+01
2.7000e+02 3.9507e+02 4.3673e+01
3.0000e+02 3.9310e+02 1.9367e+01
3.3000e+02 4.0329e+02 2.1174e+01
/newplot
/plotname baseline
0.000000e+00 3.609882e+02
3.300000e+02 3.609882e+02
