/newplot
/plotname contrast2=0.0
0.0000e+00 4.6664e+02 2.9469e+01
3.0000e+01 4.2082e+02 1.7601e+01
6.0000e+01 4.2863e+02 1.7987e+01
9.0000e+01 4.2918e+02 1.6480e+01
1.2000e+02 4.4429e+02 2.6858e+01
1.5000e+02 4.5221e+02 3.0985e+01
1.8000e+02 4.4755e+02 3.0775e+01
2.1000e+02 4.5480e+02 1.3949e+01
2.4000e+02 4.3456e+02 2.7540e+01
2.7000e+02 4.3371e+02 3.8910e+01
3.0000e+02 4.3316e+02 2.4169e+01
3.3000e+02 4.6021e+02 2.7290e+01
/newplot
/plotname contrast2=0.5
0.0000e+00 4.8516e+02 3.2018e+01
3.0000e+01 4.4923e+02 1.2032e+01
6.0000e+01 4.4113e+02 3.2649e+01
9.0000e+01 4.5662e+02 1.6845e+01
1.2000e+02 4.4655e+02 4.5858e+01
1.5000e+02 4.7812e+02 1.8924e+01
1.8000e+02 4.7169e+02 2.6831e+01
2.1000e+02 4.2408e+02 3.6308e+01
2.4000e+02 4.8840e+02 3.3313e+01
2.7000e+02 4.8498e+02 3.3142e+01
3.0000e+02 4.4167e+02 2.5671e+01
3.3000e+02 4.8693e+02 2.2607e+01
/newplot
/plotname baseline
0.000000e+00 4.276194e+02
3.300000e+02 4.276194e+02
