/newplot
/plotname contrast2=0.0
0.0000e+00 2.9901e+02 1.8612e+01
3.0000e+01 2.9237e+02 2.7632e+01
6.0000e+01 2.8230e+02 2.7617e+01
9.0000e+01 2.8851e+02 1.6852e+01
1.2000e+02 2.8868e+02 1.7182e+01
1.5000e+02 2.8211e+02 2.2631e+01
1.8000e+02 2.9473e+02 9.4412e+00
2.1000e+02 2.8224e+02 2.1568e+01
2.4000e+02 2.9648e+02 2.1738e+01
2.7000e+02 2.9053e+02 1.7623e+01
3.0000e+02 2.9426e+02 1.3950e+01
3.3000e+02 3.0846e+02 2.0923e+01
/newplot
/plotname contrast2=0.5
0.0000e+00 3.0499e+02 9.0950e+00
3.0000e+01 3.0239e+02 1.8186e+01
6.0000e+01 2.9734e+02 1.3381e+01
9.0000e+01 3.2162e+02 1.6187e+01
1.2000e+02 3.2511e+02 1.8067e+01
1.5000e+02 3.0281e+02 1.5020e+01
1.8000e+02 2.9201e+02 1.5722e+01
2.1000e+02 3.0095e+02 1.7438e+01
2.4000e+02 3.1279e+02 1.4935e+01
2.7000e+02 2.9803e+02 1.5290e+01
3.0000e+02 2.9382e+02 2.2407e+01
3.3000e+02 2.9993e+02 1.4890e+01
/newplot
/plotname baseline
0.000000e+00 2.824488e+02
3.300000e+02 2.824488e+02
