/newplot
/plotname contrast2=0.0
0.0000e+00 4.7515e+02 5.3145e+00
3.0000e+01 4.8672e+02 2.4931e+01
6.0000e+01 4.7936e+02 1.1833e+01
9.0000e+01 4.7939e+02 1.4391e+01
1.2000e+02 4.8498e+02 1.7555e+01
1.5000e+02 4.8976e+02 2.7765e+01
1.8000e+02 4.9843e+02 1.6319e+01
2.1000e+02 4.8548e+02 2.2265e+01
2.4000e+02 4.7982e+02 1.4287e+01
2.7000e+02 4.7374e+02 1.8456e+01
3.0000e+02 4.6964e+02 1.3818e+01
3.3000e+02 4.8214e+02 2.0555e+01
/newplot
/plotname contrast2=0.5
0.0000e+00 4.9036e+02 1.2570e+01
3.0000e+01 4.8906e+02 1.3904e+01
6.0000e+01 4.8936e+02 1.4537e+01
9.0000e+01 4.9750e+02 2.1663e+01
1.2000e+02 4.9723e+02 2.1475e+01
1.5000e+02 5.0937e+02 1.6946e+01
1.8000e+02 5.0286e+02 2.6006e+01
2.1000e+02 4.7550e+02 6.6159e+00
2.4000e+02 4.9989e+02 1.5570e+01
2.7000e+02 4.9012e+02 1.5716e+01
3.0000e+02 5.0338e+02 1.6673e+01
3.3000e+02 4.9545e+02 1.1519e+01
/newplot
/plotname baseline
0.000000e+00 4.688286e+02
3.300000e+02 4.688286e+02
