/newplot
/plotname contrast2=0.0
0.0000e+00 3.2160e+02 1.9124e+01
3.0000e+01 3.1142e+02 1.4382e+01
6.0000e+01 3.1442e+02 1.4559e+01
9.0000e+01 3.0473e+02 1.6071e+01
1.2000e+02 3.1550e+02 1.1126e+01
1.5000e+02 3.2239e+02 9.5046e+00
1.8000e+02 3.2446e+02 1.4207e+01
2.1000e+02 3.2589e+02 1.6364e+01
2.4000e+02 3.1746e+02 1.7592e+01
2.7000e+02 3.1657e+02 7.9340e+00
3.0000e+02 3.2020e+02 9.4604e+00
3.3000e+02 3.1905e+02 1.3794e+01
/newplot
/plotname contrast2=0.5
0.0000e+00 3.2014e+02 7.7043e+00
3.0000e+01 3.2456e+02 2.5822e+01
6.0000e+01 3.2954e+02 1.0914e+01
9.0000e+01 3.3086e+02 2.7568e+01
1.2000e+02 3.2309e+02 1.8744e+01
1.5000e+02 3.3240e+02 8.8787e+00
1.8000e+02 3.1983e+02 1.7900e+01
2.1000e+02 3.2197e+02 1.5610e+01
2.4000e+02 3.3148e+02 1.6993e+01
2.7000e+02 3.2102e+02 9.0327e+00
3.0000e+02 3.1578e+02 7.6406e+00
3.3000e+02 3.2347e+02 1.1448e+01
/newplot
/plotname baseline
0.000000e+00 3.111134e+02
3.300000e+02 3.111134e+02
