/newplot
/plotname contrast2=0.0
0.0000e+00 6.3182e+02 2.4838e+01
3.0000e+01 6.3800e+02 2.9409e+01
6.0000e+01 6.8519e+02 2.0261e+01
9.0000e+01 6.5531e+02 2.8210e+01
1.2000e+02 6.4499e+02 2.7586e+01
1.5000e+02 6.4757e+02 2.1793e+01
1.8000e+02 6.3856e+02 3.3113e+01
2.1000e+02 6.7024e+02 4.2599e+01
2.4000e+02 7.3600e+02 2.6234e+01
2.7000e+02 6.6184e+02 2.5383e+01
3.0000e+02 6.4310e+02 3.3323e+01
3.3000e+02 6.4748e+02 3.0413e+01
/newplot
/plotname contrast2=0.5
0.0000e+00 6.4691e+02 2.6962e+01
3.0000e+01 6.4121e+02 1.1353e+01
6.0000e+01 6.6298e+02 2.4189e+01
9.0000e+01 6.5383e+02 5.9049e+01
1.2000e+02 6.7981e+02 2.2045e+01
1.5000e+02 7.0743e+02 4.0918e+01
1.8000e+02 6.7531e+02 4.3688e+01
2.1000e+02 6.7227e+02 3.5074e+01
2.4000e+02 7.4582e+02 6.6521e+01
2.7000e+02 6.7113e+02 3.4171e+01
3.0000e+02 6.8896e+02 7.4845e+01
3.3000e+02 7.2552e+02 2.8399e+01
/newplot
/plotname baseline
0.000000e+00 6.214296e+02
3.300000e+02 6.214296e+02
