/newplot
/plotname contrast2=0.0
0.0000e+00 3.8383e+02 2.0651e+01
3.0000e+01 3.9787e+02 1.1953e+01
6.0000e+01 3.9033e+02 1.7219e+01
9.0000e+01 3.8562e+02 1.5928e+01
1.2000e+02 3.8102e+02 1.3505e+01
1.5000e+02 3.8199e+02 1.0106e+01
1.8000e+02 3.9774e+02 1.7582e+01
2.1000e+02 3.9218e+02 1.3683e+01
2.4000e+02 4.2028e+02 1.2935e+01
2.7000e+02 3.8233e+02 1.9576e+01
3.0000e+02 3.8131e+02 9.6176e+00
3.3000e+02 3.8650e+02 1.8323e+01
/newplot
/plotname contrast2=0.5
0.0000e+00 4.1200e+02 2.2491e+01
3.0000e+01 4.1178e+02 1.8799e+01
6.0000e+01 3.9498e+02 8.3649e+00
9.0000e+01 4.1653e+02 2.6525e+01
1.2000e+02 3.9970e+02 1.2962e+01
1.5000e+02 4.0197e+02 2.3896e+01
1.8000e+02 4.1785e+02 3.6069e+01
2.1000e+02 4.0765e+02 1.0463e+01
2.4000e+02 4.2279e+02 2.2071e+01
2.7000e+02 4.1972e+02 3.3514e+01
3.0000e+02 3.9987e+02 2.3019e+01
3.3000e+02 3.9252e+02 1.7196e+01
/newplot
/plotname baseline
0.000000e+00 3.673664e+02
3.300000e+02 3.673664e+02
