/newplot
/plotname contrast2=0.0
0.0000e+00 5.4937e+02 4.1148e+01
3.0000e+01 5.3936e+02 3.0664e+01
6.0000e+01 5.1357e+02 1.0277e+01
9.0000e+01 5.2946e+02 2.7568e+01
1.2000e+02 5.3889e+02 3.7830e+01
1.5000e+02 5.3456e+02 2.1167e+01
1.8000e+02 5.2755e+02 3.3338e+01
2.1000e+02 5.2199e+02 2.0452e+01
2.4000e+02 5.2975e+02 1.9127e+01
2.7000e+02 5.1864e+02 2.6086e+01
3.0000e+02 5.1583e+02 3.1793e+01
3.3000e+02 5.2160e+02 9.4365e+00
/newplot
/plotname contrast2=0.5
0.0000e+00 5.4546e+02 3.6932e+01
3.0000e+01 5.3302e+02 3.8885e+01
6.0000e+01 5.3549e+02 2.7587e+01
9.0000e+01 5.4566e+02 3.4637e+01
1.2000e+02 5.2994e+02 1.5474e+01
1.5000e+02 5.5659e+02 3.5324e+01
1.8000e+02 5.5837e+02 4.7828e+01
2.1000e+02 5.4156e+02 3.2195e+01
2.4000e+02 5.3271e+02 2.3304e+01
2.7000e+02 5.2296e+02 3.6374e+01
3.0000e+02 5.3167e+02 2.5643e+01
3.3000e+02 5.4045e+02 2.5043e+01
/newplot
/plotname baseline
0.000000e+00 5.226854e+02
3.300000e+02 5.226854e+02
