/newplot
/plotname contrast2=0.0
0.0000e+00 3.3176e+02 1.7552e+01
3.0000e+01 3.1563e+02 1.3337e+01
6.0000e+01 3.0915e+02 1.0877e+01
9.0000e+01 3.0938e+02 2.1412e+01
1.2000e+02 3.0838e+02 1.5743e+01
1.5000e+02 3.2166e+02 1.5298e+01
1.8000e+02 3.2924e+02 1.9873e+01
2.1000e+02 3.1038e+02 9.7066e+00
2.4000e+02 3.3421e+02 1.4735e+01
2.7000e+02 3.0831e+02 1.6838e+01
3.0000e+02 3.0271e+02 7.5520e+00
3.3000e+02 3.3721e+02 2.6255e+01
/newplot
/plotname contrast2=0.5
0.0000e+00 3.5511e+02 2.1159e+01
3.0000e+01 3.0698e+02 1.2557e+01
6.0000e+01 3.0173e+02 1.0093e+01
9.0000e+01 3.4046e+02 2.5053e+01
1.2000e+02 3.2047e+02 2.9765e+01
1.5000e+02 3.2844e+02 1.1682e+01
1.8000e+02 3.4078e+02 3.9369e+01
2.1000e+02 3.1971e+02 1.5579e+01
2.4000e+02 3.5860e+02 3.0057e+01
2.7000e+02 3.4402e+02 2.4114e+01
3.0000e+02 3.1767e+02 1.3862e+01
3.3000e+02 3.3663e+02 1.0735e+01
/newplot
/plotname baseline
0.000000e+00 3.028726e+02
3.300000e+02 3.028726e+02
