/newplot
/plotname contrast2=0.0
0.0000e+00 4.8385e+02 1.8730e+01
3.0000e+01 5.0822e+02 2.2525e+01
6.0000e+01 4.8647e+02 2.2898e+01
9.0000e+01 4.9390e+02 1.8635e+01
1.2000e+02 4.8557e+02 1.5922e+01
1.5000e+02 4.9634e+02 1.7431e+01
1.8000e+02 5.0005e+02 2.4673e+01
2.1000e+02 4.9841e+02 2.5373e+01
2.4000e+02 5.0627e+02 1.2257e+01
2.7000e+02 4.8303e+02 2.9238e+01
3.0000e+02 4.9219e+02 1.3417e+01
3.3000e+02 5.0114e+02 1.7949e+01
/newplot
/plotname contrast2=0.5
0.0000e+00 5.1825e+02 2.0946e+01
3.0000e+01 4.9362e+02 2.0335e+01
6.0000e+01 5.0562e+02 7.0474e+00
9.0000e+01 5.0822e+02 3.6460e+01
1.2000e+02 5.1749e+02 3.0732e+01
1.5000e+02 5.1389e+02 2.5987e+01
1.8000e+02 5.1645e+02 3.6202e+01
2.1000e+02 5.0775e+02 1.0933e+01
2.4000e+02 5.2735e+02 3.0947e+01
2.7000e+02 5.1307e+02 1.9266e+01
3.0000e+02 5.1226e+02 3.5520e+01
3.3000e+02 5.0483e+02 3.3781e+01
/newplot
/plotname baseline
0.000000e+00 4.882257e+02
3.300000e+02 4.882257e+02
