/newplot
/plotname contrast2=0.0
0.0000e+00 4.6556e+02 1.2013e+01
3.0000e+01 4.7972e+02 1.8646e+01
6.0000e+01 4.7990e+02 1.4897e+01
9.0000e+01 4.7352e+02 1.2095e+01
1.2000e+02 4.6935e+02 8.9267e+00
1.5000e+02 4.9000e+02 1.5334e+01
1.8000e+02 4.7931e+02 2.0322e+01
2.1000e+02 4.7062e+02 1.9857e+01
2.4000e+02 4.8621e+02 1.9211e+01
2.7000e+02 4.7708e+02 1.3578e+01
3.0000e+02 4.8737e+02 1.7119e+01
3.3000e+02 4.7778e+02 1.3322e+01
/newplot
/plotname contrast2=0.5
0.0000e+00 4.8310e+02 1.5505e+01
3.0000e+01 4.6849e+02 1.5556e+01
6.0000e+01 4.7593e+02 2.0976e+01
9.0000e+01 4.8174e+02 1.5464e+01
1.2000e+02 4.7765e+02 1.6793e+01
1.5000e+02 4.9316e+02 1.0928e+01
1.8000e+02 4.9338e+02 3.6556e+01
2.1000e+02 4.7482e+02 1.5864e+01
2.4000e+02 4.9360e+02 3.2118e+01
2.7000e+02 5.0031e+02 3.4679e+01
3.0000e+02 4.7855e+02 2.0575e+01
3.3000e+02 4.8974e+02 9.4389e+00
/newplot
/plotname baseline
0.000000e+00 4.728683e+02
3.300000e+02 4.728683e+02
