/newplot
/plotname contrast2=0.0
0.0000e+00 2.4178e+02 1.5107e+01
3.0000e+01 2.4207e+02 8.9256e+00
6.0000e+01 2.4011e+02 1.6023e+01
9.0000e+01 2.4251e+02 8.2941e+00
1.2000e+02 2.4271e+02 9.1897e+00
1.5000e+02 2.4351e+02 9.7251e+00
1.8000e+02 2.4860e+02 1.2987e+01
2.1000e+02 2.3540e+02 1.0966e+01
2.4000e+02 2.4635e+02 6.8999e+00
2.7000e+02 2.3260e+02 1.2467e+01
3.0000e+02 2.4668e+02 9.0956e+00
3.3000e+02 2.4863e+02 5.6000e+00
/newplot
/plotname contrast2=0.5
0.0000e+00 2.4910e+02 7.3185e+00
3.0000e+01 2.4262e+02 7.3501e+00
6.0000e+01 2.4552e+02 1.2234e+01
9.0000e+01 2.4760e+02 1.0779e+01
1.2000e+02 2.4262e+02 1.1468e+01
1.5000e+02 2.4573e+02 7.0720e+00
1.8000e+02 2.5084e+02 6.0763e+00
2.1000e+02 2.4067e+02 1.0888e+01
2.4000e+02 2.5366e+02 9.8066e+00
2.7000e+02 2.4871e+02 9.8989e+00
3.0000e+02 2.4877e+02 9.1922e+00
3.3000e+02 2.5390e+02 9.3689e+00
/newplot
/plotname baseline
0.000000e+00 2.426018e+02
3.300000e+02 2.426018e+02
