/newplot
/plotname contrast2=0.0
0.0000e+00 3.4554e+02 1.6207e+01
3.0000e+01 3.4477e+02 1.1735e+01
6.0000e+01 3.4772e+02 1.1056e+01
9.0000e+01 3.3727e+02 1.8992e+01
1.2000e+02 3.3805e+02 1.0829e+01
1.5000e+02 3.4001e+02 1.4656e+01
1.8000e+02 3.4577e+02 1.8899e+01
2.1000e+02 3.4926e+02 1.2755e+01
2.4000e+02 3.8169e+02 9.7960e+00
2.7000e+02 3.4386e+02 1.3311e+01
3.0000e+02 3.4074e+02 1.1904e+01
3.3000e+02 3.3744e+02 1.3658e+01
/newplot
/plotname contrast2=0.5
0.0000e+00 3.5821e+02 1.8132e+01
3.0000e+01 3.3955e+02 1.6360e+01
6.0000e+01 3.4679e+02 1.2199e+01
9.0000e+01 3.4514e+02 2.2852e+01
1.2000e+02 3.6309e+02 2.1433e+01
1.5000e+02 3.8257e+02 2.2480e+01
1.8000e+02 3.7150e+02 3.3214e+01
2.1000e+02 3.5142e+02 1.2566e+01
2.4000e+02 3.7348e+02 2.9252e+01
2.7000e+02 3.6564e+02 4.9087e+01
3.0000e+02 3.6930e+02 2.9369e+01
3.3000e+02 3.5626e+02 1.1123e+01
/newplot
/plotname baseline
0.000000e+00 3.418170e+02
3.300000e+02 3.418170e+02
