/newplot
/plotname contrast2=0.0
0.0000e+00 1.1873e+03 5.5349e+01
3.0000e+01 1.1658e+03 5.8003e+01
6.0000e+01 1.2047e+03 6.1283e+01
9.0000e+01 1.1872e+03 1.4899e+01
1.2000e+02 1.2148e+03 5.8862e+01
1.5000e+02 1.1843e+03 8.6321e+01
1.8000e+02 1.1549e+03 6.3208e+01
2.1000e+02 1.1959e+03 3.9793e+01
2.4000e+02 1.2975e+03 1.0826e+02
2.7000e+02 1.2151e+03 6.6954e+01
3.0000e+02 1.2120e+03 7.0117e+01
3.3000e+02 1.1978e+03 5.7483e+01
/newplot
/plotname contrast2=0.5
0.0000e+00 1.2853e+03 1.2203e+02
3.0000e+01 1.2270e+03 5.4299e+01
6.0000e+01 1.2799e+03 1.0084e+02
9.0000e+01 1.2633e+03 1.0355e+02
1.2000e+02 1.2287e+03 6.5951e+01
1.5000e+02 1.3493e+03 1.1079e+02
1.8000e+02 1.3344e+03 1.8195e+02
2.1000e+02 1.2428e+03 8.7451e+01
2.4000e+02 1.4314e+03 1.9365e+02
2.7000e+02 1.3308e+03 3.1155e+02
3.0000e+02 1.3126e+03 6.4519e+01
3.3000e+02 1.2605e+03 5.7472e+01
/newplot
/plotname baseline
0.000000e+00 1.201123e+03
3.300000e+02 1.201123e+03
