/newplot
/plotname contrast2=0.0
0.0000e+00 5.5112e+02 2.7363e+01
3.0000e+01 5.4797e+02 2.4466e+01
6.0000e+01 5.3625e+02 1.8545e+01
9.0000e+01 5.3269e+02 2.1794e+01
1.2000e+02 5.2701e+02 2.4458e+01
1.5000e+02 5.4679e+02 4.8243e+01
1.8000e+02 5.4765e+02 1.8787e+01
2.1000e+02 5.4128e+02 3.0930e+01
2.4000e+02 5.5572e+02 3.3281e+01
2.7000e+02 5.5159e+02 5.1217e+01
3.0000e+02 5.4880e+02 2.9944e+01
3.3000e+02 5.6808e+02 3.3046e+01
/newplot
/plotname contrast2=0.5
0.0000e+00 5.5580e+02 3.1573e+01
3.0000e+01 5.5019e+02 2.8675e+01
6.0000e+01 5.6168e+02 4.6097e+01
9.0000e+01 5.7002e+02 3.6175e+01
1.2000e+02 5.6406e+02 4.1723e+01
1.5000e+02 5.6817e+02 2.0942e+01
1.8000e+02 5.8123e+02 4.1282e+01
2.1000e+02 5.4681e+02 2.6190e+01
2.4000e+02 5.5603e+02 3.9298e+01
2.7000e+02 5.6212e+02 5.1720e+01
3.0000e+02 5.5497e+02 3.1725e+01
3.3000e+02 5.7880e+02 2.9889e+01
/newplot
/plotname baseline
0.000000e+00 5.442232e+02
3.300000e+02 5.442232e+02
