/newplot
/plotname contrast2=0.0
0.0000e+00 3.0120e+02 1.3560e+01
3.0000e+01 3.1045e+02 6.7518e+00
6.0000e+01 3.0669e+02 9.2964e+00
9.0000e+01 2.9665e+02 1.5029e+01
1.2000e+02 2.9236e+02 8.3453e+00
1.5000e+02 2.9803e+02 8.8683e+00
1.8000e+02 3.1752e+02 1.3895e+01
2.1000e+02 3.1132e+02 1.5824e+01
2.4000e+02 3.1205e+02 9.8259e+00
2.7000e+02 2.9485e+02 1.2457e+01
3.0000e+02 3.0066e+02 4.7731e+00
3.3000e+02 3.0405e+02 5.2535e+00
/newplot
/plotname contrast2=0.5
0.0000e+00 3.3688e+02 9.6783e+00
3.0000e+01 3.2065e+02 6.8901e+00
6.0000e+01 3.0243e+02 7.5539e+00
9.0000e+01 3.2929e+02 2.1342e+01
1.2000e+02 3.2048e+02 9.4162e+00
1.5000e+02 3.2023e+02 1.6737e+01
1.8000e+02 3.3209e+02 3.2346e+01
2.1000e+02 3.3353e+02 7.9840e+00
2.4000e+02 3.5185e+02 4.3520e+01
2.7000e+02 3.3778e+02 4.3962e+01
3.0000e+02 3.2781e+02 1.8742e+01
3.3000e+02 3.2376e+02 1.0455e+01
/newplot
/plotname baseline
0.000000e+00 2.930166e+02
3.300000e+02 2.930166e+02
