/newplot
/plotname contrast2=0.0
0.0000e+00 3.9189e+02 2.1495e+01
3.0000e+01 4.0766e+02 2.1801e+01
6.0000e+01 4.5013e+02 4.3093e+01
9.0000e+01 4.0828e+02 1.5574e+01
1.2000e+02 4.0091e+02 2.1042e+01
1.5000e+02 3.8212e+02 8.9867e+00
1.8000e+02 3.9682e+02 1.4823e+01
2.1000e+02 4.2976e+02 2.4688e+01
2.4000e+02 4.7701e+02 4.1978e+01
2.7000e+02 3.9285e+02 2.4524e+01
3.0000e+02 4.0015e+02 1.6844e+01
3.3000e+02 3.9131e+02 1.4454e+01
/newplot
/plotname contrast2=0.5
0.0000e+00 4.1473e+02 1.7757e+01
3.0000e+01 4.0418e+02 1.2842e+01
6.0000e+01 4.1507e+02 2.7366e+01
9.0000e+01 4.1655e+02 2.2488e+01
1.2000e+02 4.2409e+02 2.1852e+01
1.5000e+02 4.4895e+02 3.1402e+01
1.8000e+02 4.2113e+02 5.4971e+01
2.1000e+02 4.2690e+02 2.4799e+01
2.4000e+02 4.4272e+02 3.4419e+01
2.7000e+02 4.1110e+02 2.9223e+01
3.0000e+02 4.3008e+02 2.5425e+01
3.3000e+02 4.2609e+02 3.4932e+01
/newplot
/plotname baseline
0.000000e+00 3.971917e+02
3.300000e+02 3.971917e+02
