/newplot
/plotname contrast2=0.0
0.0000e+00 7.5023e+02 2.1293e+01
3.0000e+01 7.6733e+02 5.8477e+01
6.0000e+01 7.3498e+02 5.0210e+01
9.0000e+01 7.4265e+02 4.1589e+01
1.2000e+02 7.0945e+02 3.4533e+01
1.5000e+02 7.3776e+02 2.8732e+01
1.8000e+02 7.4929e+02 3.2180e+01
2.1000e+02 7.2321e+02 3.1213e+01
2.4000e+02 7.2145e+02 4.9669e+01
2.7000e+02 7.2477e+02 3.6228e+01
3.0000e+02 7.1240e+02 3.4429e+01
3.3000e+02 7.3537e+02 2.5654e+01
/newplot
/plotname contrast2=0.5
0.0000e+00 7.4507e+02 2.4952e+01
3.0000e+01 7.4546e+02 4.1558e+01
6.0000e+01 7.3113e+02 4.3639e+01
9.0000e+01 7.2766e+02 3.7976e+01
1.2000e+02 7.3865e+02 5.8906e+01
1.5000e+02 7.4369e+02 3.6610e+01
1.8000e+02 7.8195e+02 4.6641e+01
2.1000e+02 7.5584e+02 7.4261e+01
2.4000e+02 7.3894e+02 4.1189e+01
2.7000e+02 7.4788e+02 4.0491e+01
3.0000e+02 7.5555e+02 4.6669e+01
3.3000e+02 7.4686e+02 3.5295e+01
/newplot
/plotname baseline
0.000000e+00 7.196248e+02
3.300000e+02 7.196248e+02
