/newplot
/plotname contrast2=0.0
0.0000e+00 2.9102e+02 9.6751e+00
3.0000e+01 2.8657e+02 1.4431e+01
6.0000e+01 2.7134e+02 3.9217e+00
9.0000e+01 2.6408e+02 5.9605e+00
1.2000e+02 2.7620e+02 1.5434e+01
1.5000e+02 2.7916e+02 1.2257e+01
1.8000e+02 3.0045e+02 5.1748e+00
2.1000e+02 2.9157e+02 9.8490e+00
2.4000e+02 2.8593e+02 1.3034e+01
2.7000e+02 2.7385e+02 7.4610e+00
3.0000e+02 2.7843e+02 1.1712e+01
3.3000e+02 2.7589e+02 7.2768e+00
/newplot
/plotname contrast2=0.5
0.0000e+00 2.8812e+02 1.1193e+01
3.0000e+01 2.8886e+02 1.3000e+01
6.0000e+01 2.8170e+02 1.2708e+01
9.0000e+01 3.1063e+02 4.0716e+01
1.2000e+02 2.8317e+02 1.0207e+01
1.5000e+02 2.8694e+02 1.1688e+01
1.8000e+02 2.9882e+02 1.5403e+01
2.1000e+02 2.8948e+02 1.7250e+01
2.4000e+02 2.9908e+02 2.2580e+01
2.7000e+02 3.0709e+02 4.0107e+01
3.0000e+02 2.9338e+02 1.9009e+01
3.3000e+02 2.8074e+02 1.3644e+01
/newplot
/plotname baseline
0.000000e+00 2.749271e+02
3.300000e+02 2.749271e+02
