/newplot
/plotname contrast2=0.0
0.0000e+00 2.6915e+02 8.9035e+00
3.0000e+01 2.8216e+02 2.6550e+01
6.0000e+01 2.7791e+02 1.2390e+01
9.0000e+01 2.7015e+02 1.2522e+01
1.2000e+02 2.7304e+02 1.1735e+01
1.5000e+02 2.7738e+02 1.3219e+01
1.8000e+02 2.9117e+02 1.4140e+01
2.1000e+02 2.6057e+02 1.7355e+01
2.4000e+02 2.7585e+02 1.3478e+01
2.7000e+02 2.6788e+02 1.8042e+01
3.0000e+02 2.6970e+02 1.6501e+01
3.3000e+02 2.9050e+02 1.5832e+01
/newplot
/plotname contrast2=0.5
0.0000e+00 2.9005e+02 1.6207e+01
3.0000e+01 2.6591e+02 2.4814e+01
6.0000e+01 2.8276e+02 1.9426e+01
9.0000e+01 2.9887e+02 2.1820e+01
1.2000e+02 3.0746e+02 2.2618e+01
1.5000e+02 2.8574e+02 1.3965e+01
1.8000e+02 2.8365e+02 1.8135e+01
2.1000e+02 2.7683e+02 1.1048e+01
2.4000e+02 2.9284e+02 1.5374e+01
2.7000e+02 2.9517e+02 2.7025e+01
3.0000e+02 2.9701e+02 9.7669e+00
3.3000e+02 2.8085e+02 1.6532e+01
/newplot
/plotname baseline
0.000000e+00 2.616917e+02
3.300000e+02 2.616917e+02
