/newplot
/plotname contrast2=0.0
0.0000e+00 1.1101e+03 4.5739e+01
3.0000e+01 1.0822e+03 3.8220e+01
6.0000e+01 1.0735e+03 2.5358e+01
9.0000e+01 1.0785e+03 3.0847e+01
1.2000e+02 1.0883e+03 1.9946e+01
1.5000e+02 1.0598e+03 1.7929e+01
1.8000e+02 1.1170e+03 4.1845e+01
2.1000e+02 1.0932e+03 2.5827e+01
2.4000e+02 1.0706e+03 2.3806e+01
2.7000e+02 1.0738e+03 3.9604e+01
3.0000e+02 1.0858e+03 4.2077e+01
3.3000e+02 1.0815e+03 2.1291e+01
/newplot
/plotname contrast2=0.5
0.0000e+00 1.1290e+03 4.0509e+01
3.0000e+01 1.1087e+03 1.2884e+01
6.0000e+01 1.1022e+03 3.9648e+01
9.0000e+01 1.1376e+03 3.3801e+01
1.2000e+02 1.0887e+03 2.2529e+01
1.5000e+02 1.0735e+03 3.7359e+01
1.8000e+02 1.1193e+03 3.5855e+01
2.1000e+02 1.1080e+03 1.8260e+01
2.4000e+02 1.1239e+03 6.1582e+01
2.7000e+02 1.1041e+03 4.6585e+01
3.0000e+02 1.1203e+03 2.9482e+01
3.3000e+02 1.0886e+03 2.8343e+01
/newplot
/plotname baseline
0.000000e+00 1.073358e+03
3.300000e+02 1.073358e+03
