/newplot
/plotname contrast2=0.0
0.0000e+00 2.2378e+02 6.3065e+00
3.0000e+01 2.2697e+02 5.7221e+00
6.0000e+01 2.3067e+02 7.4401e+00
9.0000e+01 2.1921e+02 5.7894e+00
1.2000e+02 2.2076e+02 5.8963e+00
1.5000e+02 2.2945e+02 3.7503e+00
1.8000e+02 2.2290e+02 7.4558e+00
2.1000e+02 2.2457e+02 6.4030e+00
2.4000e+02 2.3821e+02 1.3034e+01
2.7000e+02 2.2616e+02 4.8790e+00
3.0000e+02 2.2749e+02 5.5272e+00
3.3000e+02 2.2296e+02 5.4932e+00
/newplot
/plotname contrast2=0.5
0.0000e+00 2.3329e+02 7.2096e+00
3.0000e+01 2.2928e+02 8.9578e+00
6.0000e+01 2.2703e+02 7.2720e+00
9.0000e+01 2.4785e+02 2.3083e+01
1.2000e+02 2.2826e+02 1.0163e+01
1.5000e+02 2.5002e+02 1.5084e+01
1.8000e+02 2.6158e+02 3.9569e+01
2.1000e+02 2.5125e+02 3.4262e+01
2.4000e+02 2.7090e+02 4.8762e+01
2.7000e+02 2.7885e+02 1.0734e+02
3.0000e+02 2.4319e+02 2.1760e+01
3.3000e+02 2.4070e+02 1.3394e+01
/newplot
/plotname baseline
0.000000e+00 2.207753e+02
3.300000e+02 2.207753e+02
