/newplot
/plotname contrast2=0.0
0.0000e+00 6.7935e+02 3.8018e+01
3.0000e+01 6.8612e+02 7.3611e+01
6.0000e+01 7.0526e+02 4.4876e+01
9.0000e+01 6.5218e+02 2.7144e+01
1.2000e+02 6.7601e+02 1.9730e+01
1.5000e+02 7.2421e+02 4.8938e+01
1.8000e+02 7.0546e+02 1.3698e+01
2.1000e+02 6.8870e+02 4.1374e+01
2.4000e+02 7.5011e+02 2.3042e+01
2.7000e+02 6.7980e+02 4.0900e+01
3.0000e+02 7.2237e+02 5.8327e+01
3.3000e+02 6.9622e+02 1.3861e+01
/newplot
/plotname contrast2=0.5
0.0000e+00 6.7590e+02 6.6620e+01
3.0000e+01 6.6271e+02 4.3888e+01
6.0000e+01 7.0464e+02 3.8473e+01
9.0000e+01 7.0792e+02 2.5497e+01
1.2000e+02 7.3136e+02 5.6896e+01
1.5000e+02 7.9184e+02 7.0093e+01
1.8000e+02 7.6016e+02 7.3633e+01
2.1000e+02 7.0682e+02 2.4138e+01
2.4000e+02 7.7635e+02 8.7780e+01
2.7000e+02 7.3367e+02 1.0409e+02
3.0000e+02 7.4379e+02 4.8466e+01
3.3000e+02 7.2385e+02 3.1251e+01
/newplot
/plotname baseline
0.000000e+00 6.879006e+02
3.300000e+02 6.879006e+02
