/newplot
/plotname contrast2=0.0
0.0000e+00 4.4774e+02 3.1871e+01
3.0000e+01 4.5833e+02 1.9392e+01
6.0000e+01 4.5570e+02 2.0127e+01
9.0000e+01 4.4669e+02 3.2416e+01
1.2000e+02 4.2386e+02 2.1178e+01
1.5000e+02 4.1566e+02 2.3334e+01
1.8000e+02 4.2379e+02 2.5365e+01
2.1000e+02 5.1328e+02 3.7002e+01
2.4000e+02 5.3443e+02 5.4468e+01
2.7000e+02 4.6425e+02 6.5863e+01
3.0000e+02 4.0714e+02 3.0615e+01
3.3000e+02 4.2901e+02 2.6693e+01
/newplot
/plotname contrast2=0.5
0.0000e+00 4.4055e+02 2.7105e+01
3.0000e+01 4.3903e+02 1.8234e+01
6.0000e+01 4.4065e+02 1.7160e+01
9.0000e+01 4.3717e+02 1.5928e+01
1.2000e+02 4.5402e+02 3.1462e+01
1.5000e+02 4.8902e+02 5.1949e+01
1.8000e+02 4.7094e+02 4.4429e+01
2.1000e+02 5.0897e+02 6.7013e+01
2.4000e+02 4.8099e+02 4.9888e+01
2.7000e+02 4.6776e+02 3.2451e+01
3.0000e+02 4.5595e+02 3.0111e+01
3.3000e+02 4.8531e+02 5.3647e+01
/newplot
/plotname baseline
0.000000e+00 4.190816e+02
3.300000e+02 4.190816e+02
