/newplot
/plotname contrast2=0.0
0.0000e+00 5.1229e+02 1.5124e+01
3.0000e+01 4.9961e+02 2.6734e+01
6.0000e+01 4.7989e+02 1.5490e+01
9.0000e+01 4.8580e+02 1.7056e+01
1.2000e+02 4.7587e+02 1.5009e+01
1.5000e+02 5.2283e+02 3.0435e+01
1.8000e+02 5.0115e+02 1.4244e+01
2.1000e+02 4.8261e+02 1.4807e+01
2.4000e+02 4.7861e+02 1.4114e+01
2.7000e+02 4.8116e+02 1.2625e+01
3.0000e+02 4.9138e+02 1.4273e+01
3.3000e+02 5.2539e+02 2.3722e+01
/newplot
/plotname contrast2=0.5
0.0000e+00 5.2552e+02 7.8364e+00
3.0000e+01 5.2574e+02 3.7410e+01
6.0000e+01 5.4062e+02 1.3311e+01
9.0000e+01 5.0843e+02 1.8963e+01
1.2000e+02 5.1969e+02 2.4894e+01
1.5000e+02 5.0585e+02 1.9463e+01
1.8000e+02 5.1328e+02 2.9238e+01
2.1000e+02 5.0615e+02 3.3955e+01
2.4000e+02 5.2327e+02 2.0724e+01
2.7000e+02 4.9931e+02 2.8008e+01
3.0000e+02 4.9950e+02 1.9839e+01
3.3000e+02 5.1009e+02 1.4459e+01
/newplot
/plotname baseline
0.000000e+00 4.779780e+02
3.300000e+02 4.779780e+02
