/newplot
/plotname contrast2=0.0
0.0000e+00 5.3568e+02 2.6557e+01
3.0000e+01 5.4908e+02 1.7936e+01
6.0000e+01 5.3302e+02 2.2498e+01
9.0000e+01 5.3216e+02 1.8917e+01
1.2000e+02 5.3828e+02 1.6367e+01
1.5000e+02 5.5016e+02 3.7410e+01
1.8000e+02 5.6065e+02 2.6437e+01
2.1000e+02 5.3088e+02 3.4312e+01
2.4000e+02 5.4323e+02 2.2515e+01
2.7000e+02 5.4552e+02 2.2662e+01
3.0000e+02 5.2468e+02 2.3015e+01
3.3000e+02 5.5995e+02 2.0812e+01
/newplot
/plotname contrast2=0.5
0.0000e+00 5.5572e+02 2.3354e+01
3.0000e+01 5.4564e+02 2.5370e+01
6.0000e+01 5.2258e+02 2.9200e+01
9.0000e+01 5.3772e+02 3.1978e+01
1.2000e+02 5.4844e+02 2.6079e+01
1.5000e+02 5.7116e+02 3.0977e+01
1.8000e+02 5.6984e+02 3.8725e+01
2.1000e+02 5.5402e+02 2.0993e+01
2.4000e+02 5.7126e+02 1.4642e+01
2.7000e+02 5.4978e+02 3.2912e+01
3.0000e+02 5.6579e+02 4.1341e+01
3.3000e+02 5.6151e+02 3.2552e+01
/newplot
/plotname baseline
0.000000e+00 5.374766e+02
3.300000e+02 5.374766e+02
