/newplot
/plotname contrast2=0.0
0.0000e+00 9.4353e+02 6.3781e+01
3.0000e+01 9.3421e+02 4.8943e+01
6.0000e+01 9.4520e+02 3.0593e+01
9.0000e+01 9.3144e+02 4.7104e+01
1.2000e+02 9.2388e+02 3.1820e+01
1.5000e+02 9.4666e+02 7.3173e+01
1.8000e+02 9.3881e+02 4.8658e+01
2.1000e+02 9.5454e+02 3.9923e+01
2.4000e+02 9.7832e+02 6.6038e+01
2.7000e+02 9.1374e+02 4.8083e+01
3.0000e+02 9.2597e+02 2.2293e+01
3.3000e+02 9.2772e+02 3.0802e+01
/newplot
/plotname contrast2=0.5
0.0000e+00 1.0333e+03 1.0186e+02
3.0000e+01 9.6661e+02 5.0742e+01
6.0000e+01 9.6160e+02 3.7213e+01
9.0000e+01 1.0445e+03 1.0407e+02
1.2000e+02 9.7097e+02 3.6462e+01
1.5000e+02 9.9693e+02 6.6818e+01
1.8000e+02 1.0466e+03 1.8993e+02
2.1000e+02 9.7306e+02 3.2330e+01
2.4000e+02 1.0809e+03 1.1958e+02
2.7000e+02 1.0708e+03 1.8616e+02
3.0000e+02 9.7862e+02 6.2015e+01
3.3000e+02 9.6613e+02 3.9354e+01
/newplot
/plotname baseline
0.000000e+00 9.285172e+02
3.300000e+02 9.285172e+02
