/newplot
/plotname contrast2=0.0
0.0000e+00 2.2009e+02 1.8800e+01
3.0000e+01 2.4186e+02 1.6633e+01
6.0000e+01 2.4254e+02 4.1834e+01
9.0000e+01 2.3112e+02 2.3000e+01
1.2000e+02 2.1759e+02 5.3976e+00
1.5000e+02 2.1274e+02 6.0675e+00
1.8000e+02 2.1908e+02 2.4949e+01
2.1000e+02 2.5986e+02 2.7473e+01
2.4000e+02 2.4121e+02 2.3814e+01
2.7000e+02 2.2386e+02 2.0598e+01
3.0000e+02 2.2393e+02 2.4807e+01
3.3000e+02 2.1785e+02 1.0962e+01
/newplot
/plotname contrast2=0.5
0.0000e+00 2.6732e+02 7.8090e+01
3.0000e+01 2.5419e+02 4.2366e+01
6.0000e+01 2.9410e+02 5.0307e+01
9.0000e+01 2.2579e+02 2.0426e+01
1.2000e+02 2.5914e+02 2.8187e+01
1.5000e+02 2.8167e+02 6.4028e+01
1.8000e+02 2.6190e+02 2.8497e+01
2.1000e+02 2.5782e+02 4.9358e+01
2.4000e+02 2.8087e+02 3.2858e+01
2.7000e+02 2.5949e+02 4.3249e+01
3.0000e+02 2.7615e+02 4.9414e+01
3.3000e+02 2.3867e+02 3.5024e+01
/newplot
/plotname baseline
0.000000e+00 2.243521e+02
3.300000e+02 2.243521e+02
