/newplot
/plotname contrast2=0.0
0.0000e+00 1.6647e+02 2.1377e+01
3.0000e+01 1.6115e+02 1.2913e+01
6.0000e+01 1.6642e+02 1.7573e+01
9.0000e+01 1.5333e+02 1.5029e+01
1.2000e+02 1.5571e+02 1.7032e+01
1.5000e+02 1.7579e+02 8.1437e+00
1.8000e+02 1.6790e+02 7.8153e+00
2.1000e+02 1.5923e+02 1.7631e+01
2.4000e+02 1.5064e+02 1.0031e+01
2.7000e+02 1.4539e+02 1.6546e+01
3.0000e+02 1.5785e+02 1.0128e+01
3.3000e+02 1.7120e+02 1.2605e+01
/newplot
/plotname contrast2=0.5
0.0000e+00 1.7252e+02 1.5465e+01
3.0000e+01 1.7640e+02 9.6426e+00
6.0000e+01 1.7174e+02 1.3520e+01
9.0000e+01 1.5763e+02 1.3505e+01
1.2000e+02 1.6286e+02 2.1403e+01
1.5000e+02 1.7916e+02 1.5459e+01
1.8000e+02 1.7256e+02 2.2890e+01
2.1000e+02 1.6930e+02 1.8021e+01
2.4000e+02 1.7337e+02 1.2084e+01
2.7000e+02 1.5250e+02 1.3689e+01
3.0000e+02 1.7026e+02 2.5372e+01
3.3000e+02 1.6647e+02 1.8709e+01
/newplot
/plotname baseline
0.000000e+00 1.590711e+02
3.300000e+02 1.590711e+02
