/newplot
/plotname contrast2=0.0
0.0000e+00 1.0347e+02 9.9265e+00
3.0000e+01 8.4140e+01 7.8850e+00
6.0000e+01 8.2630e+01 6.4634e+00
9.0000e+01 8.1426e+01 5.2134e+00
1.2000e+02 8.0539e+01 3.6342e+00
1.5000e+02 8.7939e+01 1.4575e+01
1.8000e+02 1.0518e+02 1.0934e+01
2.1000e+02 8.6145e+01 6.3165e+00
2.4000e+02 8.2933e+01 4.1778e+00
2.7000e+02 7.9271e+01 3.8053e+00
3.0000e+02 8.2109e+01 2.0060e+00
3.3000e+02 8.6164e+01 6.3672e+00
/newplot
/plotname contrast2=0.5
0.0000e+00 1.0504e+02 1.3888e+01
3.0000e+01 9.7447e+01 1.0675e+01
6.0000e+01 1.0445e+02 1.5024e+01
9.0000e+01 9.3688e+01 4.2855e+00
1.2000e+02 9.4055e+01 1.1217e+01
1.5000e+02 9.4253e+01 1.3789e+01
1.8000e+02 1.0060e+02 6.0913e+00
2.1000e+02 9.4958e+01 1.5189e+01
2.4000e+02 1.0508e+02 1.8701e+01
2.7000e+02 9.7145e+01 9.2717e+00
3.0000e+02 9.6458e+01 5.2989e+00
3.3000e+02 9.0851e+01 1.0372e+01
/newplot
/plotname baseline
0.000000e+00 8.228350e+01
3.300000e+02 8.228350e+01
