/newplot
/plotname contrast2=0.0
0.0000e+00 5.4449e+01 7.8132e+00
3.0000e+01 5.6969e+01 3.8489e+00
6.0000e+01 5.7742e+01 8.4765e+00
9.0000e+01 5.0704e+01 6.3511e+00
1.2000e+02 5.4320e+01 1.1481e+01
1.5000e+02 5.6893e+01 5.1776e+00
1.8000e+02 5.1161e+01 6.9874e+00
2.1000e+02 5.5546e+01 4.7868e+00
2.4000e+02 5.1737e+01 9.1344e+00
2.7000e+02 5.2089e+01 1.0935e+01
3.0000e+02 4.8398e+01 7.7367e+00
3.3000e+02 5.1023e+01 1.1925e+01
/newplot
/plotname contrast2=0.5
0.0000e+00 5.6118e+01 8.4546e+00
3.0000e+01 6.0798e+01 9.5141e+00
6.0000e+01 6.2592e+01 2.0236e+01
9.0000e+01 5.2373e+01 6.5188e+00
1.2000e+02 5.6275e+01 4.4906e+00
1.5000e+02 5.5867e+01 7.8142e+00
1.8000e+02 6.1889e+01 1.3181e+01
2.1000e+02 6.1272e+01 5.2978e+00
2.4000e+02 5.9001e+01 7.1454e+00
2.7000e+02 5.9393e+01 6.1419e+00
3.0000e+02 6.4347e+01 8.4260e+00
3.3000e+02 5.3256e+01 1.4830e+01
/newplot
/plotname baseline
0.000000e+00 5.358414e+01
3.300000e+02 5.358414e+01
