/newplot
/plotname contrast2=0.0
0.0000e+00 1.9615e+02 2.7162e+01
3.0000e+01 1.7159e+02 8.4906e+00
6.0000e+01 1.6585e+02 9.5634e+00
9.0000e+01 1.7056e+02 9.3645e+00
1.2000e+02 1.6435e+02 5.0843e+00
1.5000e+02 1.6882e+02 1.0792e+01
1.8000e+02 2.0000e+02 2.3829e+01
2.1000e+02 1.7637e+02 7.5370e+00
2.4000e+02 1.6349e+02 6.9459e+00
2.7000e+02 1.6580e+02 4.7824e+00
3.0000e+02 1.6541e+02 8.0640e+00
3.3000e+02 1.7282e+02 7.9356e+00
/newplot
/plotname contrast2=0.5
0.0000e+00 1.8730e+02 2.0270e+01
3.0000e+01 1.9355e+02 3.6954e+01
6.0000e+01 2.0018e+02 3.3132e+01
9.0000e+01 1.7873e+02 1.4559e+01
1.2000e+02 1.7616e+02 1.0607e+01
1.5000e+02 1.8061e+02 9.5682e+00
1.8000e+02 1.9077e+02 8.6312e+00
2.1000e+02 2.0006e+02 4.8773e+01
2.4000e+02 1.9194e+02 3.0302e+01
2.7000e+02 1.8270e+02 1.2651e+01
3.0000e+02 1.8012e+02 7.6887e+00
3.3000e+02 1.7932e+02 8.9168e+00
/newplot
/plotname baseline
0.000000e+00 1.686622e+02
3.300000e+02 1.686622e+02
