/newplot
/plotname contrast2=0.0
0.0000e+00 1.3768e+03 6.6523e+01
3.0000e+01 1.4146e+03 7.7937e+01
6.0000e+01 1.3927e+03 9.4842e+01
9.0000e+01 1.3635e+03 5.2582e+01
1.2000e+02 1.3637e+03 7.8574e+01
1.5000e+02 1.4013e+03 4.6625e+01
1.8000e+02 1.3881e+03 3.9433e+01
2.1000e+02 1.3647e+03 4.2829e+01
2.4000e+02 1.3806e+03 3.0620e+01
2.7000e+02 1.3706e+03 7.2550e+01
3.0000e+02 1.3630e+03 3.3250e+01
3.3000e+02 1.3802e+03 7.0597e+01
/newplot
/plotname contrast2=0.5
0.0000e+00 1.4051e+03 5.1513e+01
3.0000e+01 1.4275e+03 4.3340e+01
6.0000e+01 1.4202e+03 6.4925e+01
9.0000e+01 1.3688e+03 8.0866e+01
1.2000e+02 1.4121e+03 4.9219e+01
1.5000e+02 1.3931e+03 8.8190e+01
1.8000e+02 1.3940e+03 5.9570e+01
2.1000e+02 1.3980e+03 5.4749e+01
2.4000e+02 1.4044e+03 6.2827e+01
2.7000e+02 1.4177e+03 7.0888e+01
3.0000e+02 1.4269e+03 5.1534e+01
3.3000e+02 1.3531e+03 7.3758e+01
/newplot
/plotname baseline
0.000000e+00 1.370897e+03
3.300000e+02 1.370897e+03
