/newplot
/plotname contrast2=0.0
0.0000e+00 1.4900e+02 1.0980e+01
3.0000e+01 1.5005e+02 4.3048e+00
6.0000e+01 1.4808e+02 8.8946e+00
9.0000e+01 1.4459e+02 1.1466e+01
1.2000e+02 1.4823e+02 8.4573e+00
1.5000e+02 1.5635e+02 7.2374e+00
1.8000e+02 1.5397e+02 7.9535e+00
2.1000e+02 1.4928e+02 7.4045e+00
2.4000e+02 1.4087e+02 4.5650e+00
2.7000e+02 1.4195e+02 8.2910e+00
3.0000e+02 1.4811e+02 1.4626e+01
3.3000e+02 1.4596e+02 3.6116e+00
/newplot
/plotname contrast2=0.5
0.0000e+00 1.5930e+02 1.7363e+01
3.0000e+01 1.5906e+02 7.6061e+00
6.0000e+01 1.5577e+02 1.6660e+01
9.0000e+01 1.4830e+02 7.4141e+00
1.2000e+02 1.5117e+02 9.2809e+00
1.5000e+02 1.5424e+02 1.1790e+01
1.8000e+02 1.4874e+02 1.1301e+01
2.1000e+02 1.4835e+02 7.8262e+00
2.4000e+02 1.4957e+02 1.2305e+01
2.7000e+02 1.5401e+02 1.2221e+01
3.0000e+02 1.5415e+02 9.9825e+00
3.3000e+02 1.5258e+02 4.8285e+00
/newplot
/plotname baseline
0.000000e+00 1.480981e+02
3.300000e+02 1.480981e+02
