/newplot
/plotname contrast2=0.0
0.0000e+00 4.9564e+02 3.0031e+01
3.0000e+01 4.3735e+02 2.4553e+01
6.0000e+01 4.2333e+02 1.8581e+01
9.0000e+01 4.3883e+02 1.7562e+01
1.2000e+02 4.1869e+02 1.9499e+01
1.5000e+02 4.7468e+02 5.2508e+01
1.8000e+02 5.0383e+02 4.6890e+01
2.1000e+02 4.1303e+02 2.2886e+01
2.4000e+02 4.1964e+02 1.6229e+01
2.7000e+02 4.2127e+02 2.3086e+01
3.0000e+02 4.2970e+02 2.8330e+01
3.3000e+02 4.6773e+02 3.6412e+01
/newplot
/plotname contrast2=0.5
0.0000e+00 4.8935e+02 2.1335e+01
3.0000e+01 4.6054e+02 2.9957e+01
6.0000e+01 4.7497e+02 2.3573e+01
9.0000e+01 4.8329e+02 4.1968e+01
1.2000e+02 4.5028e+02 1.7318e+01
1.5000e+02 4.6080e+02 4.5222e+01
1.8000e+02 4.8991e+02 2.3000e+01
2.1000e+02 4.7168e+02 6.2226e+01
2.4000e+02 4.7716e+02 2.4212e+01
2.7000e+02 4.9583e+02 2.7592e+01
3.0000e+02 4.8305e+02 4.6231e+01
3.3000e+02 4.7336e+02 2.9327e+01
/newplot
/plotname baseline
0.000000e+00 4.325534e+02
3.300000e+02 4.325534e+02
