/newplot
/plotname contrast2=0.0
0.0000e+00 3.3822e+02 2.5358e+01
3.0000e+01 3.1612e+02 6.7749e+00
6.0000e+01 3.2442e+02 1.4054e+01
9.0000e+01 3.2363e+02 1.0353e+01
1.2000e+02 3.2524e+02 8.6928e+00
1.5000e+02 3.3905e+02 2.3569e+01
1.8000e+02 3.4227e+02 7.9915e+00
2.1000e+02 3.2533e+02 1.2856e+01
2.4000e+02 3.2085e+02 1.0991e+01
2.7000e+02 3.1330e+02 6.1496e+00
3.0000e+02 3.2769e+02 1.1962e+01
3.3000e+02 3.4297e+02 3.1118e+01
/newplot
/plotname contrast2=0.5
0.0000e+00 3.5312e+02 2.4856e+01
3.0000e+01 3.5490e+02 4.7796e+01
6.0000e+01 3.4444e+02 2.4260e+01
9.0000e+01 3.4646e+02 1.5087e+01
1.2000e+02 3.3745e+02 1.1208e+01
1.5000e+02 3.5169e+02 2.1406e+01
1.8000e+02 3.5450e+02 1.6973e+01
2.1000e+02 3.4909e+02 5.3904e+01
2.4000e+02 3.4985e+02 1.9308e+01
2.7000e+02 3.3192e+02 1.2687e+01
3.0000e+02 3.4556e+02 7.9500e+00
3.3000e+02 3.5117e+02 1.9614e+01
/newplot
/plotname baseline
0.000000e+00 3.209314e+02
3.300000e+02 3.209314e+02
