/newplot
/plotname contrast2=0.0
0.0000e+00 2.3442e+02 1.8158e+01
3.0000e+01 2.4707e+02 9.8430e+00
6.0000e+01 2.4066e+02 1.9141e+01
9.0000e+01 2.2953e+02 1.7773e+01
1.2000e+02 2.3134e+02 1.0793e+01
1.5000e+02 2.4269e+02 1.7348e+01
1.8000e+02 2.4173e+02 2.1801e+01
2.1000e+02 2.2615e+02 9.7333e+00
2.4000e+02 2.4287e+02 1.1717e+01
2.7000e+02 2.3474e+02 1.3025e+01
3.0000e+02 2.2704e+02 1.6383e+01
3.3000e+02 2.3406e+02 1.3694e+01
/newplot
/plotname contrast2=0.5
0.0000e+00 2.5092e+02 1.7043e+01
3.0000e+01 2.4686e+02 1.0609e+01
6.0000e+01 2.5334e+02 2.5619e+01
9.0000e+01 2.3549e+02 1.9549e+01
1.2000e+02 2.4464e+02 1.6335e+01
1.5000e+02 2.3111e+02 3.0055e+01
1.8000e+02 2.5036e+02 2.2215e+01
2.1000e+02 2.4807e+02 2.1112e+01
2.4000e+02 2.4461e+02 3.4458e+01
2.7000e+02 2.3657e+02 1.4670e+01
3.0000e+02 2.4867e+02 1.6446e+01
3.3000e+02 2.3149e+02 2.6463e+01
/newplot
/plotname baseline
0.000000e+00 2.333957e+02
3.300000e+02 2.333957e+02
