/newplot
/plotname contrast2=0.0
0.0000e+00 6.9709e+01 8.6442e+00
3.0000e+01 6.7957e+01 6.2485e+00
6.0000e+01 6.0898e+01 4.8116e+00
9.0000e+01 5.2275e+01 4.7609e+00
1.2000e+02 5.7694e+01 5.8366e+00
1.5000e+02 6.2621e+01 7.4168e+00
1.8000e+02 7.0046e+01 1.1023e+01
2.1000e+02 6.1523e+01 1.0673e+01
2.4000e+02 5.5380e+01 9.6948e+00
2.7000e+02 5.1618e+01 8.2906e+00
3.0000e+02 5.8307e+01 1.0471e+01
3.3000e+02 6.3659e+01 1.1743e+01
/newplot
/plotname contrast2=0.5
0.0000e+00 8.1542e+01 7.0544e+00
3.0000e+01 6.7295e+01 1.0416e+01
6.0000e+01 7.1086e+01 1.3527e+01
9.0000e+01 6.8768e+01 1.0467e+01
1.2000e+02 7.2549e+01 8.6463e+00
1.5000e+02 6.3729e+01 1.3699e+01
1.8000e+02 7.1085e+01 1.4275e+01
2.1000e+02 6.7840e+01 1.6717e+01
2.4000e+02 7.8700e+01 1.3471e+01
2.7000e+02 7.6229e+01 1.7983e+01
3.0000e+02 7.6769e+01 9.6299e+00
3.3000e+02 6.9447e+01 1.1723e+01
/newplot
/plotname baseline
0.000000e+00 5.661932e+01
3.300000e+02 5.661932e+01
