/newplot
/plotname contrast2=0.0
0.0000e+00 1.7113e+02 2.4536e+01
3.0000e+01 1.6826e+02 1.8921e+01
6.0000e+01 1.6481e+02 2.9038e+01
9.0000e+01 1.6927e+02 1.3248e+01
1.2000e+02 1.8460e+02 1.5886e+01
1.5000e+02 1.8464e+02 4.1166e+01
1.8000e+02 1.9108e+02 2.2958e+01
2.1000e+02 1.6575e+02 2.2595e+01
2.4000e+02 1.6321e+02 2.6937e+01
2.7000e+02 1.6576e+02 3.1351e+01
3.0000e+02 1.6244e+02 6.1386e+00
3.3000e+02 1.7727e+02 1.7807e+01
/newplot
/plotname contrast2=0.5
0.0000e+00 1.8183e+02 2.9866e+01
3.0000e+01 1.9663e+02 2.5246e+01
6.0000e+01 1.7325e+02 1.6237e+01
9.0000e+01 1.8235e+02 2.9780e+01
1.2000e+02 1.6860e+02 1.2333e+01
1.5000e+02 1.8324e+02 2.1985e+01
1.8000e+02 1.8818e+02 1.5313e+01
2.1000e+02 2.0320e+02 3.3463e+01
2.4000e+02 1.8344e+02 2.2158e+01
2.7000e+02 1.8156e+02 1.1542e+01
3.0000e+02 1.6797e+02 1.5386e+01
3.3000e+02 1.8032e+02 2.4477e+01
/newplot
/plotname baseline
0.000000e+00 1.636388e+02
3.300000e+02 1.636388e+02
