/newplot
/plotname contrast2=0.0
0.0000e+00 2.1345e+02 1.2417e+01
3.0000e+01 2.2423e+02 7.6447e+00
6.0000e+01 2.0909e+02 9.9925e+00
9.0000e+01 2.0238e+02 1.3391e+01
1.2000e+02 2.0380e+02 9.9631e+00
1.5000e+02 2.1886e+02 1.8523e+01
1.8000e+02 2.2342e+02 1.4823e+01
2.1000e+02 2.0963e+02 1.6395e+01
2.4000e+02 2.0767e+02 1.0768e+01
2.7000e+02 2.0250e+02 9.6822e+00
3.0000e+02 2.0626e+02 9.5144e+00
3.3000e+02 2.1041e+02 1.5347e+01
/newplot
/plotname contrast2=0.5
0.0000e+00 2.2658e+02 2.2436e+01
3.0000e+01 2.2702e+02 3.0703e+01
6.0000e+01 2.3701e+02 2.6775e+01
9.0000e+01 2.1618e+02 1.2882e+01
1.2000e+02 2.2288e+02 1.8454e+01
1.5000e+02 2.2646e+02 2.9928e+01
1.8000e+02 2.2947e+02 1.5469e+01
2.1000e+02 2.2015e+02 3.8469e+01
2.4000e+02 2.2012e+02 2.1871e+01
2.7000e+02 2.1766e+02 1.6043e+01
3.0000e+02 2.2887e+02 9.5472e+00
3.3000e+02 2.1958e+02 1.7030e+01
/newplot
/plotname baseline
0.000000e+00 2.032378e+02
3.300000e+02 2.032378e+02
