/newplot
/plotname contrast2=0.0
0.0000e+00 2.0749e+02 2.4886e+01
3.0000e+01 2.3364e+02 2.2937e+01
6.0000e+01 2.2063e+02 4.4736e+01
9.0000e+01 2.2295e+02 4.5447e+01
1.2000e+02 2.0854e+02 8.2142e+00
1.5000e+02 1.9776e+02 9.7376e+00
1.8000e+02 2.1157e+02 3.0206e+01
2.1000e+02 2.3387e+02 4.7446e+01
2.4000e+02 2.0900e+02 1.5234e+01
2.7000e+02 2.1679e+02 3.6166e+01
3.0000e+02 2.0473e+02 2.1590e+01
3.3000e+02 1.9917e+02 2.0505e+01
/newplot
/plotname contrast2=0.5
0.0000e+00 2.9472e+02 1.4829e+02
3.0000e+01 2.9552e+02 1.0802e+02
6.0000e+01 3.4240e+02 1.2974e+02
9.0000e+01 2.2683e+02 3.1258e+01
1.2000e+02 2.9939e+02 9.3187e+01
1.5000e+02 2.9679e+02 1.6048e+02
1.8000e+02 2.6299e+02 5.3741e+01
2.1000e+02 2.9624e+02 1.7074e+02
2.4000e+02 3.0005e+02 7.5498e+01
2.7000e+02 2.6426e+02 5.1755e+01
3.0000e+02 3.1676e+02 8.0671e+01
3.3000e+02 2.2018e+02 4.9112e+01
/newplot
/plotname baseline
0.000000e+00 2.175896e+02
3.300000e+02 2.175896e+02
