/newplot
/plotname contrast2=0.0
0.0000e+00 7.7704e+01 7.2986e+00
3.0000e+01 7.5155e+01 5.9007e+00
6.0000e+01 7.1889e+01 4.1036e+00
9.0000e+01 7.2774e+01 7.5781e+00
1.2000e+02 7.7603e+01 7.1196e+00
1.5000e+02 7.9916e+01 8.6672e+00
1.8000e+02 8.3579e+01 1.2110e+01
2.1000e+02 7.7986e+01 3.7269e+00
2.4000e+02 7.6490e+01 7.1329e+00
2.7000e+02 7.2096e+01 6.4248e+00
3.0000e+02 7.6280e+01 8.5331e+00
3.3000e+02 8.0910e+01 5.5673e+00
/newplot
/plotname contrast2=0.5
0.0000e+00 8.5940e+01 1.0858e+01
3.0000e+01 8.3313e+01 7.1263e+00
6.0000e+01 8.2662e+01 8.2634e+00
9.0000e+01 7.9441e+01 9.1121e+00
1.2000e+02 8.2049e+01 5.0036e+00
1.5000e+02 8.0814e+01 7.9701e+00
1.8000e+02 8.6872e+01 5.8594e+00
2.1000e+02 8.9958e+01 1.4645e+01
2.4000e+02 8.8338e+01 1.2189e+01
2.7000e+02 8.1692e+01 7.2408e+00
3.0000e+02 8.4157e+01 8.8088e+00
3.3000e+02 9.1072e+01 8.1621e+00
/newplot
/plotname baseline
0.000000e+00 7.050968e+01
3.300000e+02 7.050968e+01
