/newplot
/plotname contrast2=0.0
0.0000e+00 7.9756e+01 7.1829e+00
3.0000e+01 6.5520e+01 5.6691e+00
6.0000e+01 6.4133e+01 5.4911e+00
9.0000e+01 6.3071e+01 6.4193e+00
1.2000e+02 5.9789e+01 5.6439e+00
1.5000e+02 7.5225e+01 7.4821e+00
1.8000e+02 7.4373e+01 8.2480e+00
2.1000e+02 6.4587e+01 1.0917e+01
2.4000e+02 6.2976e+01 4.7438e+00
2.7000e+02 6.8222e+01 5.5982e+00
3.0000e+02 6.1433e+01 9.0136e+00
3.3000e+02 7.8101e+01 6.0863e+00
/newplot
/plotname contrast2=0.5
0.0000e+00 7.4368e+01 1.0640e+01
3.0000e+01 6.9215e+01 8.0162e+00
6.0000e+01 7.0515e+01 7.4204e+00
9.0000e+01 7.3884e+01 7.5296e+00
1.2000e+02 6.9688e+01 9.9303e+00
1.5000e+02 7.3090e+01 1.0484e+01
1.8000e+02 8.1183e+01 1.2357e+01
2.1000e+02 7.2743e+01 1.2300e+01
2.4000e+02 7.3372e+01 1.0360e+01
2.7000e+02 7.1847e+01 6.0762e+00
3.0000e+02 8.1023e+01 1.1083e+01
3.3000e+02 7.2893e+01 1.3731e+01
/newplot
/plotname baseline
0.000000e+00 6.491875e+01
3.300000e+02 6.491875e+01
