/newplot
/plotname contrast2=0.0
0.0000e+00 1.6742e+02 2.2874e+01
3.0000e+01 1.5906e+02 9.3715e+00
6.0000e+01 1.6045e+02 1.6252e+01
9.0000e+01 1.6236e+02 1.8048e+01
1.2000e+02 1.5154e+02 6.1402e+00
1.5000e+02 1.5504e+02 1.4943e+01
1.8000e+02 1.6083e+02 1.6652e+01
2.1000e+02 1.5975e+02 1.2410e+01
2.4000e+02 1.5562e+02 8.8945e+00
2.7000e+02 1.5548e+02 1.4733e+01
3.0000e+02 1.5023e+02 1.2418e+01
3.3000e+02 1.5836e+02 1.3555e+01
/newplot
/plotname contrast2=0.5
0.0000e+00 1.6053e+02 2.1045e+01
3.0000e+01 1.5131e+02 1.2571e+01
6.0000e+01 1.4961e+02 1.2031e+01
9.0000e+01 1.5952e+02 1.7615e+01
1.2000e+02 1.7336e+02 2.0129e+01
1.5000e+02 1.5447e+02 1.5480e+01
1.8000e+02 1.6004e+02 1.3095e+01
2.1000e+02 1.6043e+02 9.8771e+00
2.4000e+02 1.5774e+02 7.2711e+00
2.7000e+02 1.6395e+02 1.6191e+01
3.0000e+02 1.5680e+02 1.6353e+01
3.3000e+02 1.5836e+02 1.4158e+01
/newplot
/plotname baseline
0.000000e+00 1.601363e+02
3.300000e+02 1.601363e+02
