/newplot
/plotname contrast2=0.0
0.0000e+00 5.0636e+01 6.7976e+00
3.0000e+01 5.5044e+01 6.8335e+00
6.0000e+01 5.1008e+01 7.8552e+00
9.0000e+01 5.2362e+01 5.1550e+00
1.2000e+02 5.1281e+01 3.2587e+00
1.5000e+02 5.3673e+01 6.5336e+00
1.8000e+02 5.3235e+01 5.8505e+00
2.1000e+02 5.4313e+01 3.0167e+00
2.4000e+02 5.2585e+01 5.1851e+00
2.7000e+02 5.2503e+01 7.8948e+00
3.0000e+02 5.0092e+01 5.4300e+00
3.3000e+02 5.1856e+01 4.8129e+00
/newplot
/plotname contrast2=0.5
0.0000e+00 5.4085e+01 4.9754e+00
3.0000e+01 5.2127e+01 8.0425e+00
6.0000e+01 5.3785e+01 7.1336e+00
9.0000e+01 5.0447e+01 6.9172e+00
1.2000e+02 5.5177e+01 7.2573e+00
1.5000e+02 5.1003e+01 4.7216e+00
1.8000e+02 4.9996e+01 4.4861e+00
2.1000e+02 5.3984e+01 8.7625e+00
2.4000e+02 5.5026e+01 3.9601e+00
2.7000e+02 5.1760e+01 2.0103e+00
3.0000e+02 5.2369e+01 5.3503e+00
3.3000e+02 5.3898e+01 3.9214e+00
/newplot
/plotname baseline
0.000000e+00 5.044952e+01
3.300000e+02 5.044952e+01
