/newplot
/plotname contrast2=0.0
0.0000e+00 3.0328e+02 1.8608e+01
3.0000e+01 3.4036e+02 2.3972e+01
6.0000e+01 4.2797e+02 1.1019e+02
9.0000e+01 3.2648e+02 1.4490e+01
1.2000e+02 3.1547e+02 1.0287e+01
1.5000e+02 3.1432e+02 9.9452e+00
1.8000e+02 3.3128e+02 2.1174e+01
2.1000e+02 3.6998e+02 2.0999e+01
2.4000e+02 3.7611e+02 4.5482e+01
2.7000e+02 3.2500e+02 2.4209e+01
3.0000e+02 3.2526e+02 6.9292e+00
3.3000e+02 3.1672e+02 1.8222e+01
/newplot
/plotname contrast2=0.5
0.0000e+00 3.3801e+02 3.9273e+01
3.0000e+01 3.5674e+02 3.2238e+01
6.0000e+01 4.1151e+02 8.6709e+01
9.0000e+01 3.2405e+02 1.8106e+01
1.2000e+02 3.7528e+02 6.0457e+01
1.5000e+02 3.9548e+02 7.3805e+01
1.8000e+02 3.6129e+02 3.9786e+01
2.1000e+02 3.6376e+02 5.0164e+01
2.4000e+02 3.8364e+02 4.0731e+01
2.7000e+02 3.3908e+02 3.0480e+01
3.0000e+02 3.8442e+02 3.0794e+01
3.3000e+02 3.4948e+02 6.0633e+01
/newplot
/plotname baseline
0.000000e+00 3.187029e+02
3.300000e+02 3.187029e+02
