/newplot
/plotname contrast2=0.0
0.0000e+00 1.2962e+02 1.5802e+01
3.0000e+01 1.5475e+02 2.5480e+01
6.0000e+01 1.3581e+02 2.6935e+01
9.0000e+01 1.2568e+02 1.5469e+01
1.2000e+02 1.2087e+02 7.2141e+00
1.5000e+02 1.2502e+02 6.6606e+00
1.8000e+02 1.4183e+02 1.4349e+01
2.1000e+02 1.7425e+02 4.1082e+01
2.4000e+02 1.2345e+02 9.2130e+00
2.7000e+02 1.2725e+02 1.9875e+01
3.0000e+02 1.2029e+02 8.3735e+00
3.3000e+02 1.1741e+02 5.2470e+00
/newplot
/plotname contrast2=0.5
0.0000e+00 1.7394e+02 7.6832e+01
3.0000e+01 1.5765e+02 2.1656e+01
6.0000e+01 1.5872e+02 4.7158e+01
9.0000e+01 1.2871e+02 9.5767e+00
1.2000e+02 1.5706e+02 2.3512e+01
1.5000e+02 1.6188e+02 5.9485e+01
1.8000e+02 1.5091e+02 2.9415e+01
2.1000e+02 1.7631e+02 8.3380e+01
2.4000e+02 1.5662e+02 2.5354e+01
2.7000e+02 1.3933e+02 1.4170e+01
3.0000e+02 1.6673e+02 3.5024e+01
3.3000e+02 1.3104e+02 1.6456e+01
/newplot
/plotname baseline
0.000000e+00 1.288319e+02
3.300000e+02 1.288319e+02
