/newplot
/plotname contrast2=0.0
0.0000e+00 6.8047e+01 3.9707e+00
3.0000e+01 6.7074e+01 2.7678e+00
6.0000e+01 6.2198e+01 3.9309e+00
9.0000e+01 6.0939e+01 3.1443e+00
1.2000e+02 6.3497e+01 2.9250e+00
1.5000e+02 7.2724e+01 7.5726e+00
1.8000e+02 7.1705e+01 6.9454e+00
2.1000e+02 6.6380e+01 5.3124e+00
2.4000e+02 6.3814e+01 3.1368e+00
2.7000e+02 6.5862e+01 5.3394e+00
3.0000e+02 6.4078e+01 5.3845e+00
3.3000e+02 6.9760e+01 3.6950e+00
/newplot
/plotname contrast2=0.5
0.0000e+00 7.5316e+01 6.2988e+00
3.0000e+01 7.1283e+01 4.1349e+00
6.0000e+01 6.9350e+01 5.6300e+00
9.0000e+01 6.7086e+01 6.4297e+00
1.2000e+02 6.9348e+01 6.0737e+00
1.5000e+02 7.1494e+01 5.1393e+00
1.8000e+02 6.7862e+01 4.0151e+00
2.1000e+02 7.0939e+01 5.9853e+00
2.4000e+02 7.1774e+01 3.7152e+00
2.7000e+02 7.0627e+01 7.6624e+00
3.0000e+02 7.2665e+01 8.1947e+00
3.3000e+02 6.8568e+01 3.9367e+00
/newplot
/plotname baseline
0.000000e+00 6.368656e+01
3.300000e+02 6.368656e+01
