/newplot
/plotname contrast2=0.0
0.0000e+00 6.1940e+01 5.0638e+00
3.0000e+01 8.5319e+01 1.4640e+01
6.0000e+01 6.5863e+01 1.5737e+00
9.0000e+01 6.6254e+01 2.3343e+00
1.2000e+02 5.9428e+01 3.2923e+00
1.5000e+02 5.9041e+01 5.9879e+00
1.8000e+02 6.8777e+01 5.7761e+00
2.1000e+02 8.9842e+01 1.3919e+01
2.4000e+02 6.0540e+01 4.9147e+00
2.7000e+02 6.2815e+01 4.6821e+00
3.0000e+02 5.8746e+01 1.7714e+00
3.3000e+02 6.1407e+01 6.7452e+00
/newplot
/plotname contrast2=0.5
0.0000e+00 6.7908e+01 1.4367e+01
3.0000e+01 8.2376e+01 1.1604e+01
6.0000e+01 7.5683e+01 1.2802e+01
9.0000e+01 6.4780e+01 5.0872e+00
1.2000e+02 7.9772e+01 8.4010e+00
1.5000e+02 7.7538e+01 1.4537e+01
1.8000e+02 7.3812e+01 9.3699e+00
2.1000e+02 8.1836e+01 1.3996e+01
2.4000e+02 7.5283e+01 1.6479e+01
2.7000e+02 7.0946e+01 8.7328e+00
3.0000e+02 7.6189e+01 8.4342e+00
3.3000e+02 6.8232e+01 4.5236e+00
/newplot
/plotname baseline
0.000000e+00 6.133158e+01
3.300000e+02 6.133158e+01
