/newplot
/plotname contrast2=0.0
0.0000e+00 1.5186e+02 1.4980e+01
3.0000e+01 1.4621e+02 1.1808e+01
6.0000e+01 1.4841e+02 1.0105e+01
9.0000e+01 1.3512e+02 2.0053e+01
1.2000e+02 1.5652e+02 1.1754e+01
1.5000e+02 1.6246e+02 1.2653e+01
1.8000e+02 1.5909e+02 1.3319e+01
2.1000e+02 1.5079e+02 1.3482e+01
2.4000e+02 1.4615e+02 1.2442e+01
2.7000e+02 1.4258e+02 1.3880e+01
3.0000e+02 1.3832e+02 1.0398e+01
3.3000e+02 1.5573e+02 1.4109e+01
/newplot
/plotname contrast2=0.5
0.0000e+00 1.4606e+02 2.0881e+01
3.0000e+01 1.5004e+02 9.0443e+00
6.0000e+01 1.5080e+02 1.2535e+01
9.0000e+01 1.5670e+02 2.2177e+01
1.2000e+02 1.5298e+02 1.2401e+01
1.5000e+02 1.4444e+02 1.1218e+01
1.8000e+02 1.6746e+02 1.8229e+01
2.1000e+02 1.5186e+02 1.3309e+01
2.4000e+02 1.5209e+02 1.5844e+01
2.7000e+02 1.3783e+02 9.8718e+00
3.0000e+02 1.4957e+02 8.2667e+00
3.3000e+02 1.5827e+02 1.2555e+01
/newplot
/plotname baseline
0.000000e+00 1.472656e+02
3.300000e+02 1.472656e+02
