/newplot
/plotname contrast2=0.0
0.0000e+00 1.8619e+02 1.2177e+01
3.0000e+01 1.8731e+02 1.3368e+01
6.0000e+01 1.8800e+02 8.6139e+00
9.0000e+01 1.8937e+02 1.1009e+01
1.2000e+02 1.8678e+02 6.9508e+00
1.5000e+02 1.8573e+02 1.2717e+01
1.8000e+02 1.8729e+02 1.1022e+01
2.1000e+02 1.7882e+02 5.2628e+00
2.4000e+02 1.8884e+02 9.0851e+00
2.7000e+02 1.8650e+02 3.3415e+00
3.0000e+02 1.8689e+02 8.5916e+00
3.3000e+02 1.8495e+02 8.7240e+00
/newplot
/plotname contrast2=0.5
0.0000e+00 1.9678e+02 1.6984e+01
3.0000e+01 2.0291e+02 2.4441e+01
6.0000e+01 1.9694e+02 2.0011e+01
9.0000e+01 1.8636e+02 1.7386e+01
1.2000e+02 1.9455e+02 1.5766e+01
1.5000e+02 1.9407e+02 1.7961e+01
1.8000e+02 1.9550e+02 1.9114e+01
2.1000e+02 1.9052e+02 2.0299e+01
2.4000e+02 1.9812e+02 1.2617e+01
2.7000e+02 1.9215e+02 1.3609e+01
3.0000e+02 2.0166e+02 1.4114e+01
3.3000e+02 1.8374e+02 1.8925e+01
/newplot
/plotname baseline
0.000000e+00 1.851511e+02
3.300000e+02 1.851511e+02
