/newplot
/plotname contrast2=0.0
0.0000e+00 3.6568e+02 2.0922e+01
3.0000e+01 3.5773e+02 1.8397e+01
6.0000e+01 3.6101e+02 7.4337e+00
9.0000e+01 3.6400e+02 2.4914e+01
1.2000e+02 3.9613e+02 2.1376e+01
1.5000e+02 3.8096e+02 1.4172e+01
1.8000e+02 3.6409e+02 1.4646e+01
2.1000e+02 3.5751e+02 1.9234e+01
2.4000e+02 3.6918e+02 1.2789e+01
2.7000e+02 3.6794e+02 1.4308e+01
3.0000e+02 3.8474e+02 2.0201e+01
3.3000e+02 3.8827e+02 2.3896e+01
/newplot
/plotname contrast2=0.5
0.0000e+00 3.8577e+02 2.4805e+01
3.0000e+01 4.0956e+02 2.5974e+01
6.0000e+01 3.7878e+02 1.7587e+01
9.0000e+01 3.7091e+02 3.0799e+01
1.2000e+02 3.6621e+02 1.5113e+01
1.5000e+02 3.9904e+02 9.1156e+00
1.8000e+02 4.0505e+02 3.2244e+01
2.1000e+02 3.8592e+02 2.0707e+01
2.4000e+02 3.8294e+02 1.4125e+01
2.7000e+02 3.8984e+02 2.4852e+01
3.0000e+02 3.9051e+02 3.5215e+01
3.3000e+02 4.0421e+02 2.2584e+01
/newplot
/plotname baseline
0.000000e+00 3.471252e+02
3.300000e+02 3.471252e+02
