/newplot
/plotname contrast2=0.0
0.0000e+00 4.0249e+02 1.0152e+01
3.0000e+01 3.7789e+02 1.6049e+01
6.0000e+01 3.7409e+02 9.6659e+00
9.0000e+01 3.6816e+02 9.1401e+00
1.2000e+02 3.8238e+02 3.0678e+01
1.5000e+02 4.2187e+02 2.3620e+01
1.8000e+02 4.0658e+02 1.7549e+01
2.1000e+02 3.8646e+02 2.4153e+01
2.4000e+02 3.7128e+02 3.2626e+01
2.7000e+02 3.8898e+02 2.5046e+01
3.0000e+02 3.8555e+02 2.5424e+01
3.3000e+02 3.8198e+02 2.1701e+01
/newplot
/plotname contrast2=0.5
0.0000e+00 3.9304e+02 2.1466e+01
3.0000e+01 4.1736e+02 2.9107e+01
6.0000e+01 4.1935e+02 3.5073e+01
9.0000e+01 4.3038e+02 4.7875e+01
1.2000e+02 4.1493e+02 2.7132e+01
1.5000e+02 4.3057e+02 1.3444e+01
1.8000e+02 4.4502e+02 2.7070e+01
2.1000e+02 4.1178e+02 1.6090e+01
2.4000e+02 3.9706e+02 2.2533e+01
2.7000e+02 4.0770e+02 2.6848e+01
3.0000e+02 4.0666e+02 2.4063e+01
3.3000e+02 3.9778e+02 3.5402e+01
/newplot
/plotname baseline
0.000000e+00 3.761531e+02
3.300000e+02 3.761531e+02
