/newplot
/plotname contrast2=0.0
0.0000e+00 4.2860e+02 2.5711e+01
3.0000e+01 4.2022e+02 3.3832e+00
6.0000e+01 4.2913e+02 1.6493e+01
9.0000e+01 4.1085e+02 1.2370e+01
1.2000e+02 4.2809e+02 1.4836e+01
1.5000e+02 4.3289e+02 1.8946e+01
1.8000e+02 4.3029e+02 9.7513e+00
2.1000e+02 4.3375e+02 1.5003e+01
2.4000e+02 4.2176e+02 1.8181e+01
2.7000e+02 4.2890e+02 1.7836e+01
3.0000e+02 4.1643e+02 1.9374e+01
3.3000e+02 4.2677e+02 1.9311e+01
/newplot
/plotname contrast2=0.5
0.0000e+00 4.2731e+02 1.0734e+01
3.0000e+01 4.2342e+02 3.1003e+01
6.0000e+01 4.3010e+02 2.9880e+01
9.0000e+01 4.4268e+02 1.2908e+01
1.2000e+02 4.3393e+02 2.2528e+01
1.5000e+02 4.3905e+02 2.7027e+01
1.8000e+02 4.3750e+02 2.0645e+01
2.1000e+02 4.1827e+02 8.9686e+00
2.4000e+02 4.3513e+02 5.9552e+00
2.7000e+02 4.3096e+02 2.2306e+01
3.0000e+02 4.3649e+02 1.1263e+01
3.3000e+02 4.2939e+02 2.4619e+01
/newplot
/plotname baseline
0.000000e+00 4.203729e+02
3.300000e+02 4.203729e+02
