/newplot
/plotname contrast2=0.0
0.0000e+00 3.5531e+02 8.5382e+00
3.0000e+01 3.4014e+02 1.2941e+01
6.0000e+01 3.4589e+02 1.4591e+01
9.0000e+01 3.3808e+02 1.0715e+01
1.2000e+02 3.4986e+02 1.6711e+01
1.5000e+02 3.5917e+02 5.2401e+00
1.8000e+02 3.4584e+02 1.6317e+01
2.1000e+02 3.5997e+02 1.1805e+01
2.4000e+02 3.3661e+02 5.9619e+00
2.7000e+02 3.4813e+02 6.9892e+00
3.0000e+02 3.4677e+02 1.1645e+01
3.3000e+02 3.5540e+02 1.4902e+01
/newplot
/plotname contrast2=0.5
0.0000e+00 3.7594e+02 1.0401e+01
3.0000e+01 3.6241e+02 1.1304e+01
6.0000e+01 3.4974e+02 1.2164e+01
9.0000e+01 3.5966e+02 1.8235e+01
1.2000e+02 3.5941e+02 1.3220e+01
1.5000e+02 3.6618e+02 7.6087e+00
1.8000e+02 3.6922e+02 1.1501e+01
2.1000e+02 3.6518e+02 8.6061e+00
2.4000e+02 3.6255e+02 1.0621e+01
2.7000e+02 3.5985e+02 1.4411e+01
3.0000e+02 3.6315e+02 1.0246e+01
3.3000e+02 3.6066e+02 1.0448e+01
/newplot
/plotname baseline
0.000000e+00 3.346764e+02
3.300000e+02 3.346764e+02
