/newplot
/plotname contrast2=0.0
0.0000e+00 5.7080e+02 2.1733e+01
3.0000e+01 5.1552e+02 7.7039e+00
6.0000e+01 5.2493e+02 2.0290e+01
9.0000e+01 4.9458e+02 1.0086e+01
1.2000e+02 4.9835e+02 8.2014e+00
1.5000e+02 5.3365e+02 1.5395e+01
1.8000e+02 5.4773e+02 1.9583e+01
2.1000e+02 5.3963e+02 2.3871e+01
2.4000e+02 5.1351e+02 1.2027e+01
2.7000e+02 5.0249e+02 1.1102e+01
3.0000e+02 4.9884e+02 9.5046e+00
3.3000e+02 5.3492e+02 3.3758e+01
/newplot
/plotname contrast2=0.5
0.0000e+00 5.8791e+02 4.0869e+01
3.0000e+01 5.7577e+02 4.0984e+01
6.0000e+01 5.3328e+02 3.0486e+01
9.0000e+01 5.7049e+02 4.2373e+01
1.2000e+02 5.2468e+02 2.2621e+01
1.5000e+02 5.6112e+02 4.3474e+01
1.8000e+02 5.8680e+02 4.3664e+01
2.1000e+02 5.4662e+02 2.0329e+01
2.4000e+02 5.7075e+02 2.5153e+01
2.7000e+02 5.5820e+02 1.6285e+01
3.0000e+02 5.6764e+02 6.9089e+01
3.3000e+02 5.4607e+02 2.7587e+01
/newplot
/plotname baseline
0.000000e+00 5.058273e+02
3.300000e+02 5.058273e+02
