/newplot
/plotname contrast2=0.0
0.0000e+00 2.9685e+02 1.5531e+01
3.0000e+01 2.7033e+02 6.6104e+00
6.0000e+01 2.6623e+02 1.8740e+01
9.0000e+01 2.6044e+02 5.5823e+00
1.2000e+02 2.8171e+02 1.1776e+01
1.5000e+02 2.8640e+02 1.3448e+01
1.8000e+02 2.9338e+02 1.2829e+01
2.1000e+02 2.6712e+02 1.0461e+01
2.4000e+02 2.7095e+02 1.6181e+01
2.7000e+02 2.7406e+02 2.3939e+01
3.0000e+02 2.6575e+02 1.1992e+01
3.3000e+02 3.0566e+02 2.9658e+01
/newplot
/plotname contrast2=0.5
0.0000e+00 3.1049e+02 1.9313e+01
3.0000e+01 2.8477e+02 2.1432e+01
6.0000e+01 2.8188e+02 1.8202e+01
9.0000e+01 2.7593e+02 1.5600e+01
1.2000e+02 2.8468e+02 2.4650e+01
1.5000e+02 3.0093e+02 1.6855e+01
1.8000e+02 2.9211e+02 1.7444e+01
2.1000e+02 2.9213e+02 1.1022e+01
2.4000e+02 2.9485e+02 2.1566e+01
2.7000e+02 2.7878e+02 1.3895e+01
3.0000e+02 2.7265e+02 1.4791e+01
3.3000e+02 2.9814e+02 1.8886e+01
/newplot
/plotname baseline
0.000000e+00 2.682966e+02
3.300000e+02 2.682966e+02
