/newplot
/plotname contrast2=0.0
0.0000e+00 4.3184e+02 1.8676e+01
3.0000e+01 4.2359e+02 2.1185e+01
6.0000e+01 4.3118e+02 2.1538e+01
9.0000e+01 4.1934e+02 2.0052e+01
1.2000e+02 4.6468e+02 3.5559e+01
1.5000e+02 4.5157e+02 1.0867e+01
1.8000e+02 4.2764e+02 2.6607e+01
2.1000e+02 4.1846e+02 1.7862e+01
2.4000e+02 4.3068e+02 2.1977e+01
2.7000e+02 4.3385e+02 2.9339e+01
3.0000e+02 4.6177e+02 4.4325e+01
3.3000e+02 4.5893e+02 2.5111e+01
/newplot
/plotname contrast2=0.5
0.0000e+00 4.6164e+02 1.6288e+01
3.0000e+01 4.7388e+02 2.7411e+01
6.0000e+01 4.5351e+02 4.0826e+01
9.0000e+01 4.4758e+02 3.5665e+01
1.2000e+02 4.3812e+02 1.7233e+01
1.5000e+02 4.6534e+02 2.8102e+01
1.8000e+02 4.5916e+02 2.1790e+01
2.1000e+02 4.5713e+02 2.3057e+01
2.4000e+02 4.5941e+02 2.5099e+01
2.7000e+02 4.3547e+02 2.6045e+01
3.0000e+02 4.5368e+02 2.5116e+01
3.3000e+02 4.8502e+02 1.6950e+01
/newplot
/plotname baseline
0.000000e+00 4.049369e+02
3.300000e+02 4.049369e+02
