/newplot
/plotname contrast2=0.0
0.0000e+00 3.0873e+02 1.0359e+01
3.0000e+01 2.9507e+02 2.3382e+01
6.0000e+01 2.8245e+02 1.4092e+01
9.0000e+01 2.8711e+02 1.5005e+01
1.2000e+02 2.8482e+02 2.3606e+01
1.5000e+02 3.0749e+02 1.8657e+01
1.8000e+02 2.9767e+02 1.9063e+01
2.1000e+02 2.8754e+02 1.8898e+01
2.4000e+02 2.8631e+02 2.0401e+01
2.7000e+02 2.8954e+02 1.5338e+01
3.0000e+02 2.9889e+02 1.5483e+01
3.3000e+02 3.1330e+02 1.3854e+01
/newplot
/plotname contrast2=0.5
0.0000e+00 3.2044e+02 1.0880e+01
3.0000e+01 3.2391e+02 1.2551e+01
6.0000e+01 3.0105e+02 3.2831e+01
9.0000e+01 3.1575e+02 2.0603e+01
1.2000e+02 3.0572e+02 1.8128e+01
1.5000e+02 3.1384e+02 1.5041e+01
1.8000e+02 3.1949e+02 1.1815e+01
2.1000e+02 2.9696e+02 1.5119e+01
2.4000e+02 3.2578e+02 1.8175e+01
2.7000e+02 3.1734e+02 1.2999e+01
3.0000e+02 3.1096e+02 3.7553e+01
3.3000e+02 3.1107e+02 1.5666e+01
/newplot
/plotname baseline
0.000000e+00 2.802123e+02
3.300000e+02 2.802123e+02
