/newplot
/plotname contrast2=0.0
0.0000e+00 4.0658e+02 9.3468e+00
3.0000e+01 3.8220e+02 1.6643e+01
6.0000e+01 3.8998e+02 2.5705e+01
9.0000e+01 3.8083e+02 2.1423e+01
1.2000e+02 3.9100e+02 1.2198e+01
1.5000e+02 4.0425e+02 2.3065e+01
1.8000e+02 3.9327e+02 2.2387e+01
2.1000e+02 3.9734e+02 1.9936e+01
2.4000e+02 3.9660e+02 1.3409e+01
2.7000e+02 3.7949e+02 1.8581e+01
3.0000e+02 3.8957e+02 1.6244e+01
3.3000e+02 4.0957e+02 3.4854e+01
/newplot
/plotname contrast2=0.5
0.0000e+00 4.2237e+02 7.1616e+00
3.0000e+01 4.2333e+02 1.7644e+01
6.0000e+01 4.0476e+02 1.1139e+01
9.0000e+01 4.1235e+02 1.8805e+01
1.2000e+02 4.0238e+02 3.3651e+01
1.5000e+02 4.2192e+02 1.5311e+01
1.8000e+02 4.1377e+02 2.6978e+01
2.1000e+02 4.1065e+02 1.4391e+01
2.4000e+02 4.3079e+02 1.8168e+01
2.7000e+02 4.0471e+02 1.3483e+01
3.0000e+02 4.1621e+02 4.6091e+01
3.3000e+02 4.1714e+02 2.5201e+01
/newplot
/plotname baseline
0.000000e+00 3.824676e+02
3.300000e+02 3.824676e+02
