/newplot
/plotname contrast2=0.0
0.0000e+00 6.6583e+02 3.3250e+01
3.0000e+01 6.3500e+02 4.0323e+01
6.0000e+01 6.7276e+02 3.9719e+01
9.0000e+01 6.3370e+02 4.2527e+01
1.2000e+02 6.3729e+02 2.5597e+01
1.5000e+02 6.4527e+02 2.1307e+01
1.8000e+02 6.2481e+02 1.3047e+01
2.1000e+02 6.6604e+02 2.5226e+01
2.4000e+02 6.5374e+02 2.3756e+01
2.7000e+02 6.3737e+02 3.0862e+01
3.0000e+02 6.4112e+02 8.3008e+00
3.3000e+02 6.2995e+02 4.1629e+01
/newplot
/plotname contrast2=0.5
0.0000e+00 6.3862e+02 2.7596e+01
3.0000e+01 6.4028e+02 3.7994e+01
6.0000e+01 6.5442e+02 5.6030e+01
9.0000e+01 6.6760e+02 2.2350e+01
1.2000e+02 6.4661e+02 4.1029e+01
1.5000e+02 6.5234e+02 3.7812e+01
1.8000e+02 6.1448e+02 1.7501e+01
2.1000e+02 6.4747e+02 3.2692e+01
2.4000e+02 6.5171e+02 2.8488e+01
2.7000e+02 6.6291e+02 6.0794e+01
3.0000e+02 6.4347e+02 3.1719e+01
3.3000e+02 6.6113e+02 5.9802e+01
/newplot
/plotname baseline
0.000000e+00 6.506104e+02
3.300000e+02 6.506104e+02
