/newplot
/plotname contrast2=0.0
0.0000e+00 3.4338e+02 4.7377e+01
3.0000e+01 3.2070e+02 1.5779e+01
6.0000e+01 3.2569e+02 5.1088e+01
9.0000e+01 2.9907e+02 6.9987e+00
1.2000e+02 3.4849e+02 3.0309e+01
1.5000e+02 3.7083e+02 2.5947e+01
1.8000e+02 3.2752e+02 1.1736e+01
2.1000e+02 3.1428e+02 9.0383e+00
2.4000e+02 3.1409e+02 2.4511e+01
2.7000e+02 3.2313e+02 2.9047e+01
3.0000e+02 3.4362e+02 2.3047e+01
3.3000e+02 4.0196e+02 6.9972e+01
/newplot
/plotname contrast2=0.5
0.0000e+00 3.5208e+02 2.8006e+01
3.0000e+01 3.8494e+02 5.0983e+01
6.0000e+01 3.6429e+02 1.9666e+01
9.0000e+01 3.7219e+02 6.2518e+01
1.2000e+02 3.6004e+02 2.9667e+01
1.5000e+02 4.2854e+02 7.3384e+01
1.8000e+02 3.8459e+02 3.3005e+01
2.1000e+02 3.4026e+02 2.9602e+01
2.4000e+02 4.1016e+02 5.2510e+01
2.7000e+02 3.4725e+02 2.3695e+01
3.0000e+02 3.7246e+02 8.7345e+01
3.3000e+02 3.7396e+02 2.6312e+01
/newplot
/plotname baseline
0.000000e+00 3.058900e+02
3.300000e+02 3.058900e+02
