/newplot
/plotname contrast2=0.0
0.0000e+00 3.0121e+02 1.0092e+01
3.0000e+01 3.1663e+02 1.4196e+01
6.0000e+01 3.6513e+02 5.0208e+01
9.0000e+01 3.2267e+02 1.9403e+01
1.2000e+02 3.1228e+02 8.9436e+00
1.5000e+02 3.0274e+02 9.4130e+00
1.8000e+02 3.0827e+02 1.5215e+01
2.1000e+02 3.3995e+02 2.7711e+01
2.4000e+02 3.6501e+02 1.3760e+01
2.7000e+02 3.2634e+02 7.3647e+00
3.0000e+02 2.9770e+02 7.2707e+00
3.3000e+02 3.0779e+02 1.3096e+01
/newplot
/plotname contrast2=0.5
0.0000e+00 3.1906e+02 1.6689e+01
3.0000e+01 3.4159e+02 1.2069e+01
6.0000e+01 3.2172e+02 1.3892e+01
9.0000e+01 3.1414e+02 1.0439e+01
1.2000e+02 3.3168e+02 1.6756e+01
1.5000e+02 3.5754e+02 2.7221e+01
1.8000e+02 3.5964e+02 2.6230e+01
2.1000e+02 3.3910e+02 1.1632e+01
2.4000e+02 3.5499e+02 2.1323e+01
2.7000e+02 3.1384e+02 8.1567e+00
3.0000e+02 3.4013e+02 1.9680e+01
3.3000e+02 3.4658e+02 3.4166e+01
/newplot
/plotname baseline
0.000000e+00 3.002653e+02
3.300000e+02 3.002653e+02
