/newplot
/plotname contrast2=0.0
0.0000e+00 5.6819e+02 1.9300e+01
3.0000e+01 5.1323e+02 9.6822e+00
6.0000e+01 5.2479e+02 7.8430e+00
9.0000e+01 5.0373e+02 9.3720e+00
1.2000e+02 5.1693e+02 1.9000e+01
1.5000e+02 5.3444e+02 1.8942e+01
1.8000e+02 5.5155e+02 1.2693e+01
2.1000e+02 5.2046e+02 2.0691e+01
2.4000e+02 5.1736e+02 9.6561e+00
2.7000e+02 5.0959e+02 1.7353e+01
3.0000e+02 5.1920e+02 1.9473e+01
3.3000e+02 5.3444e+02 2.5363e+01
/newplot
/plotname contrast2=0.5
0.0000e+00 5.4972e+02 1.4370e+01
3.0000e+01 5.3710e+02 8.9782e+00
6.0000e+01 5.3578e+02 2.0315e+01
9.0000e+01 5.4713e+02 1.6586e+01
1.2000e+02 5.3703e+02 2.7278e+01
1.5000e+02 5.4449e+02 3.1418e+01
1.8000e+02 5.5131e+02 1.7241e+01
2.1000e+02 5.4060e+02 2.6262e+01
2.4000e+02 5.5540e+02 1.8301e+01
2.7000e+02 5.6695e+02 2.0722e+01
3.0000e+02 5.3175e+02 2.8469e+01
3.3000e+02 5.3368e+02 1.2923e+01
/newplot
/plotname baseline
0.000000e+00 5.132517e+02
3.300000e+02 5.132517e+02
