/newplot
/plotname contrast2=0.0
0.0000e+00 2.5785e+02 1.3055e+01
3.0000e+01 2.5788e+02 4.1170e+00
6.0000e+01 2.6222e+02 2.2388e+01
9.0000e+01 2.4464e+02 7.2883e+00
1.2000e+02 2.4884e+02 3.4648e+00
1.5000e+02 2.6924e+02 1.2234e+01
1.8000e+02 2.6388e+02 1.3938e+01
2.1000e+02 2.7729e+02 2.5894e+01
2.4000e+02 2.5716e+02 9.5291e+00
2.7000e+02 2.5123e+02 1.1356e+01
3.0000e+02 2.5399e+02 9.6877e+00
3.3000e+02 2.5851e+02 1.3040e+01
/newplot
/plotname contrast2=0.5
0.0000e+00 2.6826e+02 1.6524e+01
3.0000e+01 2.9400e+02 1.4699e+01
6.0000e+01 2.5921e+02 2.0569e+01
9.0000e+01 2.7417e+02 1.7337e+01
1.2000e+02 2.7291e+02 1.8675e+01
1.5000e+02 2.8477e+02 1.3246e+01
1.8000e+02 2.8466e+02 2.3329e+01
2.1000e+02 2.8732e+02 1.0650e+01
2.4000e+02 2.8377e+02 1.5329e+01
2.7000e+02 2.6932e+02 1.3066e+01
3.0000e+02 2.8631e+02 2.5431e+01
3.3000e+02 2.8415e+02 1.2087e+01
/newplot
/plotname baseline
0.000000e+00 2.435122e+02
3.300000e+02 2.435122e+02
