/newplot
/plotname contrast2=0.0
0.0000e+00 9.2950e+02 6.9390e+01
3.0000e+01 9.2492e+02 2.6428e+01
6.0000e+01 9.2620e+02 5.7087e+01
9.0000e+01 9.1208e+02 4.8304e+01
1.2000e+02 9.2146e+02 5.2905e+01
1.5000e+02 9.4255e+02 4.1468e+01
1.8000e+02 9.6413e+02 3.0958e+01
2.1000e+02 9.1660e+02 4.9738e+01
2.4000e+02 9.2780e+02 3.0218e+01
2.7000e+02 9.1355e+02 5.1898e+01
3.0000e+02 9.2970e+02 3.4109e+01
3.3000e+02 9.8363e+02 8.9530e+01
/newplot
/plotname contrast2=0.5
0.0000e+00 1.0097e+03 8.4943e+01
3.0000e+01 1.0158e+03 7.5814e+01
6.0000e+01 9.6387e+02 4.9474e+01
9.0000e+01 9.7020e+02 8.0033e+01
1.2000e+02 9.4175e+02 5.6622e+01
1.5000e+02 1.0532e+03 1.1351e+02
1.8000e+02 1.0409e+03 8.3636e+01
2.1000e+02 9.6063e+02 6.8326e+01
2.4000e+02 1.0562e+03 1.1484e+02
2.7000e+02 9.6791e+02 7.3969e+01
3.0000e+02 1.0337e+03 1.4898e+02
3.3000e+02 9.8652e+02 5.7582e+01
/newplot
/plotname baseline
0.000000e+00 9.179520e+02
3.300000e+02 9.179520e+02
