/newplot
/plotname contrast2=0.0
0.0000e+00 3.0264e+02 9.2224e+00
3.0000e+01 2.9458e+02 6.4540e+00
6.0000e+01 2.9273e+02 9.0304e+00
9.0000e+01 2.9002e+02 1.1103e+01
1.2000e+02 2.8782e+02 2.9131e+00
1.5000e+02 2.8944e+02 6.7926e+00
1.8000e+02 2.9721e+02 5.7236e+00
2.1000e+02 3.0064e+02 9.2385e+00
2.4000e+02 2.9640e+02 8.2974e+00
2.7000e+02 2.8724e+02 1.1261e+01
3.0000e+02 2.8800e+02 1.2887e+01
3.3000e+02 2.8905e+02 6.5166e+00
/newplot
/plotname contrast2=0.5
0.0000e+00 2.9881e+02 1.2442e+01
3.0000e+01 3.1804e+02 1.3839e+01
6.0000e+01 2.9567e+02 1.6773e+01
9.0000e+01 3.0942e+02 1.9100e+01
1.2000e+02 3.0086e+02 9.4775e+00
1.5000e+02 3.0666e+02 1.3582e+01
1.8000e+02 2.9946e+02 8.3384e+00
2.1000e+02 3.0515e+02 1.3307e+01
2.4000e+02 3.0751e+02 6.0468e+00
2.7000e+02 2.9584e+02 1.4398e+01
3.0000e+02 3.0273e+02 1.9265e+01
3.3000e+02 3.0131e+02 1.2391e+01
/newplot
/plotname baseline
0.000000e+00 2.866107e+02
3.300000e+02 2.866107e+02
