/newplot
/plotname contrast2=0.0
0.0000e+00 2.4281e+02 1.4211e+01
3.0000e+01 2.4377e+02 5.4072e+00
6.0000e+01 2.4799e+02 7.1647e+00
9.0000e+01 2.4791e+02 9.9401e+00
1.2000e+02 2.4517e+02 8.0841e+00
1.5000e+02 2.3834e+02 1.3502e+01
1.8000e+02 2.4757e+02 6.0862e+00
2.1000e+02 2.4505e+02 1.1484e+01
2.4000e+02 2.5002e+02 7.4597e+00
2.7000e+02 2.4205e+02 1.2069e+01
3.0000e+02 2.4971e+02 4.7858e+00
3.3000e+02 2.4161e+02 6.9413e+00
/newplot
/plotname contrast2=0.5
0.0000e+00 2.4783e+02 9.9839e+00
3.0000e+01 2.4696e+02 1.3973e+01
6.0000e+01 2.4951e+02 4.0549e+00
9.0000e+01 2.5632e+02 8.3514e+00
1.2000e+02 2.5199e+02 9.2314e+00
1.5000e+02 2.7487e+02 3.0819e+01
1.8000e+02 2.4784e+02 8.8375e+00
2.1000e+02 2.4962e+02 9.7561e+00
2.4000e+02 2.7457e+02 2.1447e+01
2.7000e+02 2.4484e+02 6.8639e+00
3.0000e+02 2.5193e+02 1.2547e+01
3.3000e+02 2.5722e+02 1.2386e+01
/newplot
/plotname baseline
0.000000e+00 2.390356e+02
3.300000e+02 2.390356e+02
