/newplot
/plotname contrast2=0.0
0.0000e+00 4.5092e+02 2.2480e+01
3.0000e+01 4.4122e+02 2.8060e+01
6.0000e+01 4.4015e+02 2.1179e+01
9.0000e+01 4.5722e+02 2.6089e+01
1.2000e+02 4.5712e+02 3.3952e+01
1.5000e+02 4.5613e+02 1.8604e+01
1.8000e+02 4.4596e+02 2.6030e+01
2.1000e+02 4.4422e+02 2.3401e+01
2.4000e+02 4.4822e+02 3.2381e+01
2.7000e+02 4.6176e+02 2.2214e+01
3.0000e+02 4.4133e+02 3.1395e+01
3.3000e+02 4.7625e+02 2.7823e+01
/newplot
/plotname contrast2=0.5
0.0000e+00 4.7796e+02 2.6424e+01
3.0000e+01 4.6204e+02 1.5193e+01
6.0000e+01 4.6320e+02 3.7203e+01
9.0000e+01 5.0972e+02 8.3059e+01
1.2000e+02 4.8011e+02 3.2082e+01
1.5000e+02 5.2329e+02 2.8601e+01
1.8000e+02 4.9087e+02 3.2659e+01
2.1000e+02 4.4848e+02 3.0690e+01
2.4000e+02 5.1924e+02 6.5226e+01
2.7000e+02 4.9455e+02 4.2750e+01
3.0000e+02 5.1737e+02 1.0247e+02
3.3000e+02 4.7446e+02 3.8057e+01
/newplot
/plotname baseline
0.000000e+00 4.555027e+02
3.300000e+02 4.555027e+02
