/newplot
/plotname contrast2=0.0
0.0000e+00 5.1258e+02 6.2751e+01
3.0000e+01 4.5429e+02 2.8429e+01
6.0000e+01 4.8504e+02 3.6293e+01
9.0000e+01 4.6250e+02 2.8551e+01
1.2000e+02 5.1167e+02 4.4744e+01
1.5000e+02 5.0532e+02 4.2460e+01
1.8000e+02 4.8838e+02 4.1232e+01
2.1000e+02 5.0266e+02 5.0393e+01
2.4000e+02 4.7900e+02 2.8845e+01
2.7000e+02 4.9024e+02 4.2519e+01
3.0000e+02 5.2256e+02 3.3090e+01
3.3000e+02 5.5178e+02 6.6395e+01
/newplot
/plotname contrast2=0.5
0.0000e+00 5.8727e+02 5.5681e+01
3.0000e+01 6.7011e+02 5.8082e+01
6.0000e+01 5.4254e+02 4.9883e+01
9.0000e+01 5.5826e+02 5.2159e+01
1.2000e+02 5.5883e+02 4.6431e+01
1.5000e+02 6.0453e+02 5.6529e+01
1.8000e+02 6.8140e+02 7.6543e+01
2.1000e+02 5.9591e+02 3.2688e+01
2.4000e+02 5.6717e+02 5.8520e+01
2.7000e+02 5.4930e+02 3.9265e+01
3.0000e+02 5.4309e+02 7.0049e+01
3.3000e+02 5.6789e+02 6.4110e+01
/newplot
/plotname baseline
0.000000e+00 4.702728e+02
3.300000e+02 4.702728e+02
