/newplot
/plotname contrast2=0.0
0.0000e+00 4.7476e+02 4.9479e+01
3.0000e+01 4.2884e+02 3.0782e+01
6.0000e+01 4.7227e+02 9.5094e+01
9.0000e+01 4.4562e+02 2.6616e+01
1.2000e+02 4.7854e+02 4.2839e+01
1.5000e+02 4.8696e+02 1.1789e+01
1.8000e+02 4.4923e+02 2.4958e+01
2.1000e+02 4.4245e+02 2.0998e+01
2.4000e+02 4.5592e+02 3.4850e+01
2.7000e+02 4.4903e+02 2.2876e+01
3.0000e+02 4.7940e+02 4.2989e+01
3.3000e+02 5.0059e+02 6.9403e+01
/newplot
/plotname contrast2=0.5
0.0000e+00 4.7282e+02 3.9112e+01
3.0000e+01 5.0271e+02 6.2935e+01
6.0000e+01 4.8861e+02 2.6844e+01
9.0000e+01 5.0383e+02 5.1082e+01
1.2000e+02 4.8673e+02 6.0454e+01
1.5000e+02 5.4402e+02 5.7089e+01
1.8000e+02 5.0013e+02 3.1876e+01
2.1000e+02 4.6504e+02 4.7334e+00
2.4000e+02 5.5104e+02 5.0358e+01
2.7000e+02 4.9564e+02 2.4902e+01
3.0000e+02 5.1895e+02 9.3781e+01
3.3000e+02 5.2107e+02 6.1642e+01
/newplot
/plotname baseline
0.000000e+00 4.376101e+02
3.300000e+02 4.376101e+02
