/newplot
/plotname contrast2=0.0
0.0000e+00 4.3227e+02 1.2106e+01
3.0000e+01 4.2114e+02 7.5502e+00
6.0000e+01 4.3662e+02 2.1775e+01
9.0000e+01 4.1536e+02 1.1683e+01
1.2000e+02 4.2294e+02 7.3810e+00
1.5000e+02 4.2189e+02 1.3364e+01
1.8000e+02 4.2109e+02 8.6777e+00
2.1000e+02 4.2704e+02 1.0955e+01
2.4000e+02 4.3097e+02 1.4871e+01
2.7000e+02 4.3051e+02 1.2953e+01
3.0000e+02 4.2469e+02 9.9777e+00
3.3000e+02 4.2721e+02 2.3943e+01
/newplot
/plotname contrast2=0.5
0.0000e+00 4.3361e+02 2.1456e+01
3.0000e+01 4.2612e+02 2.2400e+01
6.0000e+01 4.3676e+02 1.4133e+01
9.0000e+01 4.4379e+02 8.0749e+00
1.2000e+02 4.1530e+02 1.2784e+01
1.5000e+02 4.3146e+02 1.6350e+01
1.8000e+02 4.3650e+02 1.6279e+01
2.1000e+02 4.1865e+02 9.7076e+00
2.4000e+02 4.2870e+02 9.9841e+00
2.7000e+02 4.3208e+02 1.3379e+01
3.0000e+02 4.3742e+02 2.2175e+01
3.3000e+02 4.2732e+02 2.3491e+01
/newplot
/plotname baseline
0.000000e+00 4.209343e+02
3.300000e+02 4.209343e+02
