/newplot
/plotname contrast2=0.0
0.0000e+00 6.9849e+02 2.9681e+01
3.0000e+01 6.5074e+02 3.5787e+01
6.0000e+01 6.5701e+02 1.7551e+01
9.0000e+01 6.2753e+02 1.5905e+01
1.2000e+02 6.5097e+02 3.1819e+01
1.5000e+02 7.0565e+02 1.5918e+01
1.8000e+02 6.4205e+02 1.4652e+01
2.1000e+02 6.5176e+02 5.5088e+00
2.4000e+02 6.4462e+02 2.3591e+01
2.7000e+02 6.3348e+02 1.6325e+01
3.0000e+02 6.3556e+02 3.2450e+01
3.3000e+02 7.0687e+02 3.4876e+01
/newplot
/plotname contrast2=0.5
0.0000e+00 6.7608e+02 1.9761e+01
3.0000e+01 6.7311e+02 1.8306e+01
6.0000e+01 6.8163e+02 3.4173e+01
9.0000e+01 6.7959e+02 2.3447e+01
1.2000e+02 6.5332e+02 2.9546e+01
1.5000e+02 6.9816e+02 3.4231e+01
1.8000e+02 6.7995e+02 2.5683e+01
2.1000e+02 6.5308e+02 3.1121e+01
2.4000e+02 7.0174e+02 1.7421e+01
2.7000e+02 6.8679e+02 3.1359e+01
3.0000e+02 6.6323e+02 3.9222e+01
3.3000e+02 7.0319e+02 3.5811e+01
/newplot
/plotname baseline
0.000000e+00 6.409786e+02
3.300000e+02 6.409786e+02
