/newplot
/plotname contrast2=0.0
0.0000e+00 4.8736e+02 1.4025e+01
3.0000e+01 4.9082e+02 1.4100e+01
6.0000e+01 5.1078e+02 2.2155e+01
9.0000e+01 4.9475e+02 2.2259e+01
1.2000e+02 5.0750e+02 2.3126e+01
1.5000e+02 5.1725e+02 2.2659e+01
1.8000e+02 4.8459e+02 1.8591e+01
2.1000e+02 4.7908e+02 2.1505e+01
2.4000e+02 4.9125e+02 2.5159e+01
2.7000e+02 4.9749e+02 1.8948e+01
3.0000e+02 4.9084e+02 3.5540e+01
3.3000e+02 5.2195e+02 1.6582e+01
/newplot
/plotname contrast2=0.5
0.0000e+00 5.1456e+02 2.9250e+01
3.0000e+01 5.1573e+02 3.0180e+01
6.0000e+01 5.2603e+02 2.8833e+01
9.0000e+01 5.2260e+02 4.3438e+01
1.2000e+02 5.1971e+02 1.9604e+01
1.5000e+02 5.5328e+02 3.0926e+01
1.8000e+02 5.2963e+02 2.5634e+01
2.1000e+02 4.9548e+02 2.8283e+01
2.4000e+02 5.6381e+02 4.2796e+01
2.7000e+02 5.0954e+02 2.5682e+01
3.0000e+02 5.4151e+02 4.6002e+01
3.3000e+02 5.3815e+02 2.7832e+01
/newplot
/plotname baseline
0.000000e+00 4.846572e+02
3.300000e+02 4.846572e+02
