/newplot
/plotname contrast2=0.0
0.0000e+00 2.5214e+02 1.4345e+01
3.0000e+01 2.2754e+02 9.5626e+00
6.0000e+01 2.4072e+02 1.0230e+01
9.0000e+01 2.3828e+02 8.5047e+00
1.2000e+02 2.3382e+02 4.4252e+00
1.5000e+02 2.4488e+02 1.1226e+01
1.8000e+02 2.4923e+02 7.7655e+00
2.1000e+02 2.4410e+02 1.0026e+01
2.4000e+02 2.3202e+02 7.0162e+00
2.7000e+02 2.3355e+02 1.3653e+01
3.0000e+02 2.3994e+02 1.5710e+01
3.3000e+02 2.5598e+02 1.4950e+01
/newplot
/plotname contrast2=0.5
0.0000e+00 2.6224e+02 1.6425e+01
3.0000e+01 2.5775e+02 1.1626e+01
6.0000e+01 2.5288e+02 1.5918e+01
9.0000e+01 2.6284e+02 1.1092e+01
1.2000e+02 2.4353e+02 1.7276e+01
1.5000e+02 2.5612e+02 1.3515e+01
1.8000e+02 2.6178e+02 1.2922e+01
2.1000e+02 2.5555e+02 1.2811e+01
2.4000e+02 2.5379e+02 1.3238e+01
2.7000e+02 2.5275e+02 1.0098e+01
3.0000e+02 2.6235e+02 2.3173e+01
3.3000e+02 2.5124e+02 1.4564e+01
/newplot
/plotname baseline
0.000000e+00 2.289560e+02
3.300000e+02 2.289560e+02
