/newplot
/plotname contrast2=0.0
0.0000e+00 4.8698e+02 1.5990e+01
3.0000e+01 4.6325e+02 1.9668e+01
6.0000e+01 4.8067e+02 1.2340e+01
9.0000e+01 4.7207e+02 1.4741e+01
1.2000e+02 4.8553e+02 7.2319e+00
1.5000e+02 4.8780e+02 2.4729e+01
1.8000e+02 4.7137e+02 1.5710e+01
2.1000e+02 4.9307e+02 2.4914e+01
2.4000e+02 4.7302e+02 1.6792e+01
2.7000e+02 4.8176e+02 1.7203e+01
3.0000e+02 4.9485e+02 2.5465e+01
3.3000e+02 4.7702e+02 2.5130e+01
/newplot
/plotname contrast2=0.5
0.0000e+00 4.8525e+02 2.1020e+01
3.0000e+01 5.0468e+02 9.2964e+00
6.0000e+01 4.9915e+02 3.3688e+01
9.0000e+01 4.9772e+02 1.1517e+01
1.2000e+02 4.9596e+02 2.7382e+01
1.5000e+02 4.8922e+02 9.4508e+00
1.8000e+02 4.9604e+02 1.7087e+01
2.1000e+02 4.9755e+02 1.8696e+01
2.4000e+02 4.9983e+02 2.5545e+01
2.7000e+02 4.9743e+02 1.0213e+01
3.0000e+02 4.9990e+02 2.5414e+01
3.3000e+02 4.9096e+02 1.6135e+01
/newplot
/plotname baseline
0.000000e+00 4.592458e+02
3.300000e+02 4.592458e+02
