/newplot
/plotname contrast2=0.0
0.0000e+00 8.7167e+02 2.3816e+01
3.0000e+01 8.7528e+02 2.9342e+01
6.0000e+01 9.6022e+02 8.0572e+01
9.0000e+01 8.7806e+02 4.2138e+01
1.2000e+02 8.9029e+02 2.7704e+01
1.5000e+02 8.7248e+02 1.6477e+01
1.8000e+02 8.6405e+02 1.7552e+01
2.1000e+02 9.0904e+02 2.7896e+01
2.4000e+02 9.0791e+02 4.0836e+01
2.7000e+02 8.7528e+02 4.1602e+01
3.0000e+02 8.9194e+02 3.5332e+01
3.3000e+02 8.6555e+02 2.1221e+01
/newplot
/plotname contrast2=0.5
0.0000e+00 9.6419e+02 6.2794e+01
3.0000e+01 9.7678e+02 8.7945e+01
6.0000e+01 8.9507e+02 1.8106e+01
9.0000e+01 9.0466e+02 4.5566e+01
1.2000e+02 8.9137e+02 2.0643e+01
1.5000e+02 9.7448e+02 7.8585e+01
1.8000e+02 1.1572e+03 1.2572e+02
2.1000e+02 9.1869e+02 4.2997e+01
2.4000e+02 9.2027e+02 4.7144e+01
2.7000e+02 8.8620e+02 4.6102e+01
3.0000e+02 9.2862e+02 6.1602e+01
3.3000e+02 9.4237e+02 5.0676e+01
/newplot
/plotname baseline
0.000000e+00 8.757744e+02
3.300000e+02 8.757744e+02
