/newplot
/plotname contrast2=0.0
0.0000e+00 2.5730e+02 1.1055e+01
3.0000e+01 2.6206e+02 1.5216e+01
6.0000e+01 2.5769e+02 1.6469e+01
9.0000e+01 2.5832e+02 1.3642e+01
1.2000e+02 2.5907e+02 2.0886e+01
1.5000e+02 2.5775e+02 1.9112e+01
1.8000e+02 2.6268e+02 1.8348e+01
2.1000e+02 2.6169e+02 2.4293e+01
2.4000e+02 2.5620e+02 1.1135e+01
2.7000e+02 2.6088e+02 1.0999e+01
3.0000e+02 2.5908e+02 5.0229e+00
3.3000e+02 2.5577e+02 1.4946e+01
/newplot
/plotname contrast2=0.5
0.0000e+00 2.7458e+02 1.7397e+01
3.0000e+01 2.6991e+02 5.3851e+00
6.0000e+01 2.6664e+02 1.7357e+01
9.0000e+01 2.7152e+02 1.6936e+01
1.2000e+02 2.7757e+02 9.6442e+00
1.5000e+02 2.7647e+02 1.7629e+01
1.8000e+02 2.8762e+02 2.1908e+01
2.1000e+02 2.7291e+02 1.8261e+01
2.4000e+02 2.8761e+02 1.5891e+01
2.7000e+02 2.7329e+02 1.0798e+01
3.0000e+02 2.7629e+02 3.2197e+01
3.3000e+02 2.6758e+02 1.5922e+01
/newplot
/plotname baseline
0.000000e+00 2.566278e+02
3.300000e+02 2.566278e+02
