/newplot
/plotname contrast2=0.0
0.0000e+00 5.5421e+02 2.1893e+01
3.0000e+01 4.3355e+02 1.4964e+01
6.0000e+01 4.7653e+02 5.5932e+01
9.0000e+01 4.3866e+02 2.1543e+01
1.2000e+02 4.3537e+02 2.3411e+01
1.5000e+02 4.8473e+02 3.7187e+01
1.8000e+02 5.1918e+02 3.4064e+01
2.1000e+02 4.8770e+02 3.4334e+01
2.4000e+02 4.4910e+02 2.2422e+01
2.7000e+02 4.5439e+02 2.7921e+01
3.0000e+02 4.5692e+02 2.5189e+01
3.3000e+02 5.0179e+02 7.0156e+01
/newplot
/plotname contrast2=0.5
0.0000e+00 5.4187e+02 3.2262e+01
3.0000e+01 5.3367e+02 3.8633e+01
6.0000e+01 4.9037e+02 3.1530e+01
9.0000e+01 5.3548e+02 2.4030e+01
1.2000e+02 5.0614e+02 3.8712e+01
1.5000e+02 5.3122e+02 5.1504e+01
1.8000e+02 5.4770e+02 5.3027e+01
2.1000e+02 4.9260e+02 2.6712e+01
2.4000e+02 5.4382e+02 3.0322e+01
2.7000e+02 5.3214e+02 2.6433e+01
3.0000e+02 5.1798e+02 1.0164e+02
3.3000e+02 5.1044e+02 3.8289e+01
/newplot
/plotname baseline
0.000000e+00 4.481244e+02
3.300000e+02 4.481244e+02
