/newplot
/plotname contrast2=0.0
0.0000e+00 2.6831e+02 2.4534e+01
3.0000e+01 2.5240e+02 2.2532e+01
6.0000e+01 2.6150e+02 1.4224e+01
9.0000e+01 2.6250e+02 1.7589e+01
1.2000e+02 2.6798e+02 1.7731e+01
1.5000e+02 2.5471e+02 1.6712e+01
1.8000e+02 2.7458e+02 1.1755e+01
2.1000e+02 2.6620e+02 2.1178e+01
2.4000e+02 2.6886e+02 8.2518e+00
2.7000e+02 2.6907e+02 1.8695e+01
3.0000e+02 2.6088e+02 1.2447e+01
3.3000e+02 2.6983e+02 1.4133e+01
/newplot
/plotname contrast2=0.5
0.0000e+00 2.7927e+02 1.0459e+01
3.0000e+01 2.9413e+02 1.7418e+01
6.0000e+01 2.6102e+02 6.8670e+00
9.0000e+01 2.8275e+02 2.3253e+01
1.2000e+02 2.7105e+02 1.4398e+01
1.5000e+02 2.7310e+02 8.3808e+00
1.8000e+02 2.8552e+02 1.1923e+01
2.1000e+02 2.9734e+02 1.4234e+01
2.4000e+02 2.8501e+02 1.2227e+01
2.7000e+02 2.7735e+02 1.9429e+01
3.0000e+02 2.8848e+02 1.8062e+01
3.3000e+02 2.8078e+02 1.2124e+01
/newplot
/plotname baseline
0.000000e+00 2.496431e+02
3.300000e+02 2.496431e+02
