/newplot
/plotname contrast2=0.0
0.0000e+00 2.5698e+02 9.6259e+00
3.0000e+01 2.3271e+02 2.2247e+01
6.0000e+01 2.3900e+02 1.5753e+01
9.0000e+01 2.4031e+02 1.4410e+01
1.2000e+02 2.4282e+02 8.3229e+00
1.5000e+02 2.5106e+02 4.3864e+00
1.8000e+02 2.5353e+02 1.3553e+01
2.1000e+02 2.5085e+02 2.0861e+01
2.4000e+02 2.3480e+02 2.1814e+01
2.7000e+02 2.4502e+02 6.8980e+00
3.0000e+02 2.4548e+02 5.9578e+00
3.3000e+02 2.6521e+02 2.2297e+01
/newplot
/plotname contrast2=0.5
0.0000e+00 2.6290e+02 1.1433e+01
3.0000e+01 2.6037e+02 8.0457e+00
6.0000e+01 2.6388e+02 1.3273e+01
9.0000e+01 2.5415e+02 2.1540e+01
1.2000e+02 2.4684e+02 2.3034e+00
1.5000e+02 2.5147e+02 9.5300e+00
1.8000e+02 2.5200e+02 1.9510e+01
2.1000e+02 2.6180e+02 2.0273e+01
2.4000e+02 2.6058e+02 1.1571e+01
2.7000e+02 2.5559e+02 2.5895e+01
3.0000e+02 2.5323e+02 1.4120e+01
3.3000e+02 2.5712e+02 1.3638e+01
/newplot
/plotname baseline
0.000000e+00 2.388044e+02
3.300000e+02 2.388044e+02
