/newplot
/plotname contrast2=0.0
0.0000e+00 1.8109e+02 1.1222e+01
3.0000e+01 1.7344e+02 1.6662e+01
6.0000e+01 1.6445e+02 1.2719e+01
9.0000e+01 1.6455e+02 1.4375e+01
1.2000e+02 1.6534e+02 1.6941e+01
1.5000e+02 1.7599e+02 1.0698e+01
1.8000e+02 1.8203e+02 4.5535e+00
2.1000e+02 1.8098e+02 9.7427e+00
2.4000e+02 1.7194e+02 7.5330e+00
2.7000e+02 1.7458e+02 1.5122e+01
3.0000e+02 1.6356e+02 9.8452e+00
3.3000e+02 1.7955e+02 1.0732e+01
/newplot
/plotname contrast2=0.5
0.0000e+00 1.8230e+02 1.8991e+01
3.0000e+01 1.8171e+02 2.0488e+01
6.0000e+01 1.7603e+02 1.7374e+01
9.0000e+01 1.8354e+02 1.6770e+01
1.2000e+02 1.7523e+02 1.2144e+01
1.5000e+02 1.9287e+02 2.6873e+01
1.8000e+02 1.9604e+02 2.8638e+01
2.1000e+02 1.7726e+02 1.5248e+01
2.4000e+02 1.8005e+02 1.8671e+01
2.7000e+02 1.7472e+02 8.7227e+00
3.0000e+02 1.7568e+02 1.5393e+01
3.3000e+02 1.8236e+02 1.1216e+01
/newplot
/plotname baseline
0.000000e+00 1.653656e+02
3.300000e+02 1.653656e+02
