/newplot
/plotname contrast2=0.0
0.0000e+00 5.2063e+02 4.6978e+01
3.0000e+01 4.4090e+02 4.7073e+01
6.0000e+01 4.1736e+02 3.0889e+01
9.0000e+01 4.0485e+02 2.3148e+01
1.2000e+02 4.4227e+02 7.8037e+01
1.5000e+02 4.9225e+02 4.8118e+01
1.8000e+02 5.3768e+02 6.3943e+01
2.1000e+02 4.8052e+02 3.5725e+01
2.4000e+02 4.0601e+02 2.8670e+01
2.7000e+02 4.3417e+02 3.4719e+01
3.0000e+02 4.3335e+02 2.1554e+01
3.3000e+02 4.9324e+02 5.9841e+01
/newplot
/plotname contrast2=0.5
0.0000e+00 5.2980e+02 4.4621e+01
3.0000e+01 4.7314e+02 2.3086e+01
6.0000e+01 4.8434e+02 2.7775e+01
9.0000e+01 5.5252e+02 6.5526e+01
1.2000e+02 5.0924e+02 3.6641e+01
1.5000e+02 4.8707e+02 7.0580e+01
1.8000e+02 5.8376e+02 3.8804e+01
2.1000e+02 5.5554e+02 4.9340e+01
2.4000e+02 5.0306e+02 6.5962e+01
2.7000e+02 5.1916e+02 2.3660e+01
3.0000e+02 4.8735e+02 4.9494e+01
3.3000e+02 4.8149e+02 5.5454e+01
/newplot
/plotname baseline
0.000000e+00 4.362946e+02
3.300000e+02 4.362946e+02
