/newplot
/plotname contrast2=0.0
0.0000e+00 2.4191e+02 2.8237e+01
3.0000e+01 2.1321e+02 1.9693e+01
6.0000e+01 2.0023e+02 2.8562e+01
9.0000e+01 1.9377e+02 1.6642e+01
1.2000e+02 2.0473e+02 2.6865e+01
1.5000e+02 2.3195e+02 1.9962e+01
1.8000e+02 2.4622e+02 3.4885e+01
2.1000e+02 2.2228e+02 1.7257e+01
2.4000e+02 2.0584e+02 1.3081e+01
2.7000e+02 2.0304e+02 1.7186e+01
3.0000e+02 2.1383e+02 6.9435e+00
3.3000e+02 2.3144e+02 1.3231e+01
/newplot
/plotname contrast2=0.5
0.0000e+00 2.3700e+02 2.0725e+01
3.0000e+01 2.3681e+02 1.6699e+01
6.0000e+01 2.2659e+02 1.1434e+01
9.0000e+01 2.4948e+02 2.3512e+01
1.2000e+02 2.3163e+02 1.9355e+01
1.5000e+02 2.3382e+02 1.5286e+01
1.8000e+02 2.5923e+02 2.8943e+01
2.1000e+02 2.5526e+02 2.3122e+01
2.4000e+02 2.3842e+02 2.2708e+01
2.7000e+02 2.3427e+02 1.2964e+01
3.0000e+02 2.2522e+02 1.8123e+01
3.3000e+02 2.3605e+02 2.7591e+01
/newplot
/plotname baseline
0.000000e+00 2.034194e+02
3.300000e+02 2.034194e+02
