/newplot
/plotname contrast2=0.0
0.0000e+00 1.6222e+02 3.4609e+00
3.0000e+01 1.5066e+02 5.2126e+00
6.0000e+01 1.5276e+02 6.3553e+00
9.0000e+01 1.5727e+02 8.0691e+00
1.2000e+02 1.5438e+02 1.0671e+01
1.5000e+02 1.6909e+02 1.2513e+01
1.8000e+02 1.6705e+02 8.4494e+00
2.1000e+02 1.5752e+02 3.4482e+00
2.4000e+02 1.5538e+02 8.2083e+00
2.7000e+02 1.5297e+02 9.9533e+00
3.0000e+02 1.6012e+02 6.6901e+00
3.3000e+02 1.7616e+02 1.2078e+01
/newplot
/plotname contrast2=0.5
0.0000e+00 1.7135e+02 1.3267e+01
3.0000e+01 1.6889e+02 1.8855e+01
6.0000e+01 1.6544e+02 1.0090e+01
9.0000e+01 1.6458e+02 1.6350e+01
1.2000e+02 1.5932e+02 8.8467e+00
1.5000e+02 1.7235e+02 1.6954e+01
1.8000e+02 1.6999e+02 1.7235e+01
2.1000e+02 1.6408e+02 1.4051e+01
2.4000e+02 1.6570e+02 1.3164e+01
2.7000e+02 1.6377e+02 5.5716e+00
3.0000e+02 1.6606e+02 1.0313e+01
3.3000e+02 1.7128e+02 1.3045e+01
/newplot
/plotname baseline
0.000000e+00 1.543999e+02
3.300000e+02 1.543999e+02
