/newplot
/plotname contrast2=0.0
0.0000e+00 3.1926e+02 1.6776e+01
3.0000e+01 3.0159e+02 1.3115e+01
6.0000e+01 2.9477e+02 2.0688e+01
9.0000e+01 2.9308e+02 1.4645e+01
1.2000e+02 3.0151e+02 2.0544e+01
1.5000e+02 3.0888e+02 8.1071e+00
1.8000e+02 3.2666e+02 1.7697e+01
2.1000e+02 3.1857e+02 1.6893e+01
2.4000e+02 2.9501e+02 9.1272e+00
2.7000e+02 3.0080e+02 1.1105e+01
3.0000e+02 2.9105e+02 6.0608e+00
3.3000e+02 3.0618e+02 1.8426e+01
/newplot
/plotname contrast2=0.5
0.0000e+00 3.2126e+02 1.9461e+01
3.0000e+01 3.1608e+02 7.2870e+00
6.0000e+01 3.0834e+02 1.8380e+01
9.0000e+01 3.2264e+02 1.7251e+01
1.2000e+02 3.1908e+02 1.1197e+01
1.5000e+02 3.2350e+02 1.9958e+01
1.8000e+02 3.3237e+02 1.8113e+01
2.1000e+02 3.1963e+02 1.8908e+01
2.4000e+02 3.2216e+02 2.2257e+01
2.7000e+02 3.1200e+02 1.5835e+01
3.0000e+02 2.9902e+02 9.6354e+00
3.3000e+02 3.0934e+02 1.7726e+01
/newplot
/plotname baseline
0.000000e+00 2.917915e+02
3.300000e+02 2.917915e+02
