/newplot
/plotname contrast2=0.0
0.0000e+00 1.6210e+02 1.1182e+01
3.0000e+01 1.3825e+02 6.7317e+00
6.0000e+01 1.4234e+02 1.3685e+01
9.0000e+01 1.3969e+02 9.3900e+00
1.2000e+02 1.4593e+02 1.4215e+01
1.5000e+02 1.5629e+02 1.1507e+01
1.8000e+02 1.5603e+02 8.4340e+00
2.1000e+02 1.5103e+02 1.1335e+01
2.4000e+02 1.4440e+02 9.6803e+00
2.7000e+02 1.5006e+02 1.0443e+01
3.0000e+02 1.4265e+02 5.5802e+00
3.3000e+02 1.6655e+02 1.8042e+01
/newplot
/plotname contrast2=0.5
0.0000e+00 1.5767e+02 1.7963e+01
3.0000e+01 1.5645e+02 2.3368e+01
6.0000e+01 1.5857e+02 1.7074e+01
9.0000e+01 1.5891e+02 1.7034e+01
1.2000e+02 1.5350e+02 9.0875e+00
1.5000e+02 1.6381e+02 2.1643e+01
1.8000e+02 1.6383e+02 1.2365e+01
2.1000e+02 1.5094e+02 7.1550e+00
2.4000e+02 1.5601e+02 8.1404e+00
2.7000e+02 1.5545e+02 1.4111e+01
3.0000e+02 1.6257e+02 1.1473e+01
3.3000e+02 1.5896e+02 1.1480e+01
/newplot
/plotname baseline
0.000000e+00 1.424406e+02
3.300000e+02 1.424406e+02
