/newplot
/plotname contrast2=0.0
0.0000e+00 2.0242e+02 9.2079e+00
3.0000e+01 1.8253e+02 7.4053e+00
6.0000e+01 1.8374e+02 5.1064e+00
9.0000e+01 1.8694e+02 2.8452e+00
1.2000e+02 1.8736e+02 1.1787e+01
1.5000e+02 1.9178e+02 1.1139e+01
1.8000e+02 1.9823e+02 6.7808e+00
2.1000e+02 1.9344e+02 9.8353e+00
2.4000e+02 1.8745e+02 1.3817e+01
2.7000e+02 2.0007e+02 7.6841e+00
3.0000e+02 1.8519e+02 7.5035e+00
3.3000e+02 2.0513e+02 2.3963e+01
/newplot
/plotname contrast2=0.5
0.0000e+00 1.9847e+02 1.1405e+01
3.0000e+01 1.9631e+02 9.6022e+00
6.0000e+01 2.0603e+02 1.0522e+01
9.0000e+01 2.0247e+02 1.3377e+01
1.2000e+02 2.0828e+02 7.4511e+00
1.5000e+02 2.0127e+02 1.1793e+01
1.8000e+02 2.0263e+02 9.1226e+00
2.1000e+02 2.0285e+02 1.6178e+01
2.4000e+02 2.1161e+02 1.7702e+01
2.7000e+02 2.0572e+02 1.0193e+01
3.0000e+02 1.9861e+02 5.7762e+00
3.3000e+02 1.9999e+02 1.0924e+01
/newplot
/plotname baseline
0.000000e+00 1.854627e+02
3.300000e+02 1.854627e+02
