/newplot
/plotname contrast2=0.0
0.0000e+00 3.2034e+02 8.8305e+00
3.0000e+01 3.1597e+02 3.2936e+01
6.0000e+01 3.3321e+02 3.4849e+01
9.0000e+01 3.2206e+02 1.6131e+01
1.2000e+02 3.1879e+02 1.7440e+01
1.5000e+02 3.2517e+02 1.3859e+01
1.8000e+02 3.2132e+02 1.8464e+01
2.1000e+02 3.5534e+02 4.4201e+01
2.4000e+02 3.8324e+02 4.7879e+01
2.7000e+02 3.7876e+02 9.8420e+01
3.0000e+02 3.2967e+02 3.0129e+01
3.3000e+02 3.1698e+02 1.5483e+01
/newplot
/plotname contrast2=0.5
0.0000e+00 3.6883e+02 9.0456e+01
3.0000e+01 3.6435e+02 7.3541e+01
6.0000e+01 3.4612e+02 3.1514e+01
9.0000e+01 3.4364e+02 4.4798e+01
1.2000e+02 3.6320e+02 4.8997e+01
1.5000e+02 4.0216e+02 8.1532e+01
1.8000e+02 4.0845e+02 1.0296e+02
2.1000e+02 3.6185e+02 5.3206e+01
2.4000e+02 3.7519e+02 5.9139e+01
2.7000e+02 3.5940e+02 4.1552e+01
3.0000e+02 3.5301e+02 3.8482e+01
3.3000e+02 3.6698e+02 4.6081e+01
/newplot
/plotname baseline
0.000000e+00 3.208511e+02
3.300000e+02 3.208511e+02
