/newplot
/plotname contrast2=0.0
0.0000e+00 1.0249e+03 1.7120e+02
3.0000e+01 8.8777e+02 2.9516e+02
6.0000e+01 8.9079e+02 2.9566e+02
9.0000e+01 9.2599e+02 3.0994e+02
1.2000e+02 9.6375e+02 3.2394e+02
1.5000e+02 9.9428e+02 2.0230e+02
1.8000e+02 9.8046e+02 2.4275e+02
2.1000e+02 9.5827e+02 2.4766e+02
2.4000e+02 9.5707e+02 2.8890e+02
2.7000e+02 1.0153e+03 2.3065e+02
3.0000e+02 9.0121e+02 2.7716e+02
3.3000e+02 1.0344e+03 2.9398e+02
/newplot
/plotname contrast2=0.5
0.0000e+00 9.2513e+02 2.4315e+02
3.0000e+01 9.5947e+02 2.4620e+02
6.0000e+01 9.4786e+02 2.5580e+02
9.0000e+01 9.1588e+02 2.7270e+02
1.2000e+02 9.2586e+02 3.2083e+02
1.5000e+02 9.1568e+02 2.9000e+02
1.8000e+02 9.9701e+02 2.3454e+02
2.1000e+02 9.9882e+02 2.3887e+02
2.4000e+02 9.3128e+02 2.9991e+02
2.7000e+02 9.2814e+02 3.1564e+02
3.0000e+02 9.4552e+02 2.9437e+02
3.3000e+02 1.0100e+03 2.5151e+02
/newplot
/plotname baseline
0.000000e+00 9.219569e+02
3.300000e+02 9.219569e+02
