/newplot
/plotname contrast2=0.0
0.0000e+00 2.2349e+02 1.7670e+01
3.0000e+01 2.1229e+02 1.9959e+01
6.0000e+01 2.1509e+02 2.1707e+01
9.0000e+01 2.0886e+02 1.9491e+01
1.2000e+02 2.1703e+02 1.3207e+01
1.5000e+02 2.1382e+02 1.0514e+01
1.8000e+02 2.2355e+02 2.5109e+01
2.1000e+02 2.2148e+02 2.0175e+01
2.4000e+02 2.2515e+02 2.5160e+01
2.7000e+02 2.3764e+02 4.0025e+01
3.0000e+02 2.1827e+02 1.2792e+01
3.3000e+02 2.3722e+02 2.6635e+01
/newplot
/plotname contrast2=0.5
0.0000e+00 2.3107e+02 2.7478e+01
3.0000e+01 2.4137e+02 4.3786e+01
6.0000e+01 2.3765e+02 1.7084e+01
9.0000e+01 2.5162e+02 1.6044e+01
1.2000e+02 2.5507e+02 2.5723e+01
1.5000e+02 2.3773e+02 2.7081e+01
1.8000e+02 2.4382e+02 2.9712e+01
2.1000e+02 2.5607e+02 2.6709e+01
2.4000e+02 2.5813e+02 2.4268e+01
2.7000e+02 2.3561e+02 1.4265e+01
3.0000e+02 2.5557e+02 3.6887e+01
3.3000e+02 2.2640e+02 2.2434e+01
/newplot
/plotname baseline
0.000000e+00 2.124517e+02
3.300000e+02 2.124517e+02
