/newplot
/plotname contrast2=0.0
0.0000e+00 1.6971e+02 2.4163e+01
3.0000e+01 1.7327e+02 1.3597e+01
6.0000e+01 1.6678e+02 1.8727e+01
9.0000e+01 1.6855e+02 1.9786e+01
1.2000e+02 1.6251e+02 9.8709e+00
1.5000e+02 1.7938e+02 2.2329e+01
1.8000e+02 1.7714e+02 1.4701e+01
2.1000e+02 1.6657e+02 1.5154e+01
2.4000e+02 1.7183e+02 2.2178e+01
2.7000e+02 1.7649e+02 2.0087e+01
3.0000e+02 1.6664e+02 1.2702e+01
3.3000e+02 1.7848e+02 1.9768e+01
/newplot
/plotname contrast2=0.5
0.0000e+00 1.7315e+02 1.4936e+01
3.0000e+01 1.7403e+02 1.4032e+01
6.0000e+01 1.8367e+02 1.2441e+01
9.0000e+01 1.7978e+02 2.0067e+01
1.2000e+02 1.8104e+02 1.0818e+01
1.5000e+02 1.8791e+02 1.7543e+01
1.8000e+02 1.8499e+02 2.0173e+01
2.1000e+02 1.8219e+02 1.6846e+01
2.4000e+02 1.8378e+02 1.9556e+01
2.7000e+02 1.7069e+02 2.0177e+01
3.0000e+02 1.7250e+02 1.1875e+01
3.3000e+02 1.7973e+02 1.4272e+01
/newplot
/plotname baseline
0.000000e+00 1.681640e+02
3.300000e+02 1.681640e+02
