/newplot
/plotname contrast2=0.0
0.0000e+00 2.6105e+02 1.7453e+01
3.0000e+01 2.4156e+02 1.3182e+01
6.0000e+01 2.4511e+02 1.5160e+01
9.0000e+01 2.4355e+02 1.0561e+01
1.2000e+02 2.4590e+02 1.9991e+01
1.5000e+02 2.5629e+02 2.1802e+01
1.8000e+02 2.6814e+02 1.2307e+01
2.1000e+02 2.5583e+02 9.8061e+00
2.4000e+02 2.4462e+02 3.1091e+00
2.7000e+02 2.4598e+02 9.4674e+00
3.0000e+02 2.4505e+02 1.1604e+01
3.3000e+02 2.6364e+02 1.7955e+01
/newplot
/plotname contrast2=0.5
0.0000e+00 2.7034e+02 2.3075e+01
3.0000e+01 2.6434e+02 2.5259e+01
6.0000e+01 2.6105e+02 1.3154e+01
9.0000e+01 2.6563e+02 1.4580e+01
1.2000e+02 2.5207e+02 1.7544e+01
1.5000e+02 2.6083e+02 1.5387e+01
1.8000e+02 2.7507e+02 1.6374e+01
2.1000e+02 2.6070e+02 1.7712e+01
2.4000e+02 2.6294e+02 1.4514e+01
2.7000e+02 2.5643e+02 6.2006e+00
3.0000e+02 2.5189e+02 1.9620e+01
3.3000e+02 2.5907e+02 9.8034e+00
/newplot
/plotname baseline
0.000000e+00 2.428579e+02
3.300000e+02 2.428579e+02
