/newplot
/plotname contrast2=0.0
0.0000e+00 7.7857e+02 2.3414e+01
3.0000e+01 7.5887e+02 2.0151e+01
6.0000e+01 7.5157e+02 2.6908e+01
9.0000e+01 7.5134e+02 1.2924e+01
1.2000e+02 7.4142e+02 1.8708e+01
1.5000e+02 7.6355e+02 1.1472e+01
1.8000e+02 7.9836e+02 2.8914e+01
2.1000e+02 7.6413e+02 9.0791e+00
2.4000e+02 7.5171e+02 9.3313e+00
2.7000e+02 7.4542e+02 1.0400e+01
3.0000e+02 7.5309e+02 1.4870e+01
3.3000e+02 7.5784e+02 1.3444e+01
/newplot
/plotname contrast2=0.5
0.0000e+00 7.8895e+02 3.4957e+01
3.0000e+01 7.8368e+02 2.2547e+01
6.0000e+01 7.5550e+02 1.0860e+01
9.0000e+01 7.7906e+02 2.4695e+01
1.2000e+02 7.6109e+02 1.8362e+01
1.5000e+02 7.6269e+02 2.2372e+01
1.8000e+02 8.2088e+02 2.2065e+01
2.1000e+02 7.7865e+02 2.2840e+01
2.4000e+02 7.6484e+02 1.8262e+01
2.7000e+02 7.7057e+02 2.3507e+01
3.0000e+02 7.6635e+02 9.8131e+00
3.3000e+02 7.6330e+02 1.6178e+01
/newplot
/plotname baseline
0.000000e+00 7.536110e+02
3.300000e+02 7.536110e+02
