/newplot
/plotname contrast2=0.0
0.0000e+00 4.5059e+02 1.1552e+01
3.0000e+01 4.4339e+02 3.0411e+01
6.0000e+01 4.7414e+02 2.7636e+01
9.0000e+01 4.3512e+02 2.8704e+01
1.2000e+02 4.2812e+02 2.1755e+01
1.5000e+02 4.4954e+02 1.5375e+01
1.8000e+02 4.5004e+02 2.9129e+01
2.1000e+02 4.7496e+02 2.4847e+01
2.4000e+02 4.8224e+02 4.5335e+01
2.7000e+02 4.4806e+02 3.8078e+01
3.0000e+02 4.5454e+02 2.1375e+01
3.3000e+02 4.3854e+02 1.7199e+01
/newplot
/plotname contrast2=0.5
0.0000e+00 4.5909e+02 3.8169e+01
3.0000e+01 4.6540e+02 2.8786e+01
6.0000e+01 4.8045e+02 2.9972e+01
9.0000e+01 4.6849e+02 4.3977e+01
1.2000e+02 4.8264e+02 3.1748e+01
1.5000e+02 4.7677e+02 4.1156e+01
1.8000e+02 4.7718e+02 3.0948e+01
2.1000e+02 4.7177e+02 4.5764e+01
2.4000e+02 4.8518e+02 5.1274e+01
2.7000e+02 4.7247e+02 3.0298e+01
3.0000e+02 4.7212e+02 2.2849e+01
3.3000e+02 4.7638e+02 2.5962e+01
/newplot
/plotname baseline
0.000000e+00 4.331847e+02
3.300000e+02 4.331847e+02
