/newplot
/plotname contrast2=0.0
0.0000e+00 2.5422e+02 2.1926e+01
3.0000e+01 2.4621e+02 2.1568e+01
6.0000e+01 2.4312e+02 2.1262e+01
9.0000e+01 2.6141e+02 1.7549e+01
1.2000e+02 2.5625e+02 1.8192e+01
1.5000e+02 2.4267e+02 2.1023e+01
1.8000e+02 2.5186e+02 1.9102e+01
2.1000e+02 2.5687e+02 1.9657e+01
2.4000e+02 2.4678e+02 2.2884e+01
2.7000e+02 2.9974e+02 4.2491e+01
3.0000e+02 3.0056e+02 2.2934e+01
3.3000e+02 2.8624e+02 4.9424e+01
/newplot
/plotname contrast2=0.5
0.0000e+00 2.7789e+02 4.2827e+01
3.0000e+01 2.7832e+02 3.1248e+01
6.0000e+01 2.7288e+02 3.3918e+01
9.0000e+01 2.6870e+02 2.3657e+01
1.2000e+02 2.8793e+02 2.1503e+01
1.5000e+02 2.7372e+02 3.5141e+01
1.8000e+02 2.8329e+02 4.4275e+01
2.1000e+02 3.0870e+02 3.8284e+01
2.4000e+02 3.0662e+02 2.4226e+01
2.7000e+02 3.1257e+02 4.5603e+01
3.0000e+02 3.1330e+02 5.9011e+01
3.3000e+02 2.8903e+02 1.6073e+01
/newplot
/plotname baseline
0.000000e+00 2.513101e+02
3.300000e+02 2.513101e+02
