/newplot
/plotname contrast2=0.0
0.0000e+00 3.0975e+02 3.0790e+01
3.0000e+01 3.1878e+02 4.7977e+01
6.0000e+01 3.0628e+02 3.4427e+01
9.0000e+01 2.9018e+02 1.8174e+01
1.2000e+02 2.8741e+02 2.4397e+01
1.5000e+02 2.8975e+02 2.1700e+01
1.8000e+02 3.1365e+02 2.6182e+01
2.1000e+02 3.3285e+02 1.3189e+01
2.4000e+02 3.3288e+02 2.7633e+01
2.7000e+02 3.1905e+02 4.1317e+01
3.0000e+02 3.1083e+02 2.1595e+01
3.3000e+02 3.0185e+02 2.2637e+01
/newplot
/plotname contrast2=0.5
0.0000e+00 3.3068e+02 4.3232e+01
3.0000e+01 3.2456e+02 4.3216e+01
6.0000e+01 3.0468e+02 1.8717e+01
9.0000e+01 3.1525e+02 1.7124e+01
1.2000e+02 3.3148e+02 2.8911e+01
1.5000e+02 3.2731e+02 6.2454e+01
1.8000e+02 3.5743e+02 3.3209e+01
2.1000e+02 3.4253e+02 3.1667e+01
2.4000e+02 3.3421e+02 3.7014e+01
2.7000e+02 3.1426e+02 1.5687e+01
3.0000e+02 3.1860e+02 3.5381e+01
3.3000e+02 3.3230e+02 2.3727e+01
/newplot
/plotname baseline
0.000000e+00 2.825129e+02
3.300000e+02 2.825129e+02
