/newplot
/plotname contrast2=0.0
0.0000e+00 2.5260e+02 1.7669e+01
3.0000e+01 2.3263e+02 1.7022e+01
6.0000e+01 2.2926e+02 1.1162e+01
9.0000e+01 2.3597e+02 1.3209e+01
1.2000e+02 2.2992e+02 5.7615e+00
1.5000e+02 2.5527e+02 2.1056e+01
1.8000e+02 2.5266e+02 1.5387e+01
2.1000e+02 2.3727e+02 7.0081e+00
2.4000e+02 2.3544e+02 1.3370e+01
2.7000e+02 2.3271e+02 9.9494e+00
3.0000e+02 2.3227e+02 1.1477e+01
3.3000e+02 2.6060e+02 2.6931e+01
/newplot
/plotname contrast2=0.5
0.0000e+00 2.4819e+02 1.2044e+01
3.0000e+01 2.4537e+02 2.9848e+01
6.0000e+01 2.4844e+02 1.4687e+01
9.0000e+01 2.4730e+02 9.9433e+00
1.2000e+02 2.4784e+02 1.2827e+01
1.5000e+02 2.5967e+02 1.8157e+01
1.8000e+02 2.5225e+02 1.4015e+01
2.1000e+02 2.5328e+02 1.0835e+01
2.4000e+02 2.4895e+02 1.1840e+01
2.7000e+02 2.6052e+02 7.5684e+00
3.0000e+02 2.5278e+02 9.8791e+00
3.3000e+02 2.5458e+02 1.1497e+01
/newplot
/plotname baseline
0.000000e+00 2.335338e+02
3.300000e+02 2.335338e+02
