/newplot
/plotname contrast2=0.0
0.0000e+00 1.4732e+02 1.0122e+01
3.0000e+01 1.3653e+02 1.2726e+01
6.0000e+01 1.3782e+02 1.4005e+01
9.0000e+01 1.3158e+02 8.4782e+00
1.2000e+02 1.3022e+02 6.2757e+00
1.5000e+02 1.4335e+02 7.2408e+00
1.8000e+02 1.3853e+02 8.3389e+00
2.1000e+02 1.4395e+02 1.1779e+01
2.4000e+02 1.3916e+02 1.3952e+01
2.7000e+02 1.4063e+02 1.8324e+01
3.0000e+02 1.3366e+02 1.0799e+01
3.3000e+02 1.3532e+02 1.5628e+01
/newplot
/plotname contrast2=0.5
0.0000e+00 1.4447e+02 1.7173e+01
3.0000e+01 1.4368e+02 1.0575e+01
6.0000e+01 1.3596e+02 1.0666e+01
9.0000e+01 1.4703e+02 1.2140e+01
1.2000e+02 1.3926e+02 9.6284e+00
1.5000e+02 1.3712e+02 1.5200e+01
1.8000e+02 1.4560e+02 1.5005e+01
2.1000e+02 1.4148e+02 5.5989e+00
2.4000e+02 1.4140e+02 1.3753e+01
2.7000e+02 1.4001e+02 1.2969e+01
3.0000e+02 1.4695e+02 7.0142e+00
3.3000e+02 1.4087e+02 9.8644e+00
/newplot
/plotname baseline
0.000000e+00 1.312385e+02
3.300000e+02 1.312385e+02
