/newplot
/plotname contrast2=0.0
0.0000e+00 2.4854e+02 1.0557e+01
3.0000e+01 2.4581e+02 8.1580e+00
6.0000e+01 2.5404e+02 1.1429e+01
9.0000e+01 2.6237e+02 3.7861e+01
1.2000e+02 2.7748e+02 3.9994e+01
1.5000e+02 2.6558e+02 1.0155e+01
1.8000e+02 2.5565e+02 8.6334e+00
2.1000e+02 2.4512e+02 6.9754e+00
2.4000e+02 2.6317e+02 9.9415e+00
2.7000e+02 3.1663e+02 8.5703e+01
3.0000e+02 2.9117e+02 4.7551e+01
3.3000e+02 2.6232e+02 1.3462e+01
/newplot
/plotname contrast2=0.5
0.0000e+00 2.9533e+02 4.9542e+01
3.0000e+01 2.9449e+02 4.6553e+01
6.0000e+01 2.6118e+02 1.7805e+01
9.0000e+01 2.5948e+02 1.0951e+01
1.2000e+02 2.6511e+02 2.0529e+01
1.5000e+02 2.8874e+02 3.6967e+01
1.8000e+02 3.6333e+02 5.3072e+01
2.1000e+02 3.0708e+02 8.3712e+01
2.4000e+02 2.6664e+02 1.2649e+01
2.7000e+02 2.5452e+02 6.4502e+00
3.0000e+02 2.5115e+02 2.1188e+01
3.3000e+02 3.2540e+02 1.2175e+02
/newplot
/plotname baseline
0.000000e+00 2.489586e+02
3.300000e+02 2.489586e+02
