/newplot
/plotname contrast2=0.0
0.0000e+00 3.7274e+02 1.4356e+01
3.0000e+01 3.8037e+02 1.8129e+01
6.0000e+01 3.8313e+02 2.2230e+01
9.0000e+01 3.6232e+02 1.8128e+01
1.2000e+02 3.7001e+02 4.2130e+01
1.5000e+02 3.5598e+02 2.0022e+01
1.8000e+02 3.7344e+02 2.0903e+01
2.1000e+02 3.7614e+02 3.1792e+01
2.4000e+02 3.8631e+02 3.0217e+01
2.7000e+02 3.9100e+02 3.6798e+01
3.0000e+02 3.6878e+02 2.9492e+01
3.3000e+02 3.6701e+02 2.2827e+01
/newplot
/plotname contrast2=0.5
0.0000e+00 3.9790e+02 3.8535e+01
3.0000e+01 3.7101e+02 2.7319e+01
6.0000e+01 3.7129e+02 4.1071e+01
9.0000e+01 3.8328e+02 1.7549e+01
1.2000e+02 3.8663e+02 3.1463e+01
1.5000e+02 4.0985e+02 3.5352e+01
1.8000e+02 3.9618e+02 4.6408e+01
2.1000e+02 3.6631e+02 2.7031e+01
2.4000e+02 4.0029e+02 3.1576e+01
2.7000e+02 3.8497e+02 2.6801e+01
3.0000e+02 3.7745e+02 3.1011e+01
3.3000e+02 3.7197e+02 1.1508e+01
/newplot
/plotname baseline
0.000000e+00 3.685197e+02
3.300000e+02 3.685197e+02
