/newplot
/plotname contrast2=0.0
0.0000e+00 6.2249e+02 2.7395e+01
3.0000e+01 6.0614e+02 1.6478e+01
6.0000e+01 6.1870e+02 2.7537e+01
9.0000e+01 6.0727e+02 2.4052e+01
1.2000e+02 6.0730e+02 1.8782e+01
1.5000e+02 6.1562e+02 3.2592e+01
1.8000e+02 6.3495e+02 2.6099e+01
2.1000e+02 6.2700e+02 1.9894e+01
2.4000e+02 6.2115e+02 2.2934e+01
2.7000e+02 6.0635e+02 1.6590e+01
3.0000e+02 5.9209e+02 2.4492e+01
3.3000e+02 6.0499e+02 1.6620e+01
/newplot
/plotname contrast2=0.5
0.0000e+00 6.0754e+02 4.5054e+01
3.0000e+01 6.1220e+02 2.7769e+01
6.0000e+01 5.9761e+02 1.7374e+01
9.0000e+01 6.0832e+02 1.3520e+01
1.2000e+02 6.2520e+02 2.3392e+01
1.5000e+02 6.1710e+02 3.0703e+01
1.8000e+02 6.2710e+02 1.7311e+01
2.1000e+02 6.4162e+02 1.9021e+01
2.4000e+02 6.0716e+02 2.2910e+01
2.7000e+02 6.1334e+02 1.1460e+01
3.0000e+02 6.1256e+02 1.8216e+01
3.3000e+02 6.1702e+02 2.6367e+01
/newplot
/plotname baseline
0.000000e+00 6.064763e+02
3.300000e+02 6.064763e+02
