/newplot
/plotname contrast2=0.0
0.0000e+00 9.6224e+02 2.9115e+01
3.0000e+01 9.6002e+02 1.3793e+01
6.0000e+01 9.7938e+02 1.6194e+01
9.0000e+01 9.5338e+02 3.0542e+01
1.2000e+02 9.5950e+02 2.9386e+01
1.5000e+02 9.4889e+02 4.6106e+01
1.8000e+02 9.5325e+02 1.0817e+01
2.1000e+02 9.7795e+02 2.4735e+01
2.4000e+02 9.8944e+02 1.0076e+01
2.7000e+02 9.8154e+02 2.8937e+01
3.0000e+02 9.6380e+02 3.6628e+01
3.3000e+02 9.6900e+02 2.1920e+01
/newplot
/plotname contrast2=0.5
0.0000e+00 9.4439e+02 3.8010e+01
3.0000e+01 9.5739e+02 3.9369e+01
6.0000e+01 9.7453e+02 3.5152e+01
9.0000e+01 9.8767e+02 2.9374e+01
1.2000e+02 9.5473e+02 2.5787e+01
1.5000e+02 9.4245e+02 4.2270e+01
1.8000e+02 9.8549e+02 1.4898e+01
2.1000e+02 9.5887e+02 2.3305e+01
2.4000e+02 9.7813e+02 2.6490e+01
2.7000e+02 9.7349e+02 2.6088e+01
3.0000e+02 9.6523e+02 3.1703e+01
3.3000e+02 9.5510e+02 2.0877e+01
/newplot
/plotname baseline
0.000000e+00 9.515950e+02
3.300000e+02 9.515950e+02
