/newplot
/plotname contrast2=0.0
0.0000e+00 6.8052e+02 1.4445e+01
3.0000e+01 6.7295e+02 8.9488e+00
6.0000e+01 6.8333e+02 1.0205e+01
9.0000e+01 6.6796e+02 9.1171e+00
1.2000e+02 6.8131e+02 2.4775e+01
1.5000e+02 6.8315e+02 1.9395e+01
1.8000e+02 7.2597e+02 1.2211e+01
2.1000e+02 7.2948e+02 2.3938e+01
2.4000e+02 6.8114e+02 2.1255e+01
2.7000e+02 6.7818e+02 1.5000e+01
3.0000e+02 6.7465e+02 1.8656e+01
3.3000e+02 6.8469e+02 1.9279e+01
/newplot
/plotname contrast2=0.5
0.0000e+00 6.6736e+02 2.0029e+01
3.0000e+01 6.7372e+02 1.0512e+01
6.0000e+01 6.8448e+02 2.4716e+01
9.0000e+01 6.9310e+02 2.3841e+01
1.2000e+02 6.8730e+02 3.0223e+01
1.5000e+02 6.6927e+02 1.8359e+01
1.8000e+02 7.0857e+02 2.1277e+01
2.1000e+02 6.9097e+02 2.4306e+01
2.4000e+02 6.7241e+02 1.4965e+01
2.7000e+02 6.8323e+02 2.2821e+01
3.0000e+02 6.6773e+02 2.2972e+01
3.3000e+02 6.7011e+02 9.1687e+00
/newplot
/plotname baseline
0.000000e+00 6.715793e+02
3.300000e+02 6.715793e+02
