/newplot
/plotname contrast2=0.0
0.0000e+00 6.8280e+02 2.4514e+01
3.0000e+01 6.4679e+02 3.2902e+01
6.0000e+01 6.5973e+02 3.0256e+01
9.0000e+01 6.3558e+02 2.7732e+01
1.2000e+02 6.8496e+02 1.3716e+01
1.5000e+02 6.6235e+02 2.9741e+01
1.8000e+02 6.6092e+02 2.4031e+01
2.1000e+02 6.6466e+02 1.3390e+01
2.4000e+02 6.5947e+02 1.8165e+01
2.7000e+02 6.6156e+02 1.8421e+01
3.0000e+02 6.6752e+02 3.8145e+01
3.3000e+02 7.3024e+02 2.4010e+01
/newplot
/plotname contrast2=0.5
0.0000e+00 6.5547e+02 4.7533e+01
3.0000e+01 6.6875e+02 3.6743e+01
6.0000e+01 6.9357e+02 6.2175e+01
9.0000e+01 6.7118e+02 2.4833e+01
1.2000e+02 6.7446e+02 3.7840e+01
1.5000e+02 6.6536e+02 3.7162e+01
1.8000e+02 6.6534e+02 2.1739e+01
2.1000e+02 6.5315e+02 1.9490e+01
2.4000e+02 6.9500e+02 4.1367e+01
2.7000e+02 6.8519e+02 6.2779e+01
3.0000e+02 6.7525e+02 3.4889e+01
3.3000e+02 6.7959e+02 1.4250e+01
/newplot
/plotname baseline
0.000000e+00 6.679946e+02
3.300000e+02 6.679946e+02
