/newplot
/plotname contrast2=0.0
0.0000e+00 6.6064e+02 1.7019e+01
3.0000e+01 6.4877e+02 1.5187e+01
6.0000e+01 6.5829e+02 1.9661e+01
9.0000e+01 6.5088e+02 1.3336e+01
1.2000e+02 6.4949e+02 1.4788e+01
1.5000e+02 6.5017e+02 2.4460e+01
1.8000e+02 6.7210e+02 2.2599e+01
2.1000e+02 6.5699e+02 1.5509e+01
2.4000e+02 6.5484e+02 9.7978e+00
2.7000e+02 6.4522e+02 1.2899e+01
3.0000e+02 6.4853e+02 9.7937e+00
3.3000e+02 6.6333e+02 9.0415e+00
/newplot
/plotname contrast2=0.5
0.0000e+00 6.4619e+02 2.0327e+01
3.0000e+01 6.5101e+02 2.1983e+01
6.0000e+01 6.4671e+02 1.3305e+01
9.0000e+01 6.6673e+02 1.4755e+01
1.2000e+02 6.4742e+02 2.3140e+01
1.5000e+02 6.5249e+02 2.5043e+01
1.8000e+02 6.5301e+02 1.6734e+01
2.1000e+02 6.6351e+02 1.0384e+01
2.4000e+02 6.5781e+02 7.9019e+00
2.7000e+02 6.6125e+02 2.5075e+01
3.0000e+02 6.5443e+02 1.4045e+01
3.3000e+02 6.6129e+02 1.9373e+01
/newplot
/plotname baseline
0.000000e+00 6.483776e+02
3.300000e+02 6.483776e+02
