/newplot
/plotname contrast2=0.0
0.0000e+00 4.5464e+02 4.4595e+01
3.0000e+01 4.2056e+02 1.0076e+01
6.0000e+01 4.2787e+02 2.4161e+01
9.0000e+01 4.2417e+02 8.8169e+00
1.2000e+02 4.1662e+02 1.0985e+01
1.5000e+02 4.2383e+02 2.2298e+01
1.8000e+02 4.4564e+02 2.3828e+01
2.1000e+02 4.2486e+02 1.6778e+01
2.4000e+02 4.2101e+02 2.2069e+01
2.7000e+02 4.1260e+02 6.1031e+00
3.0000e+02 4.2834e+02 2.0847e+01
3.3000e+02 4.4501e+02 1.7741e+01
/newplot
/plotname contrast2=0.5
0.0000e+00 4.3680e+02 3.2171e+01
3.0000e+01 4.3617e+02 1.8352e+01
6.0000e+01 4.2469e+02 1.3462e+01
9.0000e+01 4.2899e+02 1.2112e+01
1.2000e+02 4.3634e+02 1.4137e+01
1.5000e+02 4.3124e+02 2.2570e+01
1.8000e+02 4.2127e+02 1.2937e+01
2.1000e+02 4.4006e+02 1.3565e+01
2.4000e+02 4.3387e+02 1.5617e+01
2.7000e+02 4.3621e+02 1.4441e+01
3.0000e+02 4.3810e+02 2.1310e+01
3.3000e+02 4.3991e+02 2.5496e+01
/newplot
/plotname baseline
0.000000e+00 4.200028e+02
3.300000e+02 4.200028e+02
