/newplot
/plotname contrast2=0.0
0.0000e+00 5.2462e+02 2.2001e+01
3.0000e+01 4.8638e+02 2.7642e+01
6.0000e+01 5.2212e+02 1.7162e+01
9.0000e+01 5.1949e+02 3.2396e+01
1.2000e+02 5.2979e+02 2.2252e+01
1.5000e+02 5.3983e+02 4.4755e+01
1.8000e+02 5.3413e+02 1.6716e+01
2.1000e+02 5.1800e+02 2.4994e+01
2.4000e+02 5.3400e+02 1.8442e+01
2.7000e+02 5.4759e+02 1.7543e+01
3.0000e+02 5.1946e+02 4.4459e+01
3.3000e+02 5.4193e+02 3.4745e+01
/newplot
/plotname contrast2=0.5
0.0000e+00 5.1091e+02 2.0184e+01
3.0000e+01 5.1399e+02 8.3824e+00
6.0000e+01 5.2464e+02 2.1789e+01
9.0000e+01 5.2591e+02 1.7780e+01
1.2000e+02 5.2603e+02 3.7480e+01
1.5000e+02 5.2085e+02 2.2591e+01
1.8000e+02 5.2656e+02 1.8735e+01
2.1000e+02 5.0732e+02 2.9558e+01
2.4000e+02 5.3346e+02 2.1276e+01
2.7000e+02 5.1543e+02 1.7812e+01
3.0000e+02 5.0362e+02 1.6631e+01
3.3000e+02 5.1137e+02 2.5699e+01
/newplot
/plotname baseline
0.000000e+00 5.095086e+02
3.300000e+02 5.095086e+02
