/newplot
/plotname contrast2=0.0
0.0000e+00 4.4774e+02 1.2552e+01
3.0000e+01 4.2258e+02 1.3390e+01
6.0000e+01 4.3697e+02 1.4377e+01
9.0000e+01 4.3271e+02 1.4828e+01
1.2000e+02 4.3306e+02 1.1841e+01
1.5000e+02 4.3666e+02 1.0383e+01
1.8000e+02 4.4690e+02 8.9247e+00
2.1000e+02 4.3591e+02 6.0917e+00
2.4000e+02 4.3602e+02 7.3453e+00
2.7000e+02 4.3686e+02 1.2226e+01
3.0000e+02 4.3421e+02 7.0394e+00
3.3000e+02 4.6023e+02 7.3959e+00
/newplot
/plotname contrast2=0.5
0.0000e+00 4.3539e+02 1.9032e+01
3.0000e+01 4.3197e+02 1.1008e+01
6.0000e+01 4.3803e+02 1.7778e+01
9.0000e+01 4.3804e+02 1.0392e+01
1.2000e+02 4.4482e+02 1.0205e+01
1.5000e+02 4.3786e+02 1.0894e+01
1.8000e+02 4.4204e+02 1.1940e+01
2.1000e+02 4.5000e+02 1.5483e+01
2.4000e+02 4.4659e+02 2.0923e+01
2.7000e+02 4.4520e+02 1.3147e+01
3.0000e+02 4.4153e+02 1.2329e+01
3.3000e+02 4.4633e+02 1.1707e+01
/newplot
/plotname baseline
0.000000e+00 4.331052e+02
3.300000e+02 4.331052e+02
