/newplot
/plotname contrast2=0.0
0.0000e+00 6.2761e+02 3.4566e+01
3.0000e+01 6.1528e+02 3.2282e+01
6.0000e+01 6.0988e+02 2.9356e+01
9.0000e+01 6.0282e+02 1.8629e+01
1.2000e+02 6.1534e+02 2.6876e+01
1.5000e+02 6.0232e+02 1.9305e+01
1.8000e+02 6.2308e+02 2.5820e+01
2.1000e+02 6.2658e+02 2.8407e+01
2.4000e+02 6.2319e+02 1.5754e+01
2.7000e+02 6.2567e+02 3.1434e+01
3.0000e+02 6.1761e+02 2.2767e+01
3.3000e+02 6.3168e+02 1.7100e+01
/newplot
/plotname contrast2=0.5
0.0000e+00 6.0458e+02 3.0873e+01
3.0000e+01 6.1624e+02 2.8123e+01
6.0000e+01 6.3407e+02 1.1335e+01
9.0000e+01 6.2982e+02 1.8822e+01
1.2000e+02 6.1246e+02 2.9882e+01
1.5000e+02 6.1856e+02 3.3059e+01
1.8000e+02 6.3007e+02 1.6537e+01
2.1000e+02 6.1285e+02 2.3924e+01
2.4000e+02 6.4198e+02 2.3898e+01
2.7000e+02 6.3509e+02 2.5706e+01
3.0000e+02 6.0863e+02 2.1915e+01
3.3000e+02 6.0481e+02 1.2389e+01
/newplot
/plotname baseline
0.000000e+00 6.098345e+02
3.300000e+02 6.098345e+02
