/newplot
/plotname contrast2=0.0
0.0000e+00 5.9797e+02 8.0455e+00
3.0000e+01 5.9219e+02 2.3918e+01
6.0000e+01 6.2386e+02 3.3879e+01
9.0000e+01 5.9370e+02 2.1857e+01
1.2000e+02 5.9769e+02 1.3783e+01
1.5000e+02 5.8009e+02 2.9667e+01
1.8000e+02 6.0277e+02 2.9537e+01
2.1000e+02 6.2096e+02 1.5609e+01
2.4000e+02 6.3649e+02 3.3646e+01
2.7000e+02 6.3485e+02 3.3065e+01
3.0000e+02 5.9367e+02 3.0567e+01
3.3000e+02 6.0596e+02 1.3832e+01
/newplot
/plotname contrast2=0.5
0.0000e+00 6.0260e+02 3.1809e+01
3.0000e+01 6.0213e+02 3.0097e+01
6.0000e+01 5.9777e+02 2.2062e+01
9.0000e+01 5.9486e+02 3.1259e+01
1.2000e+02 5.9655e+02 3.2837e+01
1.5000e+02 6.0778e+02 2.3488e+01
1.8000e+02 6.2593e+02 2.1839e+01
2.1000e+02 6.3145e+02 1.9984e+01
2.4000e+02 6.0502e+02 2.4055e+01
2.7000e+02 6.1030e+02 2.3082e+01
3.0000e+02 6.0116e+02 2.5806e+01
3.3000e+02 6.2055e+02 2.5610e+01
/newplot
/plotname baseline
0.000000e+00 5.923074e+02
3.300000e+02 5.923074e+02
