/newplot
/plotname contrast2=0.0
0.0000e+00 8.8618e+02 4.0972e+01
3.0000e+01 8.8491e+02 3.5361e+01
6.0000e+01 8.7291e+02 3.8765e+01
9.0000e+01 8.5907e+02 2.4171e+01
1.2000e+02 8.6945e+02 3.4685e+01
1.5000e+02 8.3790e+02 2.6331e+01
1.8000e+02 8.8618e+02 2.7127e+01
2.1000e+02 8.9710e+02 3.1188e+01
2.4000e+02 8.7973e+02 2.0350e+01
2.7000e+02 8.8457e+02 3.7102e+01
3.0000e+02 8.5953e+02 2.8087e+01
3.3000e+02 8.9394e+02 2.3430e+01
/newplot
/plotname contrast2=0.5
0.0000e+00 8.6622e+02 1.8644e+01
3.0000e+01 8.8102e+02 2.7438e+01
6.0000e+01 8.8909e+02 3.3593e+01
9.0000e+01 8.8675e+02 2.3713e+01
1.2000e+02 8.8004e+02 3.6917e+01
1.5000e+02 8.7077e+02 3.6270e+01
1.8000e+02 8.9042e+02 1.4576e+01
2.1000e+02 8.7716e+02 2.0533e+01
2.4000e+02 8.8961e+02 1.7725e+01
2.7000e+02 9.0047e+02 3.9801e+01
3.0000e+02 8.7966e+02 3.2048e+01
3.3000e+02 8.6591e+02 2.7673e+01
/newplot
/plotname baseline
0.000000e+00 8.636033e+02
3.300000e+02 8.636033e+02
