/newplot
/plotname contrast2=0.0
0.0000e+00 1.9778e+03 1.1562e+02
3.0000e+01 1.9504e+03 1.2467e+02
6.0000e+01 1.9570e+03 1.5279e+02
9.0000e+01 1.9937e+03 6.7020e+01
1.2000e+02 1.9894e+03 1.6692e+02
1.5000e+02 1.9703e+03 1.0539e+02
1.8000e+02 1.9657e+03 7.9394e+01
2.1000e+02 2.0111e+03 5.4332e+01
2.4000e+02 1.9769e+03 6.8858e+01
2.7000e+02 1.9852e+03 5.9785e+01
3.0000e+02 1.9842e+03 1.0524e+02
3.3000e+02 2.0226e+03 7.4405e+01
/newplot
/plotname contrast2=0.5
0.0000e+00 1.9450e+03 1.1741e+02
3.0000e+01 1.9693e+03 1.0577e+02
6.0000e+01 2.0146e+03 8.1435e+01
9.0000e+01 2.0019e+03 1.2449e+02
1.2000e+02 1.9769e+03 5.9577e+01
1.5000e+02 1.9569e+03 1.3126e+02
1.8000e+02 2.0341e+03 7.5192e+01
2.1000e+02 1.9893e+03 7.0937e+01
2.4000e+02 1.9846e+03 1.2306e+02
2.7000e+02 2.0142e+03 5.9476e+01
3.0000e+02 1.9533e+03 1.4314e+02
3.3000e+02 1.9579e+03 4.6354e+01
/newplot
/plotname baseline
0.000000e+00 1.973550e+03
3.300000e+02 1.973550e+03
