/newplot
/plotname contrast2=0.0
0.0000e+00 2.3954e+02 7.9776e+00
3.0000e+01 2.3064e+02 7.2870e+00
6.0000e+01 2.4260e+02 1.1544e+01
9.0000e+01 2.3466e+02 1.6402e+01
1.2000e+02 2.4369e+02 1.1391e+01
1.5000e+02 2.4351e+02 1.0354e+01
1.8000e+02 2.3723e+02 5.3679e+00
2.1000e+02 2.4006e+02 1.0736e+01
2.4000e+02 2.3855e+02 8.5116e+00
2.7000e+02 2.4702e+02 1.5681e+01
3.0000e+02 2.5556e+02 9.3587e+00
3.3000e+02 2.5577e+02 1.1334e+01
/newplot
/plotname contrast2=0.5
0.0000e+00 2.4085e+02 5.7653e+00
3.0000e+01 2.3991e+02 1.7656e+01
6.0000e+01 2.5024e+02 1.1981e+01
9.0000e+01 2.4183e+02 8.7114e+00
1.2000e+02 2.5055e+02 7.9310e+00
1.5000e+02 2.4493e+02 1.7088e+01
1.8000e+02 2.4221e+02 1.2947e+01
2.1000e+02 2.4602e+02 1.5167e+01
2.4000e+02 2.5843e+02 1.2441e+01
2.7000e+02 2.4239e+02 9.0821e+00
3.0000e+02 2.4524e+02 9.7427e+00
3.3000e+02 2.4079e+02 1.5967e+01
/newplot
/plotname baseline
0.000000e+00 2.363833e+02
3.300000e+02 2.363833e+02
