/newplot
/plotname contrast2=0.0
0.0000e+00 7.5468e+02 6.9560e+01
3.0000e+01 7.4193e+02 3.8775e+01
6.0000e+01 7.6321e+02 5.1145e+01
9.0000e+01 7.5515e+02 5.1464e+01
1.2000e+02 7.5486e+02 5.5769e+01
1.5000e+02 7.3148e+02 3.5894e+01
1.8000e+02 7.4869e+02 2.6077e+01
2.1000e+02 7.6165e+02 3.7400e+01
2.4000e+02 7.7830e+02 2.7752e+01
2.7000e+02 7.9505e+02 4.0843e+01
3.0000e+02 7.3277e+02 5.3894e+01
3.3000e+02 7.5285e+02 2.9781e+01
/newplot
/plotname contrast2=0.5
0.0000e+00 7.5134e+02 5.0452e+01
3.0000e+01 7.5563e+02 5.1489e+01
6.0000e+01 7.4306e+02 3.0749e+01
9.0000e+01 7.6884e+02 6.0838e+01
1.2000e+02 7.4444e+02 3.5518e+01
1.5000e+02 7.2793e+02 2.6045e+01
1.8000e+02 7.8859e+02 3.4617e+01
2.1000e+02 7.7245e+02 4.6308e+01
2.4000e+02 7.5425e+02 4.3273e+01
2.7000e+02 7.7263e+02 3.0651e+01
3.0000e+02 7.6342e+02 4.4650e+01
3.3000e+02 7.5220e+02 3.5299e+01
/newplot
/plotname baseline
0.000000e+00 7.326412e+02
3.300000e+02 7.326412e+02
