/newplot
/plotname contrast2=0.0
0.0000e+00 8.0033e+02 3.2105e+01
3.0000e+01 7.6766e+02 1.6381e+01
6.0000e+01 7.7917e+02 2.7759e+01
9.0000e+01 7.6489e+02 2.1954e+01
1.2000e+02 7.7355e+02 1.9585e+01
1.5000e+02 7.9410e+02 1.8624e+01
1.8000e+02 8.3409e+02 4.2927e+01
2.1000e+02 7.7863e+02 1.3154e+01
2.4000e+02 7.7883e+02 1.6328e+01
2.7000e+02 7.6893e+02 2.6488e+01
3.0000e+02 7.6896e+02 1.9758e+01
3.3000e+02 7.8403e+02 1.7236e+01
/newplot
/plotname contrast2=0.5
0.0000e+00 7.8963e+02 3.4041e+01
3.0000e+01 7.7469e+02 2.4565e+01
6.0000e+01 7.7894e+02 1.3028e+01
9.0000e+01 7.9757e+02 1.3143e+01
1.2000e+02 7.9186e+02 2.9982e+01
1.5000e+02 7.9522e+02 2.8614e+01
1.8000e+02 7.8626e+02 1.5063e+01
2.1000e+02 7.8108e+02 1.9381e+01
2.4000e+02 7.8239e+02 2.4856e+01
2.7000e+02 7.8491e+02 1.0423e+01
3.0000e+02 7.7814e+02 1.9043e+01
3.3000e+02 8.0153e+02 1.9929e+01
/newplot
/plotname baseline
0.000000e+00 7.701592e+02
3.300000e+02 7.701592e+02
