/newplot
/plotname contrast2=0.0
0.0000e+00 5.5975e+02 3.3324e+01
3.0000e+01 5.3445e+02 2.8656e+01
6.0000e+01 5.3299e+02 3.2440e+01
9.0000e+01 5.2521e+02 1.5825e+01
1.2000e+02 5.3554e+02 3.0670e+01
1.5000e+02 5.3319e+02 2.4585e+01
1.8000e+02 5.4942e+02 9.5089e+00
2.1000e+02 5.5324e+02 1.5560e+01
2.4000e+02 5.3802e+02 1.1890e+01
2.7000e+02 5.4121e+02 2.9581e+01
3.0000e+02 5.3635e+02 1.6422e+01
3.3000e+02 5.6839e+02 1.7951e+01
/newplot
/plotname contrast2=0.5
0.0000e+00 5.4184e+02 1.7629e+01
3.0000e+01 5.3879e+02 2.4946e+01
6.0000e+01 5.5273e+02 1.6973e+01
9.0000e+01 5.7221e+02 1.7726e+01
1.2000e+02 5.4167e+02 1.4568e+01
1.5000e+02 5.4243e+02 2.1296e+01
1.8000e+02 5.7065e+02 1.3721e+01
2.1000e+02 5.4318e+02 1.2116e+01
2.4000e+02 5.6226e+02 2.5514e+01
2.7000e+02 5.6477e+02 9.2877e+00
3.0000e+02 5.4625e+02 2.0463e+01
3.3000e+02 5.3193e+02 1.7919e+01
/newplot
/plotname baseline
0.000000e+00 5.332805e+02
3.300000e+02 5.332805e+02
