/newplot
/plotname contrast2=0.0
0.0000e+00 7.3622e+02 4.0239e+01
3.0000e+01 7.2513e+02 3.3713e+01
6.0000e+01 7.1432e+02 3.9331e+01
9.0000e+01 6.9970e+02 4.5373e+01
1.2000e+02 6.9620e+02 3.2885e+01
1.5000e+02 7.2198e+02 5.1923e+01
1.8000e+02 7.3928e+02 2.4091e+01
2.1000e+02 7.3288e+02 3.3338e+01
2.4000e+02 7.2012e+02 2.2868e+01
2.7000e+02 7.3587e+02 4.6795e+01
3.0000e+02 7.1984e+02 4.5799e+01
3.3000e+02 7.4383e+02 2.3546e+01
/newplot
/plotname contrast2=0.5
0.0000e+00 7.2535e+02 2.8903e+01
3.0000e+01 7.2583e+02 3.3102e+01
6.0000e+01 7.4510e+02 2.0058e+01
9.0000e+01 7.3619e+02 2.5278e+01
1.2000e+02 7.1678e+02 1.5730e+01
1.5000e+02 6.9962e+02 3.3535e+01
1.8000e+02 7.3890e+02 2.6485e+01
2.1000e+02 7.2535e+02 2.9952e+01
2.4000e+02 7.4585e+02 4.3501e+01
2.7000e+02 7.2935e+02 5.1644e+01
3.0000e+02 7.0584e+02 1.2164e+01
3.3000e+02 7.2577e+02 1.8480e+01
/newplot
/plotname baseline
0.000000e+00 7.120788e+02
3.300000e+02 7.120788e+02
