/newplot
/plotname contrast2=0.0
0.0000e+00 6.6551e+02 4.5409e+01
3.0000e+01 6.5246e+02 4.0763e+01
6.0000e+01 6.4294e+02 7.0326e+01
9.0000e+01 6.2780e+02 3.9834e+01
1.2000e+02 6.7637e+02 3.7662e+01
1.5000e+02 6.5184e+02 8.1556e+01
1.8000e+02 6.6888e+02 7.0840e+01
2.1000e+02 6.6296e+02 5.6059e+01
2.4000e+02 6.6490e+02 5.9331e+01
2.7000e+02 6.6686e+02 4.3554e+01
3.0000e+02 6.4772e+02 4.3783e+01
3.3000e+02 7.3815e+02 5.6832e+01
/newplot
/plotname contrast2=0.5
0.0000e+00 6.4389e+02 5.7651e+01
3.0000e+01 6.5785e+02 5.8941e+01
6.0000e+01 6.9101e+02 4.7150e+01
9.0000e+01 6.7539e+02 4.8149e+01
1.2000e+02 6.8130e+02 6.7767e+01
1.5000e+02 6.4785e+02 7.2541e+01
1.8000e+02 6.5868e+02 3.6430e+01
2.1000e+02 6.4508e+02 3.8626e+01
2.4000e+02 6.8120e+02 2.7334e+01
2.7000e+02 6.8206e+02 7.7698e+01
3.0000e+02 6.4721e+02 3.4002e+01
3.3000e+02 6.6709e+02 2.5784e+01
/newplot
/plotname baseline
0.000000e+00 6.587880e+02
3.300000e+02 6.587880e+02
