/newplot
/plotname contrast2=0.0
0.0000e+00 6.9735e+02 1.9894e+01
3.0000e+01 6.9563e+02 1.8910e+01
6.0000e+01 7.3450e+02 2.6726e+01
9.0000e+01 7.0235e+02 2.0700e+01
1.2000e+02 6.8883e+02 2.5116e+01
1.5000e+02 6.8895e+02 3.1152e+01
1.8000e+02 6.9520e+02 2.8241e+01
2.1000e+02 7.1099e+02 2.1157e+01
2.4000e+02 7.2244e+02 1.7009e+01
2.7000e+02 7.1719e+02 1.5182e+01
3.0000e+02 6.8756e+02 3.1580e+01
3.3000e+02 6.9279e+02 1.0805e+01
/newplot
/plotname contrast2=0.5
0.0000e+00 7.0196e+02 3.8971e+01
3.0000e+01 6.9732e+02 1.8747e+01
6.0000e+01 7.1010e+02 1.1111e+01
9.0000e+01 6.9834e+02 1.2999e+01
1.2000e+02 7.0230e+02 2.2795e+01
1.5000e+02 7.0652e+02 2.4867e+01
1.8000e+02 7.1186e+02 1.6928e+01
2.1000e+02 7.1244e+02 1.6381e+01
2.4000e+02 7.0606e+02 1.6812e+01
2.7000e+02 6.9912e+02 2.7122e+01
3.0000e+02 7.0235e+02 7.6409e+00
3.3000e+02 6.9635e+02 2.7258e+01
/newplot
/plotname baseline
0.000000e+00 6.887606e+02
3.300000e+02 6.887606e+02
