/newplot
/plotname contrast2=0.0
0.0000e+00 9.9966e+02 8.6772e+01
3.0000e+01 1.0564e+03 6.7192e+01
6.0000e+01 9.5298e+02 9.2743e+01
9.0000e+01 1.0098e+03 7.1380e+01
1.2000e+02 1.0187e+03 1.0636e+02
1.5000e+02 1.0127e+03 1.0809e+02
1.8000e+02 1.0244e+03 1.2158e+02
2.1000e+02 1.0166e+03 9.8238e+01
2.4000e+02 1.0246e+03 7.9784e+01
2.7000e+02 1.0265e+03 9.3407e+01
3.0000e+02 1.0310e+03 7.2056e+01
3.3000e+02 1.0723e+03 9.7141e+01
/newplot
/plotname contrast2=0.5
0.0000e+00 1.0081e+03 4.2760e+01
3.0000e+01 1.0106e+03 1.0422e+02
6.0000e+01 1.0968e+03 8.8387e+01
9.0000e+01 1.0604e+03 6.4835e+01
1.2000e+02 1.0529e+03 9.4124e+01
1.5000e+02 9.9145e+02 1.2476e+02
1.8000e+02 1.0606e+03 8.6663e+01
2.1000e+02 9.6566e+02 7.0497e+01
2.4000e+02 1.0616e+03 7.0827e+01
2.7000e+02 1.0687e+03 9.8160e+01
3.0000e+02 9.8670e+02 6.5092e+01
3.3000e+02 9.5780e+02 6.5881e+01
/newplot
/plotname baseline
0.000000e+00 9.998185e+02
3.300000e+02 9.998185e+02
