/newplot
/plotname contrast2=0.0
0.0000e+00 6.9809e+02 2.1203e+01
3.0000e+01 6.9768e+02 1.6859e+01
6.0000e+01 6.9249e+02 9.5449e+00
9.0000e+01 6.9286e+02 2.7984e+01
1.2000e+02 7.0268e+02 1.6031e+01
1.5000e+02 6.9478e+02 2.2580e+01
1.8000e+02 7.0550e+02 1.9702e+01
2.1000e+02 7.0716e+02 2.5560e+01
2.4000e+02 7.1490e+02 1.8475e+01
2.7000e+02 7.1344e+02 2.9082e+01
3.0000e+02 7.0340e+02 2.4460e+01
3.3000e+02 6.8780e+02 1.2186e+01
/newplot
/plotname contrast2=0.5
0.0000e+00 6.8109e+02 2.7203e+01
3.0000e+01 6.8773e+02 2.8357e+01
6.0000e+01 6.9732e+02 9.0668e+00
9.0000e+01 7.0122e+02 2.2010e+01
1.2000e+02 7.0124e+02 1.7348e+01
1.5000e+02 6.9240e+02 2.7929e+01
1.8000e+02 7.0036e+02 1.2611e+01
2.1000e+02 7.0368e+02 2.5221e+01
2.4000e+02 6.9277e+02 7.3372e+00
2.7000e+02 7.1237e+02 2.2012e+01
3.0000e+02 6.9267e+02 8.4198e+00
3.3000e+02 7.1053e+02 2.4607e+01
/newplot
/plotname baseline
0.000000e+00 6.951000e+02
3.300000e+02 6.951000e+02
