/newplot
/plotname contrast2=0.0
0.0000e+00 6.5805e+02 4.3565e+01
3.0000e+01 6.7644e+02 2.1232e+01
6.0000e+01 6.6196e+02 5.0765e+01
9.0000e+01 6.6422e+02 2.1430e+01
1.2000e+02 6.8742e+02 1.7822e+01
1.5000e+02 6.6576e+02 5.1412e+01
1.8000e+02 6.7511e+02 6.6947e+01
2.1000e+02 6.6440e+02 2.8709e+01
2.4000e+02 6.8216e+02 4.8349e+01
2.7000e+02 6.8555e+02 2.1977e+01
3.0000e+02 6.8750e+02 5.4647e+01
3.3000e+02 7.0892e+02 3.0826e+01
/newplot
/plotname contrast2=0.5
0.0000e+00 6.6249e+02 1.7942e+01
3.0000e+01 6.7754e+02 4.6993e+01
6.0000e+01 6.9720e+02 3.4976e+01
9.0000e+01 6.9366e+02 5.0905e+01
1.2000e+02 6.5931e+02 3.2973e+01
1.5000e+02 6.8489e+02 3.7808e+01
1.8000e+02 6.9347e+02 2.7991e+01
2.1000e+02 6.4905e+02 3.6791e+01
2.4000e+02 6.8336e+02 4.6768e+01
2.7000e+02 6.8856e+02 4.4142e+01
3.0000e+02 6.7217e+02 2.6850e+01
3.3000e+02 6.3840e+02 3.3845e+01
/newplot
/plotname baseline
0.000000e+00 6.590102e+02
3.300000e+02 6.590102e+02
