/newplot
/plotname contrast2=0.0
0.0000e+00 4.4765e+02 2.7712e+01
3.0000e+01 4.4336e+02 1.9935e+01
6.0000e+01 4.6128e+02 1.7421e+01
9.0000e+01 4.4664e+02 1.7764e+01
1.2000e+02 4.4462e+02 2.1016e+01
1.5000e+02 4.4516e+02 1.6377e+01
1.8000e+02 4.5032e+02 1.8933e+01
2.1000e+02 4.6018e+02 1.5470e+01
2.4000e+02 4.7353e+02 1.6298e+01
2.7000e+02 4.7552e+02 2.2909e+01
3.0000e+02 4.4426e+02 1.8593e+01
3.3000e+02 4.5182e+02 1.9426e+01
/newplot
/plotname contrast2=0.5
0.0000e+00 4.3705e+02 2.3717e+01
3.0000e+01 4.5152e+02 1.0274e+01
6.0000e+01 4.4872e+02 2.2838e+01
9.0000e+01 4.5200e+02 1.6984e+01
1.2000e+02 4.5516e+02 2.6497e+01
1.5000e+02 4.4403e+02 2.3158e+01
1.8000e+02 4.5396e+02 2.3941e+01
2.1000e+02 4.5375e+02 9.7829e+00
2.4000e+02 4.7445e+02 2.3827e+01
2.7000e+02 4.5997e+02 1.8783e+01
3.0000e+02 4.5149e+02 1.6429e+01
3.3000e+02 4.5128e+02 2.0769e+01
/newplot
/plotname baseline
0.000000e+00 4.431122e+02
3.300000e+02 4.431122e+02
