/newplot
/plotname contrast2=0.0
0.0000e+00 6.8382e+02 1.3882e+01
3.0000e+01 6.6955e+02 1.6965e+01
6.0000e+01 6.9111e+02 2.5261e+01
9.0000e+01 6.8144e+02 1.7166e+01
1.2000e+02 6.7455e+02 2.8446e+01
1.5000e+02 6.8452e+02 3.6933e+01
1.8000e+02 6.8960e+02 1.0068e+01
2.1000e+02 6.7059e+02 1.1439e+01
2.4000e+02 6.8124e+02 1.4650e+01
2.7000e+02 6.8144e+02 1.4049e+01
3.0000e+02 6.6920e+02 2.2850e+01
3.3000e+02 6.7971e+02 2.6806e+01
/newplot
/plotname contrast2=0.5
0.0000e+00 6.7034e+02 2.0639e+01
3.0000e+01 6.7135e+02 2.8954e+01
6.0000e+01 6.6665e+02 1.5199e+01
9.0000e+01 6.6791e+02 1.9326e+01
1.2000e+02 6.7907e+02 1.6453e+01
1.5000e+02 6.8403e+02 2.2073e+01
1.8000e+02 6.8163e+02 2.8528e+01
2.1000e+02 6.8694e+02 2.1875e+01
2.4000e+02 6.6802e+02 2.3551e+01
2.7000e+02 6.7999e+02 1.5070e+01
3.0000e+02 6.6474e+02 2.1092e+01
3.3000e+02 6.7878e+02 2.8855e+01
/newplot
/plotname baseline
0.000000e+00 6.717453e+02
3.300000e+02 6.717453e+02
