/newplot
/plotname contrast2=0.0
0.0000e+00 7.8959e+02 1.8940e+01
3.0000e+01 7.7420e+02 2.4225e+01
6.0000e+01 7.8280e+02 2.0364e+01
9.0000e+01 7.6526e+02 2.2115e+01
1.2000e+02 7.8934e+02 2.4902e+01
1.5000e+02 7.7504e+02 2.0451e+01
1.8000e+02 8.2600e+02 2.8517e+01
2.1000e+02 7.8497e+02 1.1352e+01
2.4000e+02 7.9609e+02 2.6679e+01
2.7000e+02 7.8750e+02 2.5039e+01
3.0000e+02 7.7976e+02 2.5520e+01
3.3000e+02 8.0019e+02 2.5428e+01
/newplot
/plotname contrast2=0.5
0.0000e+00 7.8003e+02 1.1504e+01
3.0000e+01 7.7145e+02 1.2323e+01
6.0000e+01 7.9015e+02 2.8973e+01
9.0000e+01 8.0269e+02 3.4719e+01
1.2000e+02 7.8016e+02 3.1873e+01
1.5000e+02 7.9294e+02 2.1247e+01
1.8000e+02 8.1535e+02 2.3101e+01
2.1000e+02 7.9052e+02 2.7806e+01
2.4000e+02 7.8834e+02 1.6201e+01
2.7000e+02 7.8536e+02 2.7390e+01
3.0000e+02 7.7316e+02 2.7555e+01
3.3000e+02 7.8212e+02 2.1147e+01
/newplot
/plotname baseline
0.000000e+00 7.776501e+02
3.300000e+02 7.776501e+02
