/newplot
/plotname contrast2=0.0
0.0000e+00 5.9689e+02 1.2495e+01
3.0000e+01 5.9183e+02 1.8431e+01
6.0000e+01 5.9671e+02 3.2993e+01
9.0000e+01 5.8923e+02 1.0315e+01
1.2000e+02 5.9075e+02 1.9711e+01
1.5000e+02 5.8817e+02 3.9080e+01
1.8000e+02 6.3135e+02 3.6490e+01
2.1000e+02 6.1298e+02 2.1844e+01
2.4000e+02 5.9706e+02 2.3691e+01
2.7000e+02 5.7974e+02 1.4899e+01
3.0000e+02 5.8514e+02 3.1123e+01
3.3000e+02 5.8244e+02 5.7728e+00
/newplot
/plotname contrast2=0.5
0.0000e+00 5.9253e+02 2.8408e+01
3.0000e+01 5.8411e+02 2.4999e+01
6.0000e+01 5.7813e+02 1.2173e+01
9.0000e+01 5.9646e+02 1.2616e+01
1.2000e+02 6.0162e+02 9.8592e+00
1.5000e+02 5.9815e+02 2.7441e+01
1.8000e+02 6.1103e+02 2.2351e+01
2.1000e+02 6.0714e+02 1.0704e+01
2.4000e+02 5.8332e+02 1.5978e+01
2.7000e+02 5.9171e+02 1.4963e+01
3.0000e+02 5.9346e+02 1.2273e+01
3.3000e+02 6.0240e+02 1.9138e+01
/newplot
/plotname baseline
0.000000e+00 5.838931e+02
3.300000e+02 5.838931e+02
