/newplot
/plotname contrast2=0.0
0.0000e+00 8.8330e+02 3.7585e+01
3.0000e+01 8.6607e+02 3.4852e+01
6.0000e+01 8.7723e+02 4.5666e+01
9.0000e+01 8.6961e+02 2.2086e+01
1.2000e+02 8.7776e+02 2.2686e+01
1.5000e+02 8.5245e+02 2.5925e+01
1.8000e+02 9.0632e+02 3.2829e+01
2.1000e+02 8.6676e+02 3.8230e+01
2.4000e+02 8.6932e+02 1.9206e+01
2.7000e+02 8.6815e+02 1.8857e+01
3.0000e+02 8.6919e+02 2.7638e+01
3.3000e+02 9.1157e+02 3.0945e+01
/newplot
/plotname contrast2=0.5
0.0000e+00 8.6586e+02 2.5164e+01
3.0000e+01 8.7611e+02 3.0288e+01
6.0000e+01 8.9191e+02 3.4140e+01
9.0000e+01 8.7667e+02 1.8789e+01
1.2000e+02 8.6102e+02 1.9509e+01
1.5000e+02 8.9137e+02 2.4494e+01
1.8000e+02 8.9716e+02 2.3928e+01
2.1000e+02 8.5599e+02 2.6778e+01
2.4000e+02 9.1144e+02 4.3443e+01
2.7000e+02 8.9043e+02 3.1093e+01
3.0000e+02 8.7514e+02 3.7897e+01
3.3000e+02 8.8925e+02 2.5590e+01
/newplot
/plotname baseline
0.000000e+00 8.681568e+02
3.300000e+02 8.681568e+02
