/newplot
/plotname contrast2=0.0
0.0000e+00 4.0670e+02 1.1727e+01
3.0000e+01 3.9699e+02 1.1713e+01
6.0000e+01 4.0896e+02 1.3756e+01
9.0000e+01 3.9350e+02 2.2096e+01
1.2000e+02 4.0123e+02 1.4186e+01
1.5000e+02 4.1145e+02 6.4680e+00
1.8000e+02 4.0658e+02 1.7875e+01
2.1000e+02 4.0542e+02 1.7663e+01
2.4000e+02 3.9459e+02 6.7816e+00
2.7000e+02 3.9989e+02 1.3935e+01
3.0000e+02 4.1215e+02 1.1532e+01
3.3000e+02 4.1604e+02 1.5196e+01
/newplot
/plotname contrast2=0.5
0.0000e+00 4.0583e+02 1.2828e+01
3.0000e+01 4.0186e+02 3.4565e+00
6.0000e+01 4.0556e+02 1.2949e+01
9.0000e+01 4.1220e+02 1.0749e+01
1.2000e+02 3.9918e+02 1.4063e+01
1.5000e+02 4.0037e+02 8.3888e+00
1.8000e+02 4.0881e+02 1.0948e+01
2.1000e+02 4.0350e+02 1.6735e+01
2.4000e+02 4.1909e+02 1.8648e+01
2.7000e+02 4.0996e+02 1.3665e+01
3.0000e+02 4.0043e+02 1.2025e+01
3.3000e+02 4.0791e+02 1.3692e+01
/newplot
/plotname baseline
0.000000e+00 3.921887e+02
3.300000e+02 3.921887e+02
