/newplot
/plotname contrast2=0.0
0.0000e+00 8.9423e+02 4.8163e+01
3.0000e+01 8.6940e+02 3.9917e+01
6.0000e+01 8.8034e+02 5.3700e+01
9.0000e+01 8.9152e+02 3.2888e+01
1.2000e+02 8.7908e+02 3.3566e+01
1.5000e+02 8.8964e+02 4.4027e+01
1.8000e+02 8.9832e+02 4.4126e+01
2.1000e+02 8.8927e+02 2.2185e+01
2.4000e+02 8.9157e+02 3.6557e+01
2.7000e+02 9.0222e+02 3.7021e+01
3.0000e+02 8.9315e+02 3.6285e+01
3.3000e+02 9.4693e+02 3.2378e+01
/newplot
/plotname contrast2=0.5
0.0000e+00 9.0080e+02 4.9672e+01
3.0000e+01 8.7617e+02 6.1321e+01
6.0000e+01 8.8179e+02 6.1197e+01
9.0000e+01 8.7968e+02 2.6570e+01
1.2000e+02 8.7347e+02 5.3224e+01
1.5000e+02 8.9055e+02 3.6472e+01
1.8000e+02 8.9093e+02 2.1737e+01
2.1000e+02 9.0362e+02 2.4719e+01
2.4000e+02 9.2843e+02 5.6585e+01
2.7000e+02 8.8625e+02 4.5597e+01
3.0000e+02 8.9009e+02 2.7039e+01
3.3000e+02 9.2906e+02 4.6251e+01
/newplot
/plotname baseline
0.000000e+00 8.901204e+02
3.300000e+02 8.901204e+02
