/newplot
/plotname contrast2=0.0
0.0000e+00 1.0205e+03 5.9734e+01
3.0000e+01 1.0084e+03 5.2357e+01
6.0000e+01 1.0453e+03 4.4805e+01
9.0000e+01 1.0349e+03 5.6249e+01
1.2000e+02 1.0010e+03 6.4559e+01
1.5000e+02 1.0179e+03 8.4546e+01
1.8000e+02 1.0451e+03 5.4257e+01
2.1000e+02 1.0254e+03 3.6364e+01
2.4000e+02 1.0254e+03 4.9867e+01
2.7000e+02 1.0058e+03 4.1660e+01
3.0000e+02 9.9307e+02 5.4184e+01
3.3000e+02 9.9701e+02 5.2388e+01
/newplot
/plotname contrast2=0.5
0.0000e+00 1.0258e+03 6.1200e+01
3.0000e+01 9.8757e+02 6.1158e+01
6.0000e+01 9.7975e+02 5.2585e+01
9.0000e+01 9.6490e+02 3.7375e+01
1.2000e+02 1.0380e+03 5.0893e+01
1.5000e+02 1.0015e+03 7.4522e+01
1.8000e+02 1.0162e+03 4.7701e+01
2.1000e+02 1.0532e+03 4.4808e+01
2.4000e+02 9.9643e+02 4.2190e+01
2.7000e+02 1.0087e+03 4.7785e+01
3.0000e+02 1.0005e+03 3.7004e+01
3.3000e+02 1.0384e+03 4.0683e+01
/newplot
/plotname baseline
0.000000e+00 1.013829e+03
3.300000e+02 1.013829e+03
