/newplot
/plotname contrast2=0.0
0.0000e+00 5.1470e+02 1.1322e+01
3.0000e+01 4.9423e+02 9.4865e+00
6.0000e+01 4.9377e+02 2.7957e+01
9.0000e+01 4.7984e+02 1.5727e+01
1.2000e+02 4.9603e+02 2.6444e+01
1.5000e+02 4.9971e+02 5.1128e+00
1.8000e+02 5.0461e+02 1.2009e+01
2.1000e+02 5.1655e+02 1.1589e+01
2.4000e+02 5.0363e+02 1.6366e+01
2.7000e+02 5.0202e+02 1.6649e+01
3.0000e+02 4.8190e+02 1.5855e+01
3.3000e+02 4.9151e+02 1.1606e+01
/newplot
/plotname contrast2=0.5
0.0000e+00 4.9071e+02 4.6570e+00
3.0000e+01 4.9693e+02 1.5641e+01
6.0000e+01 5.0759e+02 1.5987e+01
9.0000e+01 5.0066e+02 2.4192e+01
1.2000e+02 4.9490e+02 2.6624e+01
1.5000e+02 4.9728e+02 1.5573e+01
1.8000e+02 5.1274e+02 9.9719e+00
2.1000e+02 5.0842e+02 2.9276e+01
2.4000e+02 5.0355e+02 1.4465e+01
2.7000e+02 4.9934e+02 3.3152e+01
3.0000e+02 4.8692e+02 2.5154e+01
3.3000e+02 4.8899e+02 1.6402e+01
/newplot
/plotname baseline
0.000000e+00 4.938883e+02
3.300000e+02 4.938883e+02
