/newplot
/plotname contrast2=0.0
0.0000e+00 3.8932e+02 9.5594e+00
3.0000e+01 3.8301e+02 5.8435e+00
6.0000e+01 3.8951e+02 1.5960e+01
9.0000e+01 3.7546e+02 6.5319e+00
1.2000e+02 3.8137e+02 6.1290e+00
1.5000e+02 3.7595e+02 1.4064e+01
1.8000e+02 4.0389e+02 1.7996e+01
2.1000e+02 4.0108e+02 1.2394e+01
2.4000e+02 3.8539e+02 5.4580e+00
2.7000e+02 3.8579e+02 8.9797e+00
3.0000e+02 3.7643e+02 6.7476e+00
3.3000e+02 3.8198e+02 1.6730e+01
/newplot
/plotname contrast2=0.5
0.0000e+00 3.8355e+02 1.6240e+01
3.0000e+01 3.8584e+02 1.0381e+01
6.0000e+01 3.8051e+02 8.5846e+00
9.0000e+01 3.8552e+02 9.5151e+00
1.2000e+02 3.8703e+02 7.4391e+00
1.5000e+02 3.8543e+02 7.8327e+00
1.8000e+02 3.9116e+02 8.9241e+00
2.1000e+02 3.9929e+02 1.0028e+01
2.4000e+02 3.9560e+02 1.6463e+01
2.7000e+02 3.9001e+02 6.5071e+00
3.0000e+02 3.8695e+02 1.0800e+01
3.3000e+02 3.8832e+02 1.3049e+01
/newplot
/plotname baseline
0.000000e+00 3.797768e+02
3.300000e+02 3.797768e+02
