/newplot
/plotname contrast2=0.0
0.0000e+00 5.1130e+02 1.2243e+01
3.0000e+01 5.1581e+02 1.6420e+01
6.0000e+01 5.2367e+02 2.5469e+01
9.0000e+01 5.1945e+02 1.9720e+01
1.2000e+02 5.0439e+02 7.9819e+00
1.5000e+02 5.2002e+02 1.9321e+01
1.8000e+02 5.1290e+02 1.5642e+01
2.1000e+02 5.1395e+02 2.3995e+01
2.4000e+02 5.1218e+02 1.5360e+01
2.7000e+02 4.9888e+02 7.1687e+00
3.0000e+02 5.0501e+02 1.3110e+01
3.3000e+02 5.1505e+02 1.2748e+01
/newplot
/plotname contrast2=0.5
0.0000e+00 5.2177e+02 2.8570e+01
3.0000e+01 5.0622e+02 2.0096e+01
6.0000e+01 5.1350e+02 2.5278e+01
9.0000e+01 5.0494e+02 6.6032e+00
1.2000e+02 5.1902e+02 2.2788e+01
1.5000e+02 5.1018e+02 1.5257e+01
1.8000e+02 5.1488e+02 1.7491e+01
2.1000e+02 5.3021e+02 2.1520e+01
2.4000e+02 5.1997e+02 1.6212e+01
2.7000e+02 5.0992e+02 1.6431e+01
3.0000e+02 5.1362e+02 1.8068e+01
3.3000e+02 5.0597e+02 1.8785e+01
/newplot
/plotname baseline
0.000000e+00 5.112731e+02
3.300000e+02 5.112731e+02
