/newplot
/plotname contrast2=0.0
0.0000e+00 6.3006e+02 2.6821e+01
3.0000e+01 6.3010e+02 1.4503e+01
6.0000e+01 6.3893e+02 2.3781e+01
9.0000e+01 6.4162e+02 1.8717e+01
1.2000e+02 6.6100e+02 3.8896e+01
1.5000e+02 6.2101e+02 2.9150e+01
1.8000e+02 6.3504e+02 1.3739e+01
2.1000e+02 6.3931e+02 2.1501e+01
2.4000e+02 6.5749e+02 2.2010e+01
2.7000e+02 6.7791e+02 2.5943e+01
3.0000e+02 6.4368e+02 3.2614e+01
3.3000e+02 6.4468e+02 1.7571e+01
/newplot
/plotname contrast2=0.5
0.0000e+00 6.3854e+02 2.6082e+01
3.0000e+01 6.4897e+02 2.3185e+01
6.0000e+01 6.6099e+02 2.7707e+01
9.0000e+01 6.4918e+02 2.0705e+01
1.2000e+02 6.5538e+02 3.6914e+01
1.5000e+02 6.3655e+02 2.1535e+01
1.8000e+02 6.4515e+02 1.1673e+01
2.1000e+02 6.6145e+02 1.4756e+01
2.4000e+02 6.7570e+02 1.4804e+01
2.7000e+02 6.5550e+02 2.4033e+01
3.0000e+02 6.5470e+02 2.9963e+01
3.3000e+02 6.3366e+02 1.4784e+01
/newplot
/plotname baseline
0.000000e+00 6.265031e+02
3.300000e+02 6.265031e+02
