/newplot
/plotname contrast2=0.0
0.0000e+00 6.2715e+02 1.8456e+01
3.0000e+01 5.9674e+02 1.6785e+01
6.0000e+01 6.2024e+02 1.9199e+01
9.0000e+01 6.0858e+02 2.0912e+01
1.2000e+02 5.9330e+02 1.9333e+01
1.5000e+02 5.9622e+02 4.1971e+01
1.8000e+02 5.9691e+02 3.6174e+01
2.1000e+02 6.1153e+02 1.7795e+01
2.4000e+02 6.0614e+02 2.0076e+01
2.7000e+02 6.0979e+02 1.2979e+01
3.0000e+02 5.8371e+02 2.7804e+01
3.3000e+02 5.9861e+02 1.1400e+01
/newplot
/plotname contrast2=0.5
0.0000e+00 5.9800e+02 2.1137e+01
3.0000e+01 5.9617e+02 2.1381e+01
6.0000e+01 6.0863e+02 2.2996e+01
9.0000e+01 6.0372e+02 1.3967e+01
1.2000e+02 6.0375e+02 2.1477e+01
1.5000e+02 6.1344e+02 4.0800e+01
1.8000e+02 6.1919e+02 2.5565e+01
2.1000e+02 6.1801e+02 1.0441e+01
2.4000e+02 6.1188e+02 2.1349e+01
2.7000e+02 6.0364e+02 3.7254e+01
3.0000e+02 5.9778e+02 1.4187e+01
3.3000e+02 6.0902e+02 1.9123e+01
/newplot
/plotname baseline
0.000000e+00 6.001745e+02
3.300000e+02 6.001745e+02
