/newplot
/plotname contrast2=0.0
0.0000e+00 8.5120e+02 6.2058e+01
3.0000e+01 8.3953e+02 1.8974e+01
6.0000e+01 8.1952e+02 3.3560e+01
9.0000e+01 8.3939e+02 2.6912e+01
1.2000e+02 8.1948e+02 5.3874e+01
1.5000e+02 8.0519e+02 3.5224e+01
1.8000e+02 8.3838e+02 3.0679e+01
2.1000e+02 8.2722e+02 6.4922e+01
2.4000e+02 8.3063e+02 1.2403e+01
2.7000e+02 8.3934e+02 5.6639e+01
3.0000e+02 8.1150e+02 7.3997e+01
3.3000e+02 8.4928e+02 5.2466e+01
/newplot
/plotname contrast2=0.5
0.0000e+00 7.9501e+02 7.0484e+01
3.0000e+01 8.1885e+02 4.4223e+01
6.0000e+01 7.9894e+02 3.8232e+01
9.0000e+01 8.3940e+02 1.7733e+01
1.2000e+02 7.8153e+02 4.2447e+01
1.5000e+02 8.1510e+02 5.5673e+01
1.8000e+02 8.1329e+02 4.7134e+01
2.1000e+02 8.3645e+02 5.5892e+01
2.4000e+02 8.4103e+02 6.6450e+01
2.7000e+02 8.2639e+02 5.1015e+01
3.0000e+02 8.0997e+02 2.7286e+01
3.3000e+02 8.2524e+02 3.2000e+01
/newplot
/plotname baseline
0.000000e+00 8.148592e+02
3.300000e+02 8.148592e+02
