/newplot
/plotname contrast2=0.0
0.0000e+00 9.3407e+02 2.8714e+01
3.0000e+01 9.1526e+02 3.9884e+01
6.0000e+01 9.0344e+02 3.8478e+01
9.0000e+01 8.9726e+02 2.6748e+01
1.2000e+02 9.0485e+02 3.2442e+01
1.5000e+02 8.9911e+02 2.8967e+01
1.8000e+02 9.5806e+02 2.8337e+01
2.1000e+02 9.4691e+02 5.1831e+01
2.4000e+02 9.4010e+02 3.5829e+01
2.7000e+02 9.1273e+02 3.3328e+01
3.0000e+02 9.0768e+02 3.3337e+01
3.3000e+02 9.3038e+02 2.5866e+01
/newplot
/plotname contrast2=0.5
0.0000e+00 9.1197e+02 3.5533e+01
3.0000e+01 9.0647e+02 3.1976e+01
6.0000e+01 9.3415e+02 2.9826e+01
9.0000e+01 9.3866e+02 3.0988e+01
1.2000e+02 9.0705e+02 4.7385e+01
1.5000e+02 8.9671e+02 3.8082e+01
1.8000e+02 9.5327e+02 2.6374e+01
2.1000e+02 9.2247e+02 2.7147e+01
2.4000e+02 9.3828e+02 2.0005e+01
2.7000e+02 9.3151e+02 4.0564e+01
3.0000e+02 9.0001e+02 2.7060e+01
3.3000e+02 8.9589e+02 2.2989e+01
/newplot
/plotname baseline
0.000000e+00 9.058765e+02
3.300000e+02 9.058765e+02
