/newplot
/plotname contrast2=0.0
0.0000e+00 4.8921e+02 1.5240e+01
3.0000e+01 4.7411e+02 1.2598e+01
6.0000e+01 4.8634e+02 1.6437e+01
9.0000e+01 4.7200e+02 7.5338e+00
1.2000e+02 4.7304e+02 1.2077e+01
1.5000e+02 4.7563e+02 2.5355e+01
1.8000e+02 5.0192e+02 1.7790e+01
2.1000e+02 5.1624e+02 1.0897e+01
2.4000e+02 4.8434e+02 1.3791e+01
2.7000e+02 4.7367e+02 1.4638e+01
3.0000e+02 4.7296e+02 1.6707e+01
3.3000e+02 4.8255e+02 1.2828e+01
/newplot
/plotname contrast2=0.5
0.0000e+00 4.9321e+02 2.7337e+01
3.0000e+01 4.8243e+02 1.1616e+01
6.0000e+01 4.8014e+02 1.5816e+01
9.0000e+01 4.8012e+02 9.6866e+00
1.2000e+02 4.9370e+02 6.9399e+00
1.5000e+02 4.8322e+02 1.3315e+01
1.8000e+02 4.8286e+02 7.1368e+00
2.1000e+02 4.9996e+02 1.1075e+01
2.4000e+02 4.9141e+02 1.7455e+01
2.7000e+02 4.9461e+02 5.0302e+00
3.0000e+02 4.8848e+02 1.4120e+01
3.3000e+02 4.9096e+02 1.6874e+01
/newplot
/plotname baseline
0.000000e+00 4.749074e+02
3.300000e+02 4.749074e+02
