/newplot
/plotname contrast2=0.0
0.0000e+00 1.2994e+03 8.3998e+01
3.0000e+01 1.2828e+03 6.0189e+01
6.0000e+01 1.3183e+03 8.9322e+01
9.0000e+01 1.2749e+03 4.3787e+01
1.2000e+02 1.2756e+03 7.8862e+01
1.5000e+02 1.2954e+03 1.1768e+02
1.8000e+02 1.3113e+03 9.0427e+01
2.1000e+02 1.2948e+03 4.0226e+01
2.4000e+02 1.2845e+03 6.8612e+01
2.7000e+02 1.2708e+03 5.2618e+01
3.0000e+02 1.2720e+03 6.3201e+01
3.3000e+02 1.2571e+03 1.8253e+01
/newplot
/plotname contrast2=0.5
0.0000e+00 1.2884e+03 1.0962e+02
3.0000e+01 1.3025e+03 7.5281e+01
6.0000e+01 1.2652e+03 5.1503e+01
9.0000e+01 1.2400e+03 4.3920e+01
1.2000e+02 1.3172e+03 8.8377e+01
1.5000e+02 1.3106e+03 1.0881e+02
1.8000e+02 1.3178e+03 7.4738e+01
2.1000e+02 1.3336e+03 6.1874e+01
2.4000e+02 1.2556e+03 5.2647e+01
2.7000e+02 1.2852e+03 5.4841e+01
3.0000e+02 1.3030e+03 6.3450e+01
3.3000e+02 1.3257e+03 6.2717e+01
/newplot
/plotname baseline
0.000000e+00 1.276602e+03
3.300000e+02 1.276602e+03
