/newplot
/plotname contrast2=0.0
0.0000e+00 4.3092e+02 1.0754e+01
3.0000e+01 4.2698e+02 1.1641e+01
6.0000e+01 4.2884e+02 9.6330e+00
9.0000e+01 4.2475e+02 7.9099e+00
1.2000e+02 4.3076e+02 5.8087e+00
1.5000e+02 4.3410e+02 2.3005e+01
1.8000e+02 4.3322e+02 1.0605e+01
2.1000e+02 4.2345e+02 1.1535e+01
2.4000e+02 4.3000e+02 1.4633e+01
2.7000e+02 4.2387e+02 9.1761e+00
3.0000e+02 4.4352e+02 1.4762e+01
3.3000e+02 4.4847e+02 1.4136e+01
/newplot
/plotname contrast2=0.5
0.0000e+00 4.2437e+02 1.2893e+01
3.0000e+01 4.2962e+02 1.8753e+01
6.0000e+01 4.3532e+02 1.0408e+01
9.0000e+01 4.2871e+02 9.5912e+00
1.2000e+02 4.3540e+02 1.2614e+01
1.5000e+02 4.2413e+02 8.2720e+00
1.8000e+02 4.4005e+02 1.5288e+01
2.1000e+02 4.3621e+02 1.2049e+01
2.4000e+02 4.4146e+02 8.7737e+00
2.7000e+02 4.3162e+02 1.3973e+01
3.0000e+02 4.2588e+02 1.2934e+01
3.3000e+02 4.3813e+02 1.8480e+01
/newplot
/plotname baseline
0.000000e+00 4.228337e+02
3.300000e+02 4.228337e+02
