/newplot
/plotname contrast2=0.0
0.0000e+00 6.3590e+02 2.2210e+01
3.0000e+01 6.1404e+02 1.0347e+01
6.0000e+01 6.2747e+02 1.2053e+01
9.0000e+01 6.2104e+02 1.1979e+01
1.2000e+02 6.2960e+02 1.5985e+01
1.5000e+02 6.3381e+02 1.7891e+01
1.8000e+02 6.3009e+02 1.9855e+01
2.1000e+02 6.2106e+02 1.9714e+01
2.4000e+02 6.1890e+02 1.6291e+01
2.7000e+02 6.3134e+02 9.1736e+00
3.0000e+02 6.4469e+02 1.6531e+01
3.3000e+02 6.4126e+02 1.8294e+01
/newplot
/plotname contrast2=0.5
0.0000e+00 6.2448e+02 6.0937e+00
3.0000e+01 6.2408e+02 1.5104e+01
6.0000e+01 6.3716e+02 8.5407e+00
9.0000e+01 6.3115e+02 9.6883e+00
1.2000e+02 6.3365e+02 2.1024e+01
1.5000e+02 6.2956e+02 1.1559e+01
1.8000e+02 6.3249e+02 1.3402e+01
2.1000e+02 6.2975e+02 7.9940e+00
2.4000e+02 6.5434e+02 1.3825e+01
2.7000e+02 6.3990e+02 1.3895e+01
3.0000e+02 6.4351e+02 1.8241e+01
3.3000e+02 6.3879e+02 2.7493e+01
/newplot
/plotname baseline
0.000000e+00 6.221218e+02
3.300000e+02 6.221218e+02
