/newplot
/plotname contrast2=0.0
0.0000e+00 1.3677e+03 7.6817e+01
3.0000e+01 1.3404e+03 6.5268e+01
6.0000e+01 1.4097e+03 1.1873e+02
9.0000e+01 1.3752e+03 6.6417e+01
1.2000e+02 1.3535e+03 9.7967e+01
1.5000e+02 1.3993e+03 1.3465e+02
1.8000e+02 1.3899e+03 1.0187e+02
2.1000e+02 1.3306e+03 3.7074e+01
2.4000e+02 1.3507e+03 7.9921e+01
2.7000e+02 1.3415e+03 5.3900e+01
3.0000e+02 1.3619e+03 7.8412e+01
3.3000e+02 1.3446e+03 5.3789e+01
/newplot
/plotname contrast2=0.5
0.0000e+00 1.3748e+03 1.1833e+02
3.0000e+01 1.3905e+03 8.3516e+01
6.0000e+01 1.3156e+03 5.1613e+01
9.0000e+01 1.3230e+03 7.5276e+01
1.2000e+02 1.3787e+03 8.0876e+01
1.5000e+02 1.3998e+03 1.6969e+02
1.8000e+02 1.3303e+03 3.3819e+01
2.1000e+02 1.4093e+03 6.5059e+01
2.4000e+02 1.3216e+03 5.7050e+01
2.7000e+02 1.3553e+03 6.7087e+01
3.0000e+02 1.3985e+03 1.0192e+02
3.3000e+02 1.3974e+03 7.8598e+01
/newplot
/plotname baseline
0.000000e+00 1.371862e+03
3.300000e+02 1.371862e+03
