/newplot
/plotname contrast2=0.0
0.0000e+00 5.4831e+02 3.1003e+01
3.0000e+01 5.3540e+02 1.8117e+01
6.0000e+01 5.4729e+02 2.4196e+01
9.0000e+01 5.5017e+02 1.6560e+01
1.2000e+02 5.4642e+02 2.7010e+01
1.5000e+02 5.5331e+02 2.4478e+01
1.8000e+02 5.4789e+02 3.8703e+01
2.1000e+02 5.4869e+02 3.3194e+01
2.4000e+02 5.5688e+02 1.4542e+01
2.7000e+02 5.5106e+02 1.3752e+01
3.0000e+02 5.4878e+02 2.3268e+01
3.3000e+02 5.5205e+02 2.1805e+01
/newplot
/plotname contrast2=0.5
0.0000e+00 5.4878e+02 3.0933e+01
3.0000e+01 5.2678e+02 1.6314e+01
6.0000e+01 5.5094e+02 2.2798e+01
9.0000e+01 5.6433e+02 2.5636e+01
1.2000e+02 5.5389e+02 2.6572e+01
1.5000e+02 5.4933e+02 2.5130e+01
1.8000e+02 5.7357e+02 1.2842e+01
2.1000e+02 5.6131e+02 1.4136e+01
2.4000e+02 5.6257e+02 1.5152e+01
2.7000e+02 5.6039e+02 1.9845e+01
3.0000e+02 5.4176e+02 2.5934e+01
3.3000e+02 5.4210e+02 1.8555e+01
/newplot
/plotname baseline
0.000000e+00 5.406481e+02
3.300000e+02 5.406481e+02
