/newplot
/plotname contrast2=0.0
0.0000e+00 4.2549e+02 1.0915e+01
3.0000e+01 4.1019e+02 1.7888e+01
6.0000e+01 4.0268e+02 1.5798e+01
9.0000e+01 4.0191e+02 1.1854e+01
1.2000e+02 4.0639e+02 1.2347e+01
1.5000e+02 3.9784e+02 7.7750e+00
1.8000e+02 4.3309e+02 1.1908e+01
2.1000e+02 4.3794e+02 9.4460e+00
2.4000e+02 4.0956e+02 7.2720e+00
2.7000e+02 4.0509e+02 1.0389e+01
3.0000e+02 3.9533e+02 1.6812e+01
3.3000e+02 4.1303e+02 7.7468e+00
/newplot
/plotname contrast2=0.5
0.0000e+00 4.0770e+02 1.0794e+01
3.0000e+01 4.1510e+02 1.8071e+01
6.0000e+01 4.1365e+02 9.0958e+00
9.0000e+01 4.1841e+02 1.1518e+01
1.2000e+02 4.2171e+02 1.3153e+01
1.5000e+02 4.0362e+02 1.3670e+01
1.8000e+02 4.1828e+02 7.2920e+00
2.1000e+02 4.1859e+02 1.4374e+01
2.4000e+02 4.1294e+02 1.0360e+01
2.7000e+02 4.1847e+02 1.1935e+01
3.0000e+02 4.1220e+02 1.3989e+01
3.3000e+02 4.1190e+02 1.0433e+01
/newplot
/plotname baseline
0.000000e+00 4.042227e+02
3.300000e+02 4.042227e+02
