/newplot
/plotname contrast2=0.0
0.0000e+00 6.5451e+02 2.7935e+01
3.0000e+01 6.2717e+02 4.3262e+01
6.0000e+01 6.4249e+02 2.2047e+01
9.0000e+01 6.2019e+02 3.1667e+01
1.2000e+02 6.4252e+02 1.6046e+01
1.5000e+02 6.3404e+02 2.6339e+01
1.8000e+02 6.4591e+02 3.1297e+01
2.1000e+02 6.6031e+02 2.7111e+01
2.4000e+02 6.4980e+02 3.6888e+01
2.7000e+02 6.4094e+02 3.4791e+01
3.0000e+02 6.4888e+02 2.7638e+01
3.3000e+02 6.6051e+02 2.0312e+01
/newplot
/plotname contrast2=0.5
0.0000e+00 6.2277e+02 2.4514e+01
3.0000e+01 6.3192e+02 4.3850e+01
6.0000e+01 6.6333e+02 3.1532e+01
9.0000e+01 6.4577e+02 2.7820e+01
1.2000e+02 6.4186e+02 3.6572e+01
1.5000e+02 6.4011e+02 1.4599e+01
1.8000e+02 6.5587e+02 1.7833e+01
2.1000e+02 6.6691e+02 1.3323e+01
2.4000e+02 6.5789e+02 2.8195e+01
2.7000e+02 6.4938e+02 1.6991e+01
3.0000e+02 6.4567e+02 3.0556e+01
3.3000e+02 6.5711e+02 3.1025e+01
/newplot
/plotname baseline
0.000000e+00 6.262923e+02
3.300000e+02 6.262923e+02
