/newplot
/plotname contrast2=0.0
0.0000e+00 5.9142e+02 1.5822e+01
3.0000e+01 5.7373e+02 2.2291e+01
6.0000e+01 5.8474e+02 2.0335e+01
9.0000e+01 5.8138e+02 2.5635e+01
1.2000e+02 5.8993e+02 2.6016e+01
1.5000e+02 6.1671e+02 2.7653e+01
1.8000e+02 5.9332e+02 1.0330e+01
2.1000e+02 5.9483e+02 1.9087e+01
2.4000e+02 5.9009e+02 2.2059e+01
2.7000e+02 5.8187e+02 1.2466e+01
3.0000e+02 5.9505e+02 1.8975e+01
3.3000e+02 6.3592e+02 2.4054e+01
/newplot
/plotname contrast2=0.5
0.0000e+00 5.8090e+02 3.1753e+01
3.0000e+01 5.9185e+02 3.3684e+01
6.0000e+01 5.9791e+02 1.4920e+01
9.0000e+01 5.8570e+02 2.3679e+01
1.2000e+02 5.7906e+02 2.0483e+01
1.5000e+02 6.1328e+02 1.8928e+01
1.8000e+02 5.9552e+02 2.7658e+01
2.1000e+02 5.9957e+02 1.3835e+01
2.4000e+02 6.1135e+02 2.5059e+01
2.7000e+02 5.9968e+02 2.0363e+01
3.0000e+02 5.9874e+02 1.5365e+01
3.3000e+02 6.0785e+02 1.9346e+01
/newplot
/plotname baseline
0.000000e+00 5.876842e+02
3.300000e+02 5.876842e+02
