/newplot
/plotname contrast2=0.0
0.0000e+00 7.8295e+02 3.8313e+01
3.0000e+01 7.5579e+02 2.0143e+01
6.0000e+01 7.6183e+02 2.3191e+01
9.0000e+01 7.6074e+02 2.7729e+01
1.2000e+02 7.5494e+02 3.5431e+01
1.5000e+02 8.0569e+02 3.9928e+01
1.8000e+02 8.5452e+02 2.5390e+01
2.1000e+02 7.6479e+02 1.2985e+01
2.4000e+02 7.6030e+02 1.9751e+01
2.7000e+02 7.6659e+02 2.7884e+01
3.0000e+02 7.6731e+02 2.6789e+01
3.3000e+02 7.7547e+02 2.3841e+01
/newplot
/plotname contrast2=0.5
0.0000e+00 7.5987e+02 2.1222e+01
3.0000e+01 7.5901e+02 3.7087e+01
6.0000e+01 7.8617e+02 2.4691e+01
9.0000e+01 8.1686e+02 4.5197e+01
1.2000e+02 7.4761e+02 2.6161e+01
1.5000e+02 7.8003e+02 3.0121e+01
1.8000e+02 8.0596e+02 2.5053e+01
2.1000e+02 7.7162e+02 1.9090e+01
2.4000e+02 7.7931e+02 3.7524e+01
2.7000e+02 7.6031e+02 2.2794e+01
3.0000e+02 7.6065e+02 1.5279e+01
3.3000e+02 7.6931e+02 3.3404e+01
/newplot
/plotname baseline
0.000000e+00 7.533909e+02
3.300000e+02 7.533909e+02
