/newplot
/plotname contrast2=0.0
0.0000e+00 4.8055e+02 1.6604e+01
3.0000e+01 4.7643e+02 2.3539e+01
6.0000e+01 4.6942e+02 8.6366e+00
9.0000e+01 4.6731e+02 2.0176e+01
1.2000e+02 4.8231e+02 1.4791e+01
1.5000e+02 4.8873e+02 1.2986e+01
1.8000e+02 4.7813e+02 2.2138e+01
2.1000e+02 4.7381e+02 1.1766e+01
2.4000e+02 4.7424e+02 1.1264e+01
2.7000e+02 4.7880e+02 7.5195e+00
3.0000e+02 4.7516e+02 1.8479e+01
3.3000e+02 4.9550e+02 1.0247e+01
/newplot
/plotname contrast2=0.5
0.0000e+00 4.7086e+02 2.4649e+01
3.0000e+01 4.7866e+02 1.6464e+01
6.0000e+01 4.7926e+02 1.4693e+01
9.0000e+01 4.7642e+02 1.8064e+01
1.2000e+02 4.8178e+02 1.8628e+01
1.5000e+02 4.6994e+02 2.0727e+01
1.8000e+02 4.7657e+02 7.8082e+00
2.1000e+02 4.9046e+02 1.6371e+01
2.4000e+02 4.8362e+02 9.9152e+00
2.7000e+02 4.7665e+02 1.0524e+01
3.0000e+02 4.7743e+02 2.1309e+01
3.3000e+02 4.9312e+02 2.0182e+01
/newplot
/plotname baseline
0.000000e+00 4.674205e+02
3.300000e+02 4.674205e+02
