/newplot
/plotname contrast2=0.0
0.0000e+00 8.5727e+02 3.4827e+01
3.0000e+01 8.2294e+02 2.0833e+01
6.0000e+01 8.1961e+02 3.2544e+01
9.0000e+01 8.0972e+02 2.9567e+01
1.2000e+02 8.2974e+02 2.4260e+01
1.5000e+02 8.2401e+02 3.5195e+01
1.8000e+02 8.5541e+02 1.2287e+01
2.1000e+02 8.2983e+02 1.3631e+01
2.4000e+02 8.2080e+02 2.8422e+01
2.7000e+02 8.3217e+02 1.7134e+01
3.0000e+02 8.1679e+02 3.2398e+01
3.3000e+02 8.7026e+02 2.3367e+01
/newplot
/plotname contrast2=0.5
0.0000e+00 8.2836e+02 3.0827e+01
3.0000e+01 8.2957e+02 9.5792e+00
6.0000e+01 8.3165e+02 2.9616e+01
9.0000e+01 8.3145e+02 1.5231e+01
1.2000e+02 8.3208e+02 2.1399e+01
1.5000e+02 8.2582e+02 9.6834e+00
1.8000e+02 8.4043e+02 1.9134e+01
2.1000e+02 8.2838e+02 2.2160e+01
2.4000e+02 8.4151e+02 2.2855e+01
2.7000e+02 8.5200e+02 3.1858e+01
3.0000e+02 8.4628e+02 1.8751e+01
3.3000e+02 8.5267e+02 1.3729e+01
/newplot
/plotname baseline
0.000000e+00 8.130071e+02
3.300000e+02 8.130071e+02
