/newplot
/plotname contrast2=0.0
0.0000e+00 8.1018e+02 1.8984e+01
3.0000e+01 8.1049e+02 1.8800e+01
6.0000e+01 8.1515e+02 2.1768e+01
9.0000e+01 8.1052e+02 1.6655e+01
1.2000e+02 8.0982e+02 2.4885e+01
1.5000e+02 8.1894e+02 2.8482e+01
1.8000e+02 8.1690e+02 3.2857e+01
2.1000e+02 8.0836e+02 1.6686e+01
2.4000e+02 8.0446e+02 1.2052e+01
2.7000e+02 8.0286e+02 1.5361e+01
3.0000e+02 8.1807e+02 2.8802e+01
3.3000e+02 8.3608e+02 1.6345e+01
/newplot
/plotname contrast2=0.5
0.0000e+00 7.9867e+02 2.9084e+01
3.0000e+01 8.2097e+02 2.1601e+01
6.0000e+01 8.0579e+02 2.0433e+01
9.0000e+01 8.0923e+02 1.5021e+01
1.2000e+02 8.0550e+02 2.3083e+01
1.5000e+02 8.1669e+02 2.6885e+01
1.8000e+02 7.9779e+02 2.3850e+01
2.1000e+02 8.3752e+02 2.7667e+01
2.4000e+02 8.1973e+02 1.0961e+01
2.7000e+02 8.1072e+02 1.5009e+01
3.0000e+02 8.1565e+02 2.8766e+01
3.3000e+02 8.2244e+02 3.3169e+01
/newplot
/plotname baseline
0.000000e+00 8.005887e+02
3.300000e+02 8.005887e+02
