/newplot
/plotname contrast2=0.0
0.0000e+00 4.6756e+02 6.8769e+00
3.0000e+01 4.6615e+02 7.8462e+00
6.0000e+01 4.6953e+02 1.3448e+01
9.0000e+01 4.6055e+02 1.1783e+01
1.2000e+02 4.6755e+02 1.6447e+01
1.5000e+02 4.7460e+02 1.0486e+01
1.8000e+02 4.8095e+02 1.1813e+01
2.1000e+02 4.6932e+02 6.0397e+00
2.4000e+02 4.6299e+02 1.1532e+01
2.7000e+02 4.6870e+02 7.2488e+00
3.0000e+02 4.7572e+02 1.0435e+01
3.3000e+02 5.2158e+02 1.2677e+01
/newplot
/plotname contrast2=0.5
0.0000e+00 4.7267e+02 1.0221e+01
3.0000e+01 4.6628e+02 7.6021e+00
6.0000e+01 4.8220e+02 6.5590e+00
9.0000e+01 4.7542e+02 7.3364e+00
1.2000e+02 4.7754e+02 7.2803e+00
1.5000e+02 4.7291e+02 1.7434e+01
1.8000e+02 4.8155e+02 1.2147e+01
2.1000e+02 4.7762e+02 8.1325e+00
2.4000e+02 4.8769e+02 1.4055e+01
2.7000e+02 4.7714e+02 1.2096e+01
3.0000e+02 4.7551e+02 1.4402e+01
3.3000e+02 4.9450e+02 1.6057e+01
/newplot
/plotname baseline
0.000000e+00 4.667018e+02
3.300000e+02 4.667018e+02
