/newplot
/plotname contrast2=0.0
0.0000e+00 3.1354e+02 2.4607e+01
3.0000e+01 3.1774e+02 2.5935e+01
6.0000e+01 3.0812e+02 1.1892e+01
9.0000e+01 3.1567e+02 1.1112e+01
1.2000e+02 3.1911e+02 1.5312e+01
1.5000e+02 3.0275e+02 7.4430e+00
1.8000e+02 3.1765e+02 1.2170e+01
2.1000e+02 3.2886e+02 2.7913e+01
2.4000e+02 3.5055e+02 2.4875e+01
2.7000e+02 3.7242e+02 1.9292e+01
3.0000e+02 3.3415e+02 1.5942e+01
3.3000e+02 3.2928e+02 2.7718e+01
/newplot
/plotname contrast2=0.5
0.0000e+00 3.1836e+02 1.2212e+01
3.0000e+01 3.0832e+02 8.7963e+00
6.0000e+01 3.3424e+02 1.9476e+01
9.0000e+01 3.2517e+02 7.3980e+00
1.2000e+02 3.1593e+02 2.2032e+01
1.5000e+02 3.1942e+02 1.0098e+01
1.8000e+02 3.4049e+02 1.4492e+01
2.1000e+02 3.1784e+02 1.2065e+01
2.4000e+02 3.2755e+02 1.1491e+01
2.7000e+02 3.2846e+02 1.6642e+01
3.0000e+02 3.2607e+02 2.2042e+01
3.3000e+02 3.3671e+02 3.1788e+01
/newplot
/plotname baseline
0.000000e+00 3.140092e+02
3.300000e+02 3.140092e+02
