/newplot
/plotname contrast2=0.0
0.0000e+00 1.2671e+03 5.7156e+01
3.0000e+01 1.2904e+03 4.3391e+01
6.0000e+01 1.3179e+03 5.4998e+01
9.0000e+01 1.2713e+03 3.7511e+01
1.2000e+02 1.2959e+03 4.4593e+01
1.5000e+02 1.2534e+03 2.4437e+01
1.8000e+02 1.2566e+03 2.7003e+01
2.1000e+02 1.2979e+03 4.4557e+01
2.4000e+02 1.3214e+03 2.6072e+01
2.7000e+02 1.2693e+03 4.3080e+01
3.0000e+02 1.2758e+03 4.5429e+01
3.3000e+02 1.2481e+03 7.5182e+01
/newplot
/plotname contrast2=0.5
0.0000e+00 1.2614e+03 3.6465e+01
3.0000e+01 1.3532e+03 3.0561e+01
6.0000e+01 1.2754e+03 6.3804e+01
9.0000e+01 1.2940e+03 5.1806e+01
1.2000e+02 1.3059e+03 5.7138e+01
1.5000e+02 1.3062e+03 1.9312e+01
1.8000e+02 1.2756e+03 4.3465e+01
2.1000e+02 1.3275e+03 5.0408e+01
2.4000e+02 1.2912e+03 3.5745e+01
2.7000e+02 1.3109e+03 5.1381e+01
3.0000e+02 1.2896e+03 2.8554e+01
3.3000e+02 1.2863e+03 6.3879e+01
/newplot
/plotname baseline
0.000000e+00 1.226507e+03
3.300000e+02 1.226507e+03
