/newplot
/plotname contrast2=0.0
0.0000e+00 6.9602e+02 1.3736e+01
3.0000e+01 6.6919e+02 2.1088e+01
6.0000e+01 6.7483e+02 2.0237e+01
9.0000e+01 6.7412e+02 2.0448e+01
1.2000e+02 7.1179e+02 1.7004e+01
1.5000e+02 7.2535e+02 3.2486e+01
1.8000e+02 6.9464e+02 1.3758e+01
2.1000e+02 6.8473e+02 2.1252e+01
2.4000e+02 6.8301e+02 2.7020e+01
2.7000e+02 6.6735e+02 1.7418e+01
3.0000e+02 6.7665e+02 2.5890e+01
3.3000e+02 7.5279e+02 2.7994e+01
/newplot
/plotname contrast2=0.5
0.0000e+00 7.1522e+02 2.1187e+01
3.0000e+01 6.9973e+02 3.9503e+01
6.0000e+01 6.9103e+02 2.6211e+01
9.0000e+01 6.9315e+02 2.3662e+01
1.2000e+02 7.1772e+02 2.0139e+01
1.5000e+02 7.0844e+02 2.7491e+01
1.8000e+02 7.0292e+02 1.5507e+01
2.1000e+02 7.0889e+02 2.5352e+01
2.4000e+02 7.3970e+02 2.5722e+01
2.7000e+02 7.3604e+02 2.4335e+01
3.0000e+02 6.9925e+02 1.7827e+01
3.3000e+02 7.3897e+02 2.2465e+01
/newplot
/plotname baseline
0.000000e+00 6.598682e+02
3.300000e+02 6.598682e+02
