/newplot
/plotname contrast2=0.0
0.0000e+00 1.2002e+03 8.1457e+01
3.0000e+01 1.1718e+03 8.7632e+01
6.0000e+01 1.1930e+03 9.0860e+01
9.0000e+01 1.1839e+03 6.1276e+01
1.2000e+02 1.2234e+03 1.3707e+02
1.5000e+02 1.1811e+03 1.0413e+02
1.8000e+02 1.1684e+03 8.5217e+01
2.1000e+02 1.1846e+03 6.5865e+01
2.4000e+02 1.1858e+03 4.6883e+01
2.7000e+02 1.2071e+03 9.8692e+01
3.0000e+02 1.1911e+03 9.4911e+01
3.3000e+02 1.1671e+03 8.5953e+01
/newplot
/plotname contrast2=0.5
0.0000e+00 1.2426e+03 6.9415e+01
3.0000e+01 1.2042e+03 1.3181e+02
6.0000e+01 1.1377e+03 3.6405e+01
9.0000e+01 1.1567e+03 5.2466e+01
1.2000e+02 1.2058e+03 1.1560e+02
1.5000e+02 1.2050e+03 1.1936e+02
1.8000e+02 1.2085e+03 8.8896e+01
2.1000e+02 1.1958e+03 1.2061e+02
2.4000e+02 1.2143e+03 9.2363e+01
2.7000e+02 1.2542e+03 9.6005e+01
3.0000e+02 1.1827e+03 7.0845e+01
3.3000e+02 1.1839e+03 7.4587e+01
/newplot
/plotname baseline
0.000000e+00 1.122216e+03
3.300000e+02 1.122216e+03
