/newplot
/plotname contrast2=0.0
0.0000e+00 7.2463e+02 3.6032e+01
3.0000e+01 8.2248e+02 5.6056e+01
6.0000e+01 7.4491e+02 5.5296e+01
9.0000e+01 6.8287e+02 2.1331e+01
1.2000e+02 7.0127e+02 2.3978e+01
1.5000e+02 7.0387e+02 3.6204e+01
1.8000e+02 7.6569e+02 5.2866e+01
2.1000e+02 7.8559e+02 3.7010e+01
2.4000e+02 7.4896e+02 6.7965e+01
2.7000e+02 6.9774e+02 3.2489e+01
3.0000e+02 7.0462e+02 3.0710e+01
3.3000e+02 6.9926e+02 3.2671e+01
/newplot
/plotname contrast2=0.5
0.0000e+00 7.3578e+02 2.4676e+01
3.0000e+01 8.2553e+02 8.6554e+01
6.0000e+01 7.6068e+02 9.2531e+01
9.0000e+01 7.3948e+02 5.9975e+01
1.2000e+02 8.3163e+02 7.3899e+01
1.5000e+02 7.3268e+02 2.9849e+01
1.8000e+02 7.4366e+02 3.6505e+01
2.1000e+02 8.5017e+02 7.6555e+01
2.4000e+02 8.2191e+02 6.1200e+01
2.7000e+02 7.7157e+02 6.1707e+01
3.0000e+02 8.1495e+02 6.9667e+01
3.3000e+02 7.7672e+02 6.0809e+01
/newplot
/plotname baseline
0.000000e+00 7.050081e+02
3.300000e+02 7.050081e+02
