/newplot
/plotname contrast2=0.0
0.0000e+00 1.1562e+03 7.7180e+01
3.0000e+01 1.1295e+03 5.0159e+01
6.0000e+01 1.0223e+03 2.5992e+01
9.0000e+01 1.0084e+03 4.1908e+01
1.2000e+02 1.0335e+03 3.3856e+01
1.5000e+02 1.0393e+03 4.6563e+01
1.8000e+02 1.1076e+03 3.4598e+01
2.1000e+02 1.0825e+03 3.5431e+01
2.4000e+02 1.0349e+03 4.9551e+01
2.7000e+02 1.0357e+03 2.8246e+01
3.0000e+02 1.0205e+03 2.9049e+01
3.3000e+02 1.0361e+03 2.6112e+01
/newplot
/plotname contrast2=0.5
0.0000e+00 1.1266e+03 3.0031e+01
3.0000e+01 1.1224e+03 5.0196e+01
6.0000e+01 1.0267e+03 3.9407e+01
9.0000e+01 1.0716e+03 4.9127e+01
1.2000e+02 1.0930e+03 5.7810e+01
1.5000e+02 1.0300e+03 1.7581e+01
1.8000e+02 1.1117e+03 6.0742e+01
2.1000e+02 1.1087e+03 7.3153e+01
2.4000e+02 1.0674e+03 3.4227e+01
2.7000e+02 1.1521e+03 5.9010e+01
3.0000e+02 1.0948e+03 6.3683e+01
3.3000e+02 1.0636e+03 3.6636e+01
/newplot
/plotname baseline
0.000000e+00 1.019972e+03
3.300000e+02 1.019972e+03
