/newplot
/plotname contrast2=0.0
0.0000e+00 8.3923e+02 3.1640e+01
3.0000e+01 8.3422e+02 1.5154e+01
6.0000e+01 8.3562e+02 2.7393e+01
9.0000e+01 8.4437e+02 9.2540e+00
1.2000e+02 8.4383e+02 1.9619e+01
1.5000e+02 8.2581e+02 2.8901e+01
1.8000e+02 8.5505e+02 2.1827e+01
2.1000e+02 8.4733e+02 3.5881e+01
2.4000e+02 8.3821e+02 3.2356e+01
2.7000e+02 8.3834e+02 1.9714e+01
3.0000e+02 8.3953e+02 2.8697e+01
3.3000e+02 8.4385e+02 1.2643e+01
/newplot
/plotname contrast2=0.5
0.0000e+00 8.4982e+02 1.7726e+01
3.0000e+01 8.5826e+02 3.5753e+01
6.0000e+01 8.2735e+02 2.8383e+01
9.0000e+01 8.4694e+02 2.4641e+01
1.2000e+02 8.6030e+02 1.9938e+01
1.5000e+02 8.3759e+02 3.9976e+01
1.8000e+02 8.4884e+02 2.4977e+01
2.1000e+02 8.3583e+02 1.4698e+01
2.4000e+02 8.5048e+02 2.4690e+01
2.7000e+02 8.5117e+02 3.0934e+01
3.0000e+02 8.4511e+02 1.5726e+01
3.3000e+02 8.2955e+02 1.6505e+01
/newplot
/plotname baseline
0.000000e+00 8.246580e+02
3.300000e+02 8.246580e+02
