/newplot
/plotname contrast2=0.0
0.0000e+00 3.6771e+02 9.8802e+00
3.0000e+01 3.6550e+02 1.6734e+01
6.0000e+01 3.7499e+02 6.4033e+00
9.0000e+01 3.7152e+02 1.7896e+01
1.2000e+02 4.3489e+02 2.7087e+01
1.5000e+02 3.8664e+02 1.4361e+01
1.8000e+02 3.6914e+02 1.0224e+01
2.1000e+02 3.6432e+02 7.4387e+00
2.4000e+02 3.7255e+02 1.8850e+01
2.7000e+02 3.7502e+02 1.6037e+01
3.0000e+02 4.0237e+02 1.6287e+01
3.3000e+02 3.8542e+02 1.6143e+01
/newplot
/plotname contrast2=0.5
0.0000e+00 3.8866e+02 1.3466e+01
3.0000e+01 4.0494e+02 1.4808e+01
6.0000e+01 4.0139e+02 2.0819e+01
9.0000e+01 3.8154e+02 1.7424e+01
1.2000e+02 4.1537e+02 3.1410e+01
1.5000e+02 3.8280e+02 9.6164e+00
1.8000e+02 3.7269e+02 1.0460e+01
2.1000e+02 3.9888e+02 2.6530e+01
2.4000e+02 4.1283e+02 2.0115e+01
2.7000e+02 3.9727e+02 1.8567e+01
3.0000e+02 3.9842e+02 9.6928e+00
3.3000e+02 3.9668e+02 1.4331e+01
/newplot
/plotname baseline
0.000000e+00 3.539469e+02
3.300000e+02 3.539469e+02
