/newplot
/plotname contrast2=0.0
0.0000e+00 1.0809e+03 4.8277e+01
3.0000e+01 1.0218e+03 1.0344e+02
6.0000e+01 1.0491e+03 6.5096e+01
9.0000e+01 1.0899e+03 4.5378e+01
1.2000e+02 1.0842e+03 5.1330e+01
1.5000e+02 1.0655e+03 6.0520e+01
1.8000e+02 1.0418e+03 6.3892e+01
2.1000e+02 1.0723e+03 6.4476e+01
2.4000e+02 1.0304e+03 8.2867e+01
2.7000e+02 1.0665e+03 6.0147e+01
3.0000e+02 1.0276e+03 8.6276e+01
3.3000e+02 1.0885e+03 4.6888e+01
/newplot
/plotname contrast2=0.5
0.0000e+00 1.0713e+03 4.6061e+01
3.0000e+01 1.0757e+03 9.6751e+01
6.0000e+01 1.0355e+03 5.0598e+01
9.0000e+01 1.0550e+03 4.6163e+01
1.2000e+02 1.0479e+03 2.1409e+01
1.5000e+02 1.0826e+03 4.3569e+01
1.8000e+02 1.0443e+03 6.0840e+01
2.1000e+02 1.0480e+03 5.9290e+01
2.4000e+02 1.0847e+03 5.6657e+01
2.7000e+02 1.0790e+03 3.9795e+01
3.0000e+02 1.0305e+03 8.0543e+01
3.3000e+02 1.0350e+03 4.7484e+01
/newplot
/plotname baseline
0.000000e+00 1.025038e+03
3.300000e+02 1.025038e+03
