/newplot
/plotname contrast2=0.0
0.0000e+00 7.6915e+02 6.2437e+01
3.0000e+01 8.1445e+02 8.0850e+01
6.0000e+01 7.6438e+02 2.4785e+01
9.0000e+01 7.5338e+02 3.0798e+01
1.2000e+02 7.5639e+02 3.5975e+01
1.5000e+02 7.8231e+02 7.0688e+01
1.8000e+02 7.7002e+02 2.6756e+01
2.1000e+02 7.8065e+02 5.7010e+01
2.4000e+02 7.8013e+02 5.8083e+01
2.7000e+02 7.5790e+02 6.6818e+01
3.0000e+02 7.9784e+02 8.2446e+01
3.3000e+02 7.6945e+02 6.0832e+01
/newplot
/plotname contrast2=0.5
0.0000e+00 7.8705e+02 5.1225e+01
3.0000e+01 8.3148e+02 4.3093e+01
6.0000e+01 7.9639e+02 6.1623e+01
9.0000e+01 7.6872e+02 3.3732e+01
1.2000e+02 8.1648e+02 6.0394e+01
1.5000e+02 7.5238e+02 4.2593e+01
1.8000e+02 8.1666e+02 4.4515e+01
2.1000e+02 8.4188e+02 4.9360e+01
2.4000e+02 8.1496e+02 6.2348e+01
2.7000e+02 7.9621e+02 1.9824e+01
3.0000e+02 7.8861e+02 2.4312e+01
3.3000e+02 7.8781e+02 6.3755e+01
/newplot
/plotname baseline
0.000000e+00 7.577780e+02
3.300000e+02 7.577780e+02
