/newplot
/plotname contrast2=0.0
0.0000e+00 9.4798e+02 2.3519e+01
3.0000e+01 9.5487e+02 5.3051e+01
6.0000e+01 9.1983e+02 2.7886e+01
9.0000e+01 9.0463e+02 2.2079e+01
1.2000e+02 9.2165e+02 2.8077e+01
1.5000e+02 9.0108e+02 2.7059e+01
1.8000e+02 9.3340e+02 3.7252e+01
2.1000e+02 9.3365e+02 3.5853e+01
2.4000e+02 9.3469e+02 4.3980e+01
2.7000e+02 9.2200e+02 2.0473e+01
3.0000e+02 9.1846e+02 2.4069e+01
3.3000e+02 9.1070e+02 3.5367e+01
/newplot
/plotname contrast2=0.5
0.0000e+00 9.3245e+02 1.6226e+01
3.0000e+01 9.8233e+02 4.0533e+01
6.0000e+01 9.3112e+02 3.9607e+01
9.0000e+01 9.3308e+02 3.5829e+01
1.2000e+02 9.6765e+02 4.0116e+01
1.5000e+02 9.2996e+02 3.2106e+01
1.8000e+02 9.4217e+02 1.4770e+01
2.1000e+02 9.7415e+02 3.8545e+01
2.4000e+02 9.4898e+02 4.4273e+01
2.7000e+02 9.7387e+02 4.8267e+01
3.0000e+02 9.5288e+02 8.3699e+00
3.3000e+02 9.3643e+02 2.5069e+01
/newplot
/plotname baseline
0.000000e+00 8.947202e+02
3.300000e+02 8.947202e+02
