/newplot
/plotname contrast2=0.0
0.0000e+00 6.6715e+02 2.2437e+01
3.0000e+01 6.8590e+02 2.3249e+01
6.0000e+01 7.0462e+02 3.8559e+01
9.0000e+01 6.5012e+02 3.0943e+01
1.2000e+02 6.9009e+02 3.2916e+01
1.5000e+02 6.7245e+02 4.5480e+01
1.8000e+02 6.8419e+02 1.8246e+01
2.1000e+02 7.0849e+02 4.1897e+01
2.4000e+02 7.4848e+02 5.6716e+01
2.7000e+02 6.8618e+02 4.8987e+01
3.0000e+02 6.6808e+02 2.8548e+01
3.3000e+02 6.7059e+02 2.5401e+01
/newplot
/plotname contrast2=0.5
0.0000e+00 6.8662e+02 2.2734e+01
3.0000e+01 7.5540e+02 6.9995e+01
6.0000e+01 7.1685e+02 4.1642e+01
9.0000e+01 7.2041e+02 3.9248e+01
1.2000e+02 7.5623e+02 6.2073e+01
1.5000e+02 7.3029e+02 4.9398e+01
1.8000e+02 7.0618e+02 2.9953e+01
2.1000e+02 7.8041e+02 5.8795e+01
2.4000e+02 7.6960e+02 5.1797e+01
2.7000e+02 7.5386e+02 9.1999e+01
3.0000e+02 7.1955e+02 5.6762e+01
3.3000e+02 7.2137e+02 3.3303e+01
/newplot
/plotname baseline
0.000000e+00 6.595853e+02
3.300000e+02 6.595853e+02
