/newplot
/plotname contrast2=0.0
0.0000e+00 5.6953e+02 2.0093e+01
3.0000e+01 5.6490e+02 1.6512e+01
6.0000e+01 5.8424e+02 1.5680e+01
9.0000e+01 5.8052e+02 2.3189e+01
1.2000e+02 5.8253e+02 1.1143e+01
1.5000e+02 5.5962e+02 1.6495e+01
1.8000e+02 5.7024e+02 1.7524e+01
2.1000e+02 5.8098e+02 2.5549e+01
2.4000e+02 5.9781e+02 2.2087e+01
2.7000e+02 5.8559e+02 3.5828e+01
3.0000e+02 5.6824e+02 2.9012e+01
3.3000e+02 5.7950e+02 8.8463e+00
/newplot
/plotname contrast2=0.5
0.0000e+00 5.8165e+02 2.3842e+01
3.0000e+01 5.9699e+02 1.6964e+01
6.0000e+01 5.8455e+02 1.4252e+01
9.0000e+01 5.7514e+02 1.7185e+01
1.2000e+02 5.9234e+02 3.3241e+01
1.5000e+02 5.9038e+02 2.0435e+01
1.8000e+02 5.7827e+02 1.7468e+01
2.1000e+02 5.9181e+02 2.7255e+01
2.4000e+02 5.9261e+02 2.3081e+01
2.7000e+02 5.8869e+02 2.5955e+01
3.0000e+02 5.7262e+02 1.4417e+01
3.3000e+02 5.6607e+02 1.8688e+01
/newplot
/plotname baseline
0.000000e+00 5.581871e+02
3.300000e+02 5.581871e+02
