/newplot
/plotname contrast2=0.0
0.0000e+00 1.3110e+03 5.3981e+01
3.0000e+01 1.3772e+03 7.4484e+01
6.0000e+01 1.3614e+03 4.6828e+01
9.0000e+01 1.2895e+03 3.4732e+01
1.2000e+02 1.2921e+03 3.8262e+01
1.5000e+02 1.3097e+03 1.8174e+01
1.8000e+02 1.3745e+03 5.0634e+01
2.1000e+02 1.3401e+03 2.8522e+01
2.4000e+02 1.4159e+03 7.3336e+01
2.7000e+02 1.3223e+03 3.2497e+01
3.0000e+02 1.3321e+03 7.6684e+01
3.3000e+02 1.3316e+03 4.5490e+01
/newplot
/plotname contrast2=0.5
0.0000e+00 1.3111e+03 9.2751e+01
3.0000e+01 1.3731e+03 5.0225e+01
6.0000e+01 1.3595e+03 8.8241e+01
9.0000e+01 1.3195e+03 4.5904e+01
1.2000e+02 1.3908e+03 7.3844e+01
1.5000e+02 1.3314e+03 4.4858e+01
1.8000e+02 1.3866e+03 7.9205e+01
2.1000e+02 1.4501e+03 5.9554e+01
2.4000e+02 1.4440e+03 4.6230e+01
2.7000e+02 1.3692e+03 6.2247e+01
3.0000e+02 1.3683e+03 8.3030e+01
3.3000e+02 1.3640e+03 7.1525e+01
/newplot
/plotname baseline
0.000000e+00 1.304563e+03
3.300000e+02 1.304563e+03
