/newplot
/plotname contrast2=0.0
0.0000e+00 1.4240e+03 1.5282e+01
3.0000e+01 1.4535e+03 1.5977e+01
6.0000e+01 1.5700e+03 9.2158e+01
9.0000e+01 1.4550e+03 4.5526e+01
1.2000e+02 1.4226e+03 2.6149e+01
1.5000e+02 1.4028e+03 3.1151e+01
1.8000e+02 1.4368e+03 1.7816e+01
2.1000e+02 1.4411e+03 1.8752e+01
2.4000e+02 1.6703e+03 1.5256e+02
2.7000e+02 1.4892e+03 3.3749e+01
3.0000e+02 1.4519e+03 1.0381e+02
3.3000e+02 1.4371e+03 1.1432e+01
/newplot
/plotname contrast2=0.5
0.0000e+00 1.4454e+03 3.8908e+01
3.0000e+01 1.4730e+03 3.6241e+01
6.0000e+01 1.4781e+03 8.7992e+01
9.0000e+01 1.4224e+03 5.2238e+01
1.2000e+02 1.4939e+03 5.7579e+01
1.5000e+02 1.4997e+03 6.3139e+01
1.8000e+02 1.4912e+03 3.8782e+01
2.1000e+02 1.5255e+03 4.7419e+01
2.4000e+02 1.5702e+03 7.5046e+01
2.7000e+02 1.4964e+03 7.9057e+01
3.0000e+02 1.4808e+03 3.4393e+01
3.3000e+02 1.4830e+03 5.5993e+01
/newplot
/plotname baseline
0.000000e+00 1.425367e+03
3.300000e+02 1.425367e+03
