/newplot
/plotname contrast2=0.0
0.0000e+00 6.1272e+02 2.9399e+01
3.0000e+01 6.3661e+02 2.5771e+01
6.0000e+01 6.5542e+02 2.4170e+01
9.0000e+01 6.2086e+02 1.2512e+01
1.2000e+02 6.3131e+02 2.0136e+01
1.5000e+02 6.1772e+02 1.2044e+01
1.8000e+02 6.2652e+02 7.7266e+00
2.1000e+02 6.4502e+02 1.1218e+01
2.4000e+02 6.6773e+02 3.8366e+01
2.7000e+02 6.4110e+02 1.8059e+01
3.0000e+02 6.2817e+02 1.6062e+01
3.3000e+02 6.1388e+02 2.0891e+01
/newplot
/plotname contrast2=0.5
0.0000e+00 6.2770e+02 1.6343e+01
3.0000e+01 6.6537e+02 2.9679e+01
6.0000e+01 6.3444e+02 2.4578e+01
9.0000e+01 6.3665e+02 2.1342e+01
1.2000e+02 6.6330e+02 4.0469e+01
1.5000e+02 6.4056e+02 1.6585e+01
1.8000e+02 6.4290e+02 1.4640e+01
2.1000e+02 6.9429e+02 2.1157e+01
2.4000e+02 6.7183e+02 1.6151e+01
2.7000e+02 6.5653e+02 3.3783e+01
3.0000e+02 6.3925e+02 1.6253e+01
3.3000e+02 6.5083e+02 3.6461e+01
/newplot
/plotname baseline
0.000000e+00 6.016585e+02
3.300000e+02 6.016585e+02
