/newplot
/plotname contrast2=0.0
0.0000e+00 1.2123e+03 2.6875e+01
3.0000e+01 1.2054e+03 4.4212e+01
6.0000e+01 1.1995e+03 3.5723e+01
9.0000e+01 1.2156e+03 2.1391e+01
1.2000e+02 1.2242e+03 2.5942e+01
1.5000e+02 1.2522e+03 2.5437e+01
1.8000e+02 1.1994e+03 1.8696e+01
2.1000e+02 1.2111e+03 4.3399e+01
2.4000e+02 1.2076e+03 2.6503e+01
2.7000e+02 1.1943e+03 3.2904e+01
3.0000e+02 1.2131e+03 4.5561e+01
3.3000e+02 1.2721e+03 4.1117e+01
/newplot
/plotname contrast2=0.5
0.0000e+00 1.2412e+03 2.5630e+01
3.0000e+01 1.2511e+03 3.9537e+01
6.0000e+01 1.2429e+03 3.6996e+01
9.0000e+01 1.2303e+03 1.6361e+01
1.2000e+02 1.2404e+03 3.7702e+01
1.5000e+02 1.2458e+03 2.1502e+01
1.8000e+02 1.2502e+03 2.1504e+01
2.1000e+02 1.2396e+03 3.1447e+01
2.4000e+02 1.2856e+03 4.4081e+01
2.7000e+02 1.2435e+03 2.7301e+01
3.0000e+02 1.2505e+03 1.5598e+01
3.3000e+02 1.2929e+03 5.4014e+01
/newplot
/plotname baseline
0.000000e+00 1.198422e+03
3.300000e+02 1.198422e+03
