/newplot
/plotname contrast2=0.0
0.0000e+00 3.9402e+02 8.8458e+00
3.0000e+01 4.1430e+02 2.3979e+01
6.0000e+01 4.2013e+02 1.9945e+01
9.0000e+01 3.9846e+02 1.4009e+01
1.2000e+02 4.0178e+02 2.0918e+01
1.5000e+02 3.9675e+02 1.5784e+01
1.8000e+02 4.0550e+02 1.3513e+01
2.1000e+02 4.4483e+02 1.4566e+01
2.4000e+02 4.2028e+02 1.7692e+01
2.7000e+02 3.9769e+02 1.0470e+01
3.0000e+02 3.9683e+02 1.2155e+01
3.3000e+02 3.9346e+02 1.1337e+01
/newplot
/plotname contrast2=0.5
0.0000e+00 4.0090e+02 1.2793e+01
3.0000e+01 4.3193e+02 2.0210e+01
6.0000e+01 4.2133e+02 1.5656e+01
9.0000e+01 4.0749e+02 1.2566e+01
1.2000e+02 4.5930e+02 2.3488e+01
1.5000e+02 4.2103e+02 1.9142e+01
1.8000e+02 4.0331e+02 1.6263e+01
2.1000e+02 4.4830e+02 2.5275e+01
2.4000e+02 4.3655e+02 2.5662e+01
2.7000e+02 4.1989e+02 2.2535e+01
3.0000e+02 4.1809e+02 1.0866e+01
3.3000e+02 4.0832e+02 2.0139e+01
/newplot
/plotname baseline
0.000000e+00 3.842058e+02
3.300000e+02 3.842058e+02
