/newplot
/plotname contrast2=0.0
0.0000e+00 1.3693e+03 6.2079e+01
3.0000e+01 1.3297e+03 5.2832e+01
6.0000e+01 1.3844e+03 8.5831e+01
9.0000e+01 1.3568e+03 5.4738e+01
1.2000e+02 1.4007e+03 9.7121e+01
1.5000e+02 1.3651e+03 5.5471e+01
1.8000e+02 1.3562e+03 5.9355e+01
2.1000e+02 1.3909e+03 4.8818e+01
2.4000e+02 1.3928e+03 6.3771e+01
2.7000e+02 1.3631e+03 4.8629e+01
3.0000e+02 1.3533e+03 8.7746e+01
3.3000e+02 1.3503e+03 5.0352e+01
/newplot
/plotname contrast2=0.5
0.0000e+00 1.3839e+03 6.7958e+01
3.0000e+01 1.4268e+03 4.5864e+01
6.0000e+01 1.3259e+03 9.4046e+01
9.0000e+01 1.3647e+03 6.5629e+01
1.2000e+02 1.4197e+03 7.8042e+01
1.5000e+02 1.3908e+03 7.9334e+01
1.8000e+02 1.4008e+03 6.3678e+01
2.1000e+02 1.3905e+03 6.2710e+01
2.4000e+02 1.3731e+03 4.9380e+01
2.7000e+02 1.4147e+03 7.7386e+01
3.0000e+02 1.3487e+03 4.5642e+01
3.3000e+02 1.3645e+03 3.4303e+01
/newplot
/plotname baseline
0.000000e+00 1.325638e+03
3.300000e+02 1.325638e+03
