/newplot
/plotname contrast2=0.0
0.0000e+00 3.8315e+02 2.7872e+01
3.0000e+01 3.8593e+02 1.8544e+01
6.0000e+01 3.8428e+02 2.4802e+01
9.0000e+01 4.0608e+02 2.0630e+01
1.2000e+02 4.4427e+02 1.7232e+01
1.5000e+02 3.9851e+02 2.1408e+01
1.8000e+02 3.8521e+02 1.2019e+01
2.1000e+02 3.9033e+02 2.1141e+01
2.4000e+02 3.9483e+02 1.9814e+01
2.7000e+02 4.2319e+02 2.2068e+01
3.0000e+02 4.4878e+02 3.3136e+01
3.3000e+02 3.9077e+02 2.0468e+01
/newplot
/plotname contrast2=0.5
0.0000e+00 4.0530e+02 1.1534e+01
3.0000e+01 4.4611e+02 3.6962e+01
6.0000e+01 4.0811e+02 3.0859e+01
9.0000e+01 3.9966e+02 2.9344e+01
1.2000e+02 4.4322e+02 4.6980e+01
1.5000e+02 4.0329e+02 1.6891e+01
1.8000e+02 4.0642e+02 2.9751e+01
2.1000e+02 4.4389e+02 2.7369e+01
2.4000e+02 4.3366e+02 2.3722e+01
2.7000e+02 4.3069e+02 4.8738e+01
3.0000e+02 4.2374e+02 2.1170e+01
3.3000e+02 4.2713e+02 2.0561e+01
/newplot
/plotname baseline
0.000000e+00 3.766524e+02
3.300000e+02 3.766524e+02
