/newplot
/plotname contrast2=0.0
0.0000e+00 6.6782e+02 1.3485e+01
3.0000e+01 7.0108e+02 2.6984e+01
6.0000e+01 7.8479e+02 5.9690e+01
9.0000e+01 7.0814e+02 1.9598e+01
1.2000e+02 6.7970e+02 1.0505e+01
1.5000e+02 6.6460e+02 1.5473e+01
1.8000e+02 6.8193e+02 1.6701e+01
2.1000e+02 6.9836e+02 2.1714e+01
2.4000e+02 8.5572e+02 9.9595e+01
2.7000e+02 7.4249e+02 3.9663e+01
3.0000e+02 7.0320e+02 3.9943e+01
3.3000e+02 6.7179e+02 8.4869e+00
/newplot
/plotname contrast2=0.5
0.0000e+00 6.8618e+02 2.4891e+01
3.0000e+01 7.2982e+02 2.1018e+01
6.0000e+01 7.1535e+02 3.1276e+01
9.0000e+01 6.8055e+02 2.3776e+01
1.2000e+02 7.3707e+02 6.0103e+01
1.5000e+02 7.1426e+02 2.8675e+01
1.8000e+02 7.2931e+02 2.5294e+01
2.1000e+02 7.4058e+02 3.1859e+01
2.4000e+02 7.9886e+02 4.4468e+01
2.7000e+02 7.4107e+02 5.7322e+01
3.0000e+02 6.9503e+02 2.4398e+01
3.3000e+02 7.1375e+02 3.4259e+01
/newplot
/plotname baseline
0.000000e+00 6.787321e+02
3.300000e+02 6.787321e+02
