/newplot
/plotname contrast2=0.0
0.0000e+00 5.3765e+02 1.8938e+01
3.0000e+01 5.6471e+02 1.8947e+01
6.0000e+01 6.3235e+02 4.7900e+01
9.0000e+01 5.4812e+02 1.9173e+01
1.2000e+02 5.4765e+02 2.2736e+01
1.5000e+02 5.2848e+02 2.9420e+01
1.8000e+02 5.2521e+02 1.9672e+01
2.1000e+02 5.5800e+02 9.1348e+00
2.4000e+02 6.1937e+02 4.5015e+01
2.7000e+02 5.7452e+02 4.6597e+00
3.0000e+02 5.4491e+02 2.3623e+01
3.3000e+02 5.4567e+02 1.5625e+01
/newplot
/plotname contrast2=0.5
0.0000e+00 5.5936e+02 2.0369e+01
3.0000e+01 5.7355e+02 3.5166e+01
6.0000e+01 5.7509e+02 2.3822e+01
9.0000e+01 5.6257e+02 2.9492e+01
1.2000e+02 6.0151e+02 4.1430e+01
1.5000e+02 5.6607e+02 3.3318e+01
1.8000e+02 5.7404e+02 2.4398e+01
2.1000e+02 5.9469e+02 3.2763e+01
2.4000e+02 6.0134e+02 4.5541e+01
2.7000e+02 5.9214e+02 4.7017e+01
3.0000e+02 5.5881e+02 2.5326e+01
3.3000e+02 5.8312e+02 2.2720e+01
/newplot
/plotname baseline
0.000000e+00 5.391340e+02
3.300000e+02 5.391340e+02
