/newplot
/plotname contrast2=0.0
0.0000e+00 5.6184e+02 7.7415e+00
3.0000e+01 5.4639e+02 2.3861e+01
6.0000e+01 5.1927e+02 1.5118e+01
9.0000e+01 5.2133e+02 2.4403e+01
1.2000e+02 5.3576e+02 1.8136e+01
1.5000e+02 5.5394e+02 2.2780e+01
1.8000e+02 5.4374e+02 2.4808e+01
2.1000e+02 5.2483e+02 1.4791e+01
2.4000e+02 5.2001e+02 2.1449e+01
2.7000e+02 5.1633e+02 1.1423e+01
3.0000e+02 5.1925e+02 1.9597e+01
3.3000e+02 5.5013e+02 2.0302e+01
/newplot
/plotname contrast2=0.5
0.0000e+00 5.4911e+02 1.3623e+01
3.0000e+01 5.5660e+02 2.8014e+01
6.0000e+01 5.4620e+02 2.2904e+01
9.0000e+01 5.5230e+02 2.6720e+01
1.2000e+02 5.6816e+02 3.9753e+01
1.5000e+02 5.3517e+02 8.1652e+00
1.8000e+02 5.3558e+02 2.4321e+01
2.1000e+02 5.6239e+02 1.6093e+01
2.4000e+02 5.5983e+02 2.4291e+01
2.7000e+02 5.6918e+02 3.0827e+01
3.0000e+02 5.5821e+02 2.1581e+01
3.3000e+02 5.5064e+02 2.5289e+01
/newplot
/plotname baseline
0.000000e+00 5.094893e+02
3.300000e+02 5.094893e+02
