/newplot
/plotname contrast2=0.0
0.0000e+00 7.2702e+02 1.9565e+01
3.0000e+01 7.3267e+02 3.1074e+01
6.0000e+01 7.1799e+02 2.0874e+01
9.0000e+01 7.0908e+02 1.9521e+01
1.2000e+02 7.3441e+02 3.6271e+01
1.5000e+02 7.0509e+02 2.3303e+01
1.8000e+02 7.2969e+02 2.5254e+01
2.1000e+02 7.1917e+02 1.6348e+01
2.4000e+02 7.2176e+02 3.2770e+01
2.7000e+02 7.1403e+02 2.1938e+01
3.0000e+02 7.3170e+02 3.0457e+01
3.3000e+02 7.2306e+02 3.5908e+01
/newplot
/plotname contrast2=0.5
0.0000e+00 7.1519e+02 1.6969e+01
3.0000e+01 7.3614e+02 1.0782e+01
6.0000e+01 7.2304e+02 4.7540e+01
9.0000e+01 7.2493e+02 3.1864e+01
1.2000e+02 7.7126e+02 4.7723e+01
1.5000e+02 7.3842e+02 3.1153e+01
1.8000e+02 7.2512e+02 3.3626e+01
2.1000e+02 7.5306e+02 1.7911e+01
2.4000e+02 7.5437e+02 3.0852e+01
2.7000e+02 7.5842e+02 2.5016e+01
3.0000e+02 7.4981e+02 2.8143e+01
3.3000e+02 7.4397e+02 1.5430e+01
/newplot
/plotname baseline
0.000000e+00 6.958641e+02
3.300000e+02 6.958641e+02
