/newplot
/plotname contrast2=0.0
0.0000e+00 6.3873e+02 9.1977e+00
3.0000e+01 6.5932e+02 3.0338e+01
6.0000e+01 7.1344e+02 3.4914e+01
9.0000e+01 6.5861e+02 2.1146e+01
1.2000e+02 6.5449e+02 1.8569e+01
1.5000e+02 6.3473e+02 2.4669e+01
1.8000e+02 6.4616e+02 7.4789e+00
2.1000e+02 6.7039e+02 2.4549e+01
2.4000e+02 7.1163e+02 5.2103e+01
2.7000e+02 6.7281e+02 2.6861e+01
3.0000e+02 6.5214e+02 3.2118e+01
3.3000e+02 6.3863e+02 1.4036e+01
/newplot
/plotname contrast2=0.5
0.0000e+00 6.6894e+02 2.5347e+01
3.0000e+01 6.9731e+02 3.8488e+01
6.0000e+01 7.0991e+02 4.1996e+01
9.0000e+01 6.6613e+02 2.3287e+01
1.2000e+02 6.8849e+02 3.9770e+01
1.5000e+02 6.8109e+02 2.9158e+01
1.8000e+02 6.7503e+02 3.5790e+01
2.1000e+02 7.1579e+02 4.8855e+01
2.4000e+02 7.2174e+02 3.7254e+01
2.7000e+02 6.7530e+02 4.0600e+01
3.0000e+02 6.6236e+02 2.5535e+01
3.3000e+02 6.9236e+02 4.3111e+01
/newplot
/plotname baseline
0.000000e+00 6.370193e+02
3.300000e+02 6.370193e+02
