/newplot
/plotname contrast2=0.0
0.0000e+00 1.1124e+03 3.7601e+01
3.0000e+01 1.0701e+03 4.3823e+01
6.0000e+01 1.0859e+03 4.6706e+01
9.0000e+01 1.0731e+03 4.1210e+01
1.2000e+02 1.1526e+03 5.6069e+01
1.5000e+02 1.1070e+03 5.4432e+01
1.8000e+02 1.0896e+03 3.2096e+01
2.1000e+02 1.1067e+03 4.2040e+01
2.4000e+02 1.1085e+03 5.7638e+01
2.7000e+02 1.1187e+03 5.1121e+01
3.0000e+02 1.1208e+03 5.6740e+01
3.3000e+02 1.1063e+03 3.2511e+01
/newplot
/plotname contrast2=0.5
0.0000e+00 1.1201e+03 4.9192e+01
3.0000e+01 1.1504e+03 6.1736e+01
6.0000e+01 1.1067e+03 6.1934e+01
9.0000e+01 1.0892e+03 4.1563e+01
1.2000e+02 1.1750e+03 1.0758e+02
1.5000e+02 1.1035e+03 4.2994e+01
1.8000e+02 1.1315e+03 5.7738e+01
2.1000e+02 1.2077e+03 1.0587e+02
2.4000e+02 1.1738e+03 6.5220e+01
2.7000e+02 1.1217e+03 7.1280e+01
3.0000e+02 1.1501e+03 3.5154e+01
3.3000e+02 1.1293e+03 2.6595e+01
/newplot
/plotname baseline
0.000000e+00 1.065368e+03
3.300000e+02 1.065368e+03
