/newplot
/plotname contrast2=0.0
0.0000e+00 3.7300e+02 7.7290e+00
3.0000e+01 3.8967e+02 1.5887e+01
6.0000e+01 3.8345e+02 1.8705e+01
9.0000e+01 3.7833e+02 1.4277e+01
1.2000e+02 3.9043e+02 1.5710e+01
1.5000e+02 3.7857e+02 6.4036e+00
1.8000e+02 3.7823e+02 1.9301e+01
2.1000e+02 3.7906e+02 1.5877e+01
2.4000e+02 3.8861e+02 1.7097e+01
2.7000e+02 3.9192e+02 7.3231e+00
3.0000e+02 3.8323e+02 1.7831e+01
3.3000e+02 3.8006e+02 6.5128e+00
/newplot
/plotname contrast2=0.5
0.0000e+00 3.9285e+02 1.3388e+01
3.0000e+01 4.0778e+02 1.3588e+01
6.0000e+01 3.9417e+02 1.2578e+01
9.0000e+01 4.0188e+02 1.5201e+01
1.2000e+02 4.1272e+02 1.9942e+01
1.5000e+02 4.0222e+02 1.6722e+01
1.8000e+02 3.9443e+02 1.5048e+01
2.1000e+02 4.2196e+02 2.0152e+01
2.4000e+02 4.1882e+02 1.2339e+01
2.7000e+02 4.2908e+02 3.6161e+01
3.0000e+02 4.0875e+02 1.7146e+01
3.3000e+02 4.0838e+02 1.1931e+01
/newplot
/plotname baseline
0.000000e+00 3.622112e+02
3.300000e+02 3.622112e+02
