/newplot
/plotname contrast2=0.0
0.0000e+00 7.4408e+02 3.3953e+01
3.0000e+01 7.0344e+02 5.1018e+01
6.0000e+01 7.6625e+02 6.6530e+01
9.0000e+01 7.1649e+02 3.7977e+01
1.2000e+02 7.5605e+02 2.9815e+01
1.5000e+02 7.5142e+02 2.9347e+01
1.8000e+02 7.4635e+02 3.6408e+01
2.1000e+02 7.1921e+02 5.1029e+01
2.4000e+02 7.3952e+02 5.9262e+01
2.7000e+02 7.2207e+02 5.0682e+01
3.0000e+02 7.2118e+02 3.5198e+01
3.3000e+02 7.4840e+02 2.7575e+01
/newplot
/plotname contrast2=0.5
0.0000e+00 7.2694e+02 4.7597e+01
3.0000e+01 7.4208e+02 2.4610e+01
6.0000e+01 7.4514e+02 1.9188e+01
9.0000e+01 7.5859e+02 4.5266e+01
1.2000e+02 7.5987e+02 4.3760e+01
1.5000e+02 7.1634e+02 5.1349e+01
1.8000e+02 7.4743e+02 4.3648e+01
2.1000e+02 7.3747e+02 7.0035e+01
2.4000e+02 7.6676e+02 4.1507e+01
2.7000e+02 7.7714e+02 8.7129e+01
3.0000e+02 7.3015e+02 3.5272e+01
3.3000e+02 6.8534e+02 5.9176e+01
/newplot
/plotname baseline
0.000000e+00 7.065214e+02
3.300000e+02 7.065214e+02
