/newplot
/plotname contrast2=0.0
0.0000e+00 6.5138e+02 1.5188e+01
3.0000e+01 6.3752e+02 1.8980e+01
6.0000e+01 6.4162e+02 1.5330e+01
9.0000e+01 6.3367e+02 1.1578e+01
1.2000e+02 6.7781e+02 2.3864e+01
1.5000e+02 6.8551e+02 3.2933e+01
1.8000e+02 6.5765e+02 1.3481e+01
2.1000e+02 6.3542e+02 1.4809e+01
2.4000e+02 6.3208e+02 3.2192e+01
2.7000e+02 6.4009e+02 1.5622e+01
3.0000e+02 6.6832e+02 2.2198e+01
3.3000e+02 7.0241e+02 1.8868e+01
/newplot
/plotname contrast2=0.5
0.0000e+00 6.4748e+02 1.4818e+01
3.0000e+01 6.7922e+02 3.2878e+01
6.0000e+01 6.6686e+02 2.9977e+01
9.0000e+01 6.4878e+02 2.9003e+01
1.2000e+02 6.9278e+02 3.5086e+01
1.5000e+02 6.6331e+02 1.7764e+01
1.8000e+02 6.6469e+02 2.5677e+01
2.1000e+02 7.0593e+02 3.5837e+01
2.4000e+02 7.2057e+02 8.6006e+00
2.7000e+02 6.8620e+02 2.4471e+01
3.0000e+02 6.7290e+02 1.0191e+01
3.3000e+02 6.9914e+02 1.2546e+01
/newplot
/plotname baseline
0.000000e+00 6.201672e+02
3.300000e+02 6.201672e+02
