/newplot
/plotname contrast2=0.0
0.0000e+00 6.0328e+02 1.8619e+01
3.0000e+01 5.6137e+02 1.2100e+01
6.0000e+01 5.6621e+02 1.3214e+01
9.0000e+01 5.6354e+02 1.1700e+01
1.2000e+02 5.7316e+02 1.7229e+01
1.5000e+02 6.2923e+02 2.2047e+01
1.8000e+02 6.3303e+02 2.2114e+01
2.1000e+02 5.6346e+02 1.6303e+01
2.4000e+02 5.6688e+02 2.0470e+01
2.7000e+02 5.7330e+02 1.8973e+01
3.0000e+02 5.6957e+02 1.1666e+01
3.3000e+02 6.0231e+02 2.3071e+01
/newplot
/plotname contrast2=0.5
0.0000e+00 6.1615e+02 1.8682e+01
3.0000e+01 5.8246e+02 2.4633e+01
6.0000e+01 6.1153e+02 1.3199e+01
9.0000e+01 5.8786e+02 1.0005e+01
1.2000e+02 5.9731e+02 2.0350e+01
1.5000e+02 5.9353e+02 2.2604e+01
1.8000e+02 6.3715e+02 2.1361e+01
2.1000e+02 5.9658e+02 2.3794e+01
2.4000e+02 6.2382e+02 2.8752e+01
2.7000e+02 6.1640e+02 2.1186e+01
3.0000e+02 5.7843e+02 1.2465e+01
3.3000e+02 6.0977e+02 1.2609e+01
/newplot
/plotname baseline
0.000000e+00 5.516342e+02
3.300000e+02 5.516342e+02
