/newplot
/plotname contrast2=0.0
0.0000e+00 5.2182e+02 2.0922e+01
3.0000e+01 5.2532e+02 1.5570e+01
6.0000e+01 5.4345e+02 1.1318e+01
9.0000e+01 5.4712e+02 1.4109e+01
1.2000e+02 5.6271e+02 2.9434e+01
1.5000e+02 5.2483e+02 1.9795e+01
1.8000e+02 5.2621e+02 8.7640e+00
2.1000e+02 5.2888e+02 1.0976e+01
2.4000e+02 5.4899e+02 1.3711e+01
2.7000e+02 5.5252e+02 2.5428e+01
3.0000e+02 5.5220e+02 1.6467e+01
3.3000e+02 5.5267e+02 1.5236e+01
/newplot
/plotname contrast2=0.5
0.0000e+00 5.4127e+02 1.9956e+01
3.0000e+01 5.6368e+02 2.9835e+01
6.0000e+01 5.4911e+02 1.9019e+01
9.0000e+01 5.4421e+02 1.4810e+01
1.2000e+02 5.6726e+02 4.6944e+01
1.5000e+02 5.4886e+02 1.0589e+01
1.8000e+02 5.5223e+02 2.2848e+01
2.1000e+02 5.6717e+02 2.1256e+01
2.4000e+02 5.5802e+02 7.9336e+00
2.7000e+02 5.6476e+02 2.4323e+01
3.0000e+02 5.4526e+02 1.7678e+01
3.3000e+02 5.5641e+02 1.5841e+01
/newplot
/plotname baseline
0.000000e+00 5.225059e+02
3.300000e+02 5.225059e+02
