/newplot
/plotname contrast2=0.0
0.0000e+00 7.4758e+02 2.1887e+01
3.0000e+01 7.3085e+02 9.4750e+00
6.0000e+01 7.2108e+02 1.1409e+01
9.0000e+01 7.1013e+02 2.4776e+01
1.2000e+02 7.1718e+02 2.8230e+01
1.5000e+02 7.4052e+02 4.1178e+01
1.8000e+02 7.4305e+02 1.9148e+01
2.1000e+02 6.9980e+02 1.7552e+01
2.4000e+02 7.0617e+02 2.7852e+01
2.7000e+02 7.0704e+02 2.0667e+01
3.0000e+02 7.0227e+02 3.3371e+01
3.3000e+02 7.2363e+02 1.2762e+01
/newplot
/plotname contrast2=0.5
0.0000e+00 7.4734e+02 1.9446e+01
3.0000e+01 7.4728e+02 2.9978e+01
6.0000e+01 7.4477e+02 2.9647e+01
9.0000e+01 7.3469e+02 1.2298e+01
1.2000e+02 7.5042e+02 3.6819e+01
1.5000e+02 7.2720e+02 1.9275e+01
1.8000e+02 7.4804e+02 2.2063e+01
2.1000e+02 7.3829e+02 2.5072e+01
2.4000e+02 7.7682e+02 1.5684e+01
2.7000e+02 7.8008e+02 3.7820e+01
3.0000e+02 7.3466e+02 2.2144e+01
3.3000e+02 7.4748e+02 1.9260e+01
/newplot
/plotname baseline
0.000000e+00 6.995699e+02
3.300000e+02 6.995699e+02
