/newplot
/plotname contrast2=0.0
0.0000e+00 7.4448e+02 5.2871e+01
3.0000e+01 7.2928e+02 2.9989e+01
6.0000e+01 7.2644e+02 3.4948e+01
9.0000e+01 7.4250e+02 2.6068e+01
1.2000e+02 7.6818e+02 7.6336e+01
1.5000e+02 7.1766e+02 2.5826e+01
1.8000e+02 7.4419e+02 3.7078e+01
2.1000e+02 7.4463e+02 4.4302e+01
2.4000e+02 7.4095e+02 4.9204e+01
2.7000e+02 7.5354e+02 4.1487e+01
3.0000e+02 7.3473e+02 2.5989e+01
3.3000e+02 7.5957e+02 3.7940e+01
/newplot
/plotname contrast2=0.5
0.0000e+00 7.2652e+02 2.2348e+01
3.0000e+01 7.8337e+02 3.7942e+01
6.0000e+01 7.3505e+02 2.0144e+01
9.0000e+01 7.3130e+02 1.8541e+01
1.2000e+02 7.7334e+02 4.6360e+01
1.5000e+02 7.6181e+02 3.5941e+01
1.8000e+02 7.4937e+02 3.2024e+01
2.1000e+02 7.4321e+02 3.4401e+01
2.4000e+02 7.8594e+02 3.1745e+01
2.7000e+02 7.7938e+02 3.4633e+01
3.0000e+02 7.5571e+02 3.6400e+01
3.3000e+02 7.5261e+02 3.4561e+01
/newplot
/plotname baseline
0.000000e+00 7.059614e+02
3.300000e+02 7.059614e+02
