/newplot
/plotname contrast2=0.0
0.0000e+00 7.0167e+02 2.7236e+01
3.0000e+01 6.9704e+02 1.5697e+01
6.0000e+01 7.6687e+02 5.8935e+01
9.0000e+01 7.4433e+02 2.4907e+01
1.2000e+02 7.2044e+02 3.1049e+01
1.5000e+02 6.7654e+02 2.4091e+01
1.8000e+02 6.7661e+02 1.7456e+01
2.1000e+02 6.9450e+02 2.1780e+01
2.4000e+02 7.6040e+02 3.9978e+01
2.7000e+02 7.8502e+02 3.7414e+01
3.0000e+02 7.1958e+02 2.7380e+01
3.3000e+02 6.8658e+02 4.7619e+00
/newplot
/plotname contrast2=0.5
0.0000e+00 7.1709e+02 1.6681e+01
3.0000e+01 7.8442e+02 6.9506e+01
6.0000e+01 7.3027e+02 2.0516e+01
9.0000e+01 7.6427e+02 5.3747e+01
1.2000e+02 7.6490e+02 5.6064e+01
1.5000e+02 7.0976e+02 3.1801e+01
1.8000e+02 7.3791e+02 3.3300e+01
2.1000e+02 7.6474e+02 3.1323e+01
2.4000e+02 7.6976e+02 4.7635e+01
2.7000e+02 7.8753e+02 1.0244e+02
3.0000e+02 7.4779e+02 3.8494e+01
3.3000e+02 7.1566e+02 4.3882e+01
/newplot
/plotname baseline
0.000000e+00 6.866949e+02
3.300000e+02 6.866949e+02
