/newplot
/plotname contrast2=0.0
0.0000e+00 4.8849e+02 1.2668e+01
3.0000e+01 4.8631e+02 2.4610e+01
6.0000e+01 4.7588e+02 1.7171e+01
9.0000e+01 4.7111e+02 8.7908e+00
1.2000e+02 4.8757e+02 2.9742e+01
1.5000e+02 4.8142e+02 2.1677e+01
1.8000e+02 4.8430e+02 1.3390e+01
2.1000e+02 4.7274e+02 1.6921e+01
2.4000e+02 4.8790e+02 1.2666e+01
2.7000e+02 4.7621e+02 1.8870e+01
3.0000e+02 4.8111e+02 1.6785e+01
3.3000e+02 4.9000e+02 1.9704e+01
/newplot
/plotname contrast2=0.5
0.0000e+00 4.8139e+02 1.8683e+01
3.0000e+01 4.8636e+02 2.2177e+01
6.0000e+01 4.9859e+02 2.2898e+01
9.0000e+01 5.0128e+02 1.2700e+01
1.2000e+02 5.2245e+02 2.7064e+01
1.5000e+02 5.0397e+02 7.2582e+00
1.8000e+02 4.8175e+02 2.5633e+01
2.1000e+02 4.9337e+02 1.6294e+01
2.4000e+02 5.2420e+02 2.1814e+01
2.7000e+02 5.1333e+02 3.6823e+01
3.0000e+02 5.0050e+02 1.2857e+01
3.3000e+02 4.9549e+02 2.6010e+01
/newplot
/plotname baseline
0.000000e+00 4.584756e+02
3.300000e+02 4.584756e+02
