/newplot
/plotname contrast2=0.0
0.0000e+00 9.1343e+02 1.6036e+01
3.0000e+01 9.5296e+02 4.3415e+01
6.0000e+01 8.9676e+02 4.3278e+01
9.0000e+01 8.6895e+02 2.0612e+01
1.2000e+02 8.8246e+02 4.4718e+01
1.5000e+02 8.6774e+02 1.8688e+01
1.8000e+02 8.9600e+02 3.5241e+01
2.1000e+02 9.2566e+02 4.2828e+01
2.4000e+02 9.2036e+02 2.5723e+01
2.7000e+02 8.7393e+02 3.8743e+01
3.0000e+02 8.8285e+02 1.3741e+01
3.3000e+02 8.7680e+02 2.3812e+01
/newplot
/plotname contrast2=0.5
0.0000e+00 9.2130e+02 2.7284e+01
3.0000e+01 9.4223e+02 2.9663e+01
6.0000e+01 9.0122e+02 3.5092e+01
9.0000e+01 9.2044e+02 3.1653e+01
1.2000e+02 9.7687e+02 5.5017e+01
1.5000e+02 8.9639e+02 2.9415e+01
1.8000e+02 9.2710e+02 4.5298e+01
2.1000e+02 9.6687e+02 1.9508e+01
2.4000e+02 9.3639e+02 2.6079e+01
2.7000e+02 9.5778e+02 4.2320e+01
3.0000e+02 9.4030e+02 3.0789e+01
3.3000e+02 9.2034e+02 2.7825e+01
/newplot
/plotname baseline
0.000000e+00 8.757873e+02
3.300000e+02 8.757873e+02
