/newplot
/plotname contrast2=0.0
0.0000e+00 6.5116e+02 2.9495e+01
3.0000e+01 6.4808e+02 3.2529e+01
6.0000e+01 6.1169e+02 3.0537e+01
9.0000e+01 5.8535e+02 1.9804e+01
1.2000e+02 6.1683e+02 2.2206e+01
1.5000e+02 6.1661e+02 3.5622e+01
1.8000e+02 6.9319e+02 2.0005e+01
2.1000e+02 6.8788e+02 4.4497e+01
2.4000e+02 6.1264e+02 1.6316e+01
2.7000e+02 5.9797e+02 2.2880e+01
3.0000e+02 6.1965e+02 4.1191e+01
3.3000e+02 6.0054e+02 1.0490e+01
/newplot
/plotname contrast2=0.5
0.0000e+00 6.5062e+02 2.5161e+01
3.0000e+01 6.7040e+02 3.1168e+01
6.0000e+01 6.5097e+02 3.4907e+01
9.0000e+01 6.7546e+02 2.1466e+01
1.2000e+02 7.0740e+02 4.8474e+01
1.5000e+02 6.3900e+02 3.2107e+01
1.8000e+02 6.7874e+02 3.6595e+01
2.1000e+02 7.1679e+02 4.6730e+01
2.4000e+02 6.7374e+02 4.2355e+01
2.7000e+02 6.9199e+02 4.9320e+01
3.0000e+02 6.6532e+02 3.8028e+01
3.3000e+02 6.4486e+02 3.5392e+01
/newplot
/plotname baseline
0.000000e+00 6.006236e+02
3.300000e+02 6.006236e+02
