/newplot
/plotname contrast2=0.0
0.0000e+00 1.1875e+03 8.0957e+01
3.0000e+01 1.1530e+03 4.9608e+01
6.0000e+01 1.1649e+03 6.1489e+01
9.0000e+01 1.1377e+03 8.6184e+01
1.2000e+02 1.1685e+03 9.5619e+01
1.5000e+02 1.1726e+03 9.0743e+01
1.8000e+02 1.1679e+03 7.3295e+01
2.1000e+02 1.1525e+03 5.6211e+01
2.4000e+02 1.1508e+03 2.4044e+01
2.7000e+02 1.1312e+03 4.8472e+01
3.0000e+02 1.1326e+03 6.8672e+01
3.3000e+02 1.1617e+03 5.3469e+01
/newplot
/plotname contrast2=0.5
0.0000e+00 1.1714e+03 3.2747e+01
3.0000e+01 1.2012e+03 3.9698e+01
6.0000e+01 1.1497e+03 7.9661e+01
9.0000e+01 1.1798e+03 6.6106e+01
1.2000e+02 1.2019e+03 7.0900e+01
1.5000e+02 1.1704e+03 7.2010e+01
1.8000e+02 1.1405e+03 8.1410e+01
2.1000e+02 1.1891e+03 4.3251e+01
2.4000e+02 1.1911e+03 6.3078e+01
2.7000e+02 1.1990e+03 8.6511e+01
3.0000e+02 1.1659e+03 7.1689e+01
3.3000e+02 1.1968e+03 4.9487e+01
/newplot
/plotname baseline
0.000000e+00 1.118077e+03
3.300000e+02 1.118077e+03
