/newplot
/plotname contrast2=0.0
0.0000e+00 7.9688e+02 2.3225e+01
3.0000e+01 7.6098e+02 3.2691e+01
6.0000e+01 7.3897e+02 2.8914e+01
9.0000e+01 7.4033e+02 1.7174e+01
1.2000e+02 7.6610e+02 2.6356e+01
1.5000e+02 9.0467e+02 7.0074e+01
1.8000e+02 7.9783e+02 2.5306e+01
2.1000e+02 7.5523e+02 1.7858e+01
2.4000e+02 7.4412e+02 2.4210e+01
2.7000e+02 7.5037e+02 4.1574e+01
3.0000e+02 7.5335e+02 2.5190e+01
3.3000e+02 9.1415e+02 2.9505e+01
/newplot
/plotname contrast2=0.5
0.0000e+00 7.8493e+02 2.9926e+01
3.0000e+01 7.9532e+02 4.7942e+01
6.0000e+01 8.1785e+02 5.3283e+01
9.0000e+01 7.7956e+02 2.7019e+01
1.2000e+02 8.0279e+02 4.2586e+01
1.5000e+02 8.0522e+02 4.7736e+01
1.8000e+02 8.0196e+02 1.9932e+01
2.1000e+02 8.0117e+02 2.5884e+01
2.4000e+02 8.6185e+02 2.3716e+01
2.7000e+02 8.3565e+02 6.2469e+01
3.0000e+02 8.2345e+02 2.0708e+01
3.3000e+02 8.5481e+02 4.4607e+01
/newplot
/plotname baseline
0.000000e+00 7.554243e+02
3.300000e+02 7.554243e+02
