/newplot
/plotname contrast2=0.0
0.0000e+00 5.3734e+02 2.6444e+01
3.0000e+01 5.3720e+02 3.4422e+01
6.0000e+01 6.0163e+02 4.7043e+01
9.0000e+01 5.7122e+02 2.7822e+01
1.2000e+02 5.3655e+02 3.7142e+01
1.5000e+02 5.2210e+02 2.9890e+01
1.8000e+02 5.3362e+02 1.4508e+01
2.1000e+02 5.4855e+02 2.9002e+01
2.4000e+02 6.3091e+02 5.5850e+01
2.7000e+02 5.9096e+02 4.3687e+01
3.0000e+02 5.3539e+02 4.2336e+01
3.3000e+02 5.3869e+02 3.1416e+01
/newplot
/plotname contrast2=0.5
0.0000e+00 5.4853e+02 2.1248e+01
3.0000e+01 5.7090e+02 2.2122e+01
6.0000e+01 5.6597e+02 3.5667e+01
9.0000e+01 5.4704e+02 2.8865e+01
1.2000e+02 5.7672e+02 4.0634e+01
1.5000e+02 5.7298e+02 4.8910e+01
1.8000e+02 5.8780e+02 4.0397e+01
2.1000e+02 5.8857e+02 3.7579e+01
2.4000e+02 5.9256e+02 3.2144e+01
2.7000e+02 5.8792e+02 3.3583e+01
3.0000e+02 5.7600e+02 2.8339e+01
3.3000e+02 5.5707e+02 2.5082e+01
/newplot
/plotname baseline
0.000000e+00 5.298836e+02
3.300000e+02 5.298836e+02
