/newplot
/plotname contrast2=0.0
0.0000e+00 5.6685e+02 2.7935e+01
3.0000e+01 5.7671e+02 2.8335e+01
6.0000e+01 6.5397e+02 1.8601e+01
9.0000e+01 8.4388e+02 8.9589e+01
1.2000e+02 6.6927e+02 3.4308e+01
1.5000e+02 5.6856e+02 2.6232e+01
1.8000e+02 5.8311e+02 1.1547e+01
2.1000e+02 5.7701e+02 3.5339e+01
2.4000e+02 6.1626e+02 2.0653e+01
2.7000e+02 8.8175e+02 9.1953e+01
3.0000e+02 6.0747e+02 3.0168e+01
3.3000e+02 5.9243e+02 3.8508e+01
/newplot
/plotname contrast2=0.5
0.0000e+00 6.5278e+02 2.8309e+01
3.0000e+01 6.4407e+02 3.9712e+01
6.0000e+01 6.3596e+02 3.7106e+01
9.0000e+01 6.5745e+02 6.3279e+01
1.2000e+02 6.4133e+02 6.2369e+01
1.5000e+02 6.0566e+02 1.7165e+01
1.8000e+02 6.4812e+02 3.7980e+01
2.1000e+02 6.3156e+02 3.6744e+01
2.4000e+02 6.3016e+02 2.1205e+01
2.7000e+02 7.1080e+02 1.0029e+02
3.0000e+02 6.2353e+02 2.3284e+01
3.3000e+02 6.1328e+02 2.3889e+01
/newplot
/plotname baseline
0.000000e+00 5.777367e+02
3.300000e+02 5.777367e+02
