/newplot
/plotname contrast2=0.0
0.0000e+00 7.7345e+02 3.2769e+01
3.0000e+01 8.0390e+02 3.5562e+01
6.0000e+01 8.0012e+02 4.1567e+01
9.0000e+01 7.7109e+02 1.6385e+01
1.2000e+02 7.5821e+02 1.8981e+01
1.5000e+02 7.6520e+02 3.4494e+01
1.8000e+02 7.8033e+02 1.5357e+01
2.1000e+02 8.0980e+02 2.4836e+01
2.4000e+02 7.9084e+02 5.0341e+01
2.7000e+02 7.8516e+02 2.0922e+01
3.0000e+02 7.5566e+02 4.4290e+01
3.3000e+02 7.7471e+02 1.3697e+01
/newplot
/plotname contrast2=0.5
0.0000e+00 7.8302e+02 5.4277e+01
3.0000e+01 8.3471e+02 3.5345e+01
6.0000e+01 7.9201e+02 4.0128e+01
9.0000e+01 7.6757e+02 2.6200e+01
1.2000e+02 8.2919e+02 4.6081e+01
1.5000e+02 7.8745e+02 1.7011e+01
1.8000e+02 7.9462e+02 1.5905e+01
2.1000e+02 8.5088e+02 7.1146e+01
2.4000e+02 8.2960e+02 4.5308e+01
2.7000e+02 8.0415e+02 3.7317e+01
3.0000e+02 8.0248e+02 2.6977e+01
3.3000e+02 7.9864e+02 2.9095e+01
/newplot
/plotname baseline
0.000000e+00 7.557407e+02
3.300000e+02 7.557407e+02
