/newplot
/plotname contrast2=0.0
0.0000e+00 1.1273e+03 3.3043e+01
3.0000e+01 1.1001e+03 5.3320e+01
6.0000e+01 1.1137e+03 5.9416e+01
9.0000e+01 1.1395e+03 4.6591e+01
1.2000e+02 1.1472e+03 5.1540e+01
1.5000e+02 1.1125e+03 1.1990e+01
1.8000e+02 1.1059e+03 6.3948e+01
2.1000e+02 1.1362e+03 6.5187e+01
2.4000e+02 1.1219e+03 6.7707e+01
2.7000e+02 1.1324e+03 3.6621e+01
3.0000e+02 1.1064e+03 6.7416e+01
3.3000e+02 1.1399e+03 5.1612e+01
/newplot
/plotname contrast2=0.5
0.0000e+00 1.1295e+03 5.9119e+01
3.0000e+01 1.1408e+03 5.0839e+01
6.0000e+01 1.0973e+03 2.7604e+01
9.0000e+01 1.1160e+03 4.7537e+01
1.2000e+02 1.1321e+03 3.8539e+01
1.5000e+02 1.1452e+03 4.4570e+01
1.8000e+02 1.1241e+03 4.2805e+01
2.1000e+02 1.1150e+03 2.3297e+01
2.4000e+02 1.1370e+03 2.9121e+01
2.7000e+02 1.1536e+03 4.8999e+01
3.0000e+02 1.1034e+03 4.3884e+01
3.3000e+02 1.1003e+03 6.3547e+01
/newplot
/plotname baseline
0.000000e+00 1.098171e+03
3.300000e+02 1.098171e+03
