/newplot
/plotname contrast2=0.0
0.0000e+00 1.8578e+03 3.0823e+02
3.0000e+01 1.1450e+03 1.9800e+02
6.0000e+01 1.0058e+03 2.3029e+02
9.0000e+01 9.6120e+02 1.4263e+02
1.2000e+02 1.0179e+03 1.0575e+02
1.5000e+02 1.0524e+03 9.3939e+01
1.8000e+02 1.6726e+03 4.5709e+02
2.1000e+02 1.0624e+03 2.7314e+02
2.4000e+02 9.3642e+02 1.0538e+02
2.7000e+02 9.9947e+02 1.7155e+02
3.0000e+02 1.0912e+03 2.9947e+02
3.3000e+02 1.1805e+03 8.1343e+01
/newplot
/plotname contrast2=0.5
0.0000e+00 1.5277e+03 2.2887e+02
3.0000e+01 9.3003e+02 4.8465e+01
6.0000e+01 1.1232e+03 2.6232e+02
9.0000e+01 1.2389e+03 1.5951e+02
1.2000e+02 1.0524e+03 1.5427e+02
1.5000e+02 1.1618e+03 3.0033e+02
1.8000e+02 1.5424e+03 2.2884e+02
2.1000e+02 1.1130e+03 3.7570e+02
2.4000e+02 1.2346e+03 4.9723e+02
2.7000e+02 1.7745e+03 3.6518e+02
3.0000e+02 1.0616e+03 1.1450e+02
3.3000e+02 1.2405e+03 4.4389e+02
/newplot
/plotname baseline
0.000000e+00 1.051113e+03
3.300000e+02 1.051113e+03
