/newplot
/plotname contrast2=0.0
0.0000e+00 7.0402e+02 1.7329e+01
3.0000e+01 7.0812e+02 3.4947e+01
6.0000e+01 7.6667e+02 3.5300e+01
9.0000e+01 7.2731e+02 1.4823e+01
1.2000e+02 7.2964e+02 1.9989e+01
1.5000e+02 6.9777e+02 3.2286e+01
1.8000e+02 7.1624e+02 1.2640e+01
2.1000e+02 7.5573e+02 3.6798e+01
2.4000e+02 7.7731e+02 4.7154e+01
2.7000e+02 7.2754e+02 2.5355e+01
3.0000e+02 7.0863e+02 2.7824e+01
3.3000e+02 7.0533e+02 3.8797e+01
/newplot
/plotname contrast2=0.5
0.0000e+00 7.2601e+02 2.0771e+01
3.0000e+01 7.8905e+02 4.4712e+01
6.0000e+01 7.5303e+02 6.6763e+01
9.0000e+01 7.3293e+02 4.4465e+01
1.2000e+02 7.5208e+02 4.3220e+01
1.5000e+02 7.5823e+02 3.9795e+01
1.8000e+02 7.2710e+02 4.5446e+01
2.1000e+02 8.0403e+02 4.7720e+01
2.4000e+02 7.7678e+02 5.8015e+01
2.7000e+02 7.2588e+02 3.5829e+01
3.0000e+02 7.4037e+02 3.3969e+01
3.3000e+02 7.5551e+02 4.1510e+01
/newplot
/plotname baseline
0.000000e+00 6.976964e+02
3.300000e+02 6.976964e+02
