/newplot
/plotname contrast2=0.0
0.0000e+00 7.5666e+02 2.3124e+01
3.0000e+01 7.1038e+02 2.0131e+01
6.0000e+01 6.9517e+02 1.7279e+01
9.0000e+01 6.8513e+02 2.0776e+01
1.2000e+02 7.1285e+02 1.1352e+01
1.5000e+02 7.5136e+02 3.4322e+01
1.8000e+02 7.8753e+02 4.3391e+01
2.1000e+02 7.0533e+02 2.2717e+01
2.4000e+02 6.9838e+02 2.3947e+01
2.7000e+02 7.0268e+02 1.8256e+01
3.0000e+02 7.0269e+02 1.7583e+01
3.3000e+02 7.3399e+02 1.3803e+01
/newplot
/plotname contrast2=0.5
0.0000e+00 7.5261e+02 3.0913e+01
3.0000e+01 7.2435e+02 3.9459e+01
6.0000e+01 7.6224e+02 2.5589e+01
9.0000e+01 7.7353e+02 2.8602e+01
1.2000e+02 7.7748e+02 4.3914e+01
1.5000e+02 7.3957e+02 2.4399e+01
1.8000e+02 8.1104e+02 4.3082e+01
2.1000e+02 7.3701e+02 2.8633e+01
2.4000e+02 7.7762e+02 4.0049e+01
2.7000e+02 7.7097e+02 3.2411e+01
3.0000e+02 7.2877e+02 1.3638e+01
3.3000e+02 7.4811e+02 2.3752e+01
/newplot
/plotname baseline
0.000000e+00 6.915827e+02
3.300000e+02 6.915827e+02
