/newplot
/plotname contrast2=0.0
0.0000e+00 6.0115e+02 2.3371e+01
3.0000e+01 6.0670e+02 3.0131e+01
6.0000e+01 5.8935e+02 1.7641e+01
9.0000e+01 5.8633e+02 2.2633e+01
1.2000e+02 5.9647e+02 1.3098e+01
1.5000e+02 5.9221e+02 1.4371e+01
1.8000e+02 6.0425e+02 2.6718e+01
2.1000e+02 5.9199e+02 4.1490e+01
2.4000e+02 5.9908e+02 2.7779e+01
2.7000e+02 6.0044e+02 2.0604e+01
3.0000e+02 5.6868e+02 3.3359e+01
3.3000e+02 6.1415e+02 1.5654e+01
/newplot
/plotname contrast2=0.5
0.0000e+00 5.9151e+02 3.6014e+01
3.0000e+01 6.1613e+02 3.7369e+01
6.0000e+01 5.9635e+02 2.8782e+01
9.0000e+01 6.1633e+02 1.7343e+01
1.2000e+02 6.0971e+02 3.8116e+01
1.5000e+02 5.8575e+02 1.7888e+01
1.8000e+02 5.8696e+02 2.5686e+01
2.1000e+02 5.9083e+02 2.6638e+01
2.4000e+02 6.1394e+02 3.0906e+01
2.7000e+02 6.1720e+02 3.8447e+01
3.0000e+02 5.9410e+02 4.1915e+01
3.3000e+02 6.0821e+02 1.7274e+01
/newplot
/plotname baseline
0.000000e+00 5.746625e+02
3.300000e+02 5.746625e+02
