/newplot
/plotname contrast2=0.0
0.0000e+00 1.0395e+03 1.4898e+01
3.0000e+01 1.0340e+03 3.4929e+01
6.0000e+01 1.0190e+03 3.0471e+01
9.0000e+01 1.0180e+03 1.8118e+01
1.2000e+02 1.0642e+03 3.7577e+01
1.5000e+02 1.0328e+03 2.5014e+01
1.8000e+02 1.0375e+03 2.1831e+01
2.1000e+02 1.0237e+03 2.2249e+01
2.4000e+02 1.0317e+03 3.9208e+01
2.7000e+02 1.0221e+03 2.9436e+01
3.0000e+02 1.0290e+03 1.7700e+01
3.3000e+02 1.0631e+03 2.6916e+01
/newplot
/plotname contrast2=0.5
0.0000e+00 1.0574e+03 2.1073e+01
3.0000e+01 1.0625e+03 4.1152e+01
6.0000e+01 1.0482e+03 3.3245e+01
9.0000e+01 1.0294e+03 2.8716e+01
1.2000e+02 1.0700e+03 2.2128e+01
1.5000e+02 1.0360e+03 2.8020e+01
1.8000e+02 1.0507e+03 2.0342e+01
2.1000e+02 1.0683e+03 3.1043e+01
2.4000e+02 1.0741e+03 2.3750e+01
2.7000e+02 1.0688e+03 3.3558e+01
3.0000e+02 1.0671e+03 1.7780e+01
3.3000e+02 1.0684e+03 1.3278e+01
/newplot
/plotname baseline
0.000000e+00 9.975975e+02
3.300000e+02 9.975975e+02
