/newplot
/plotname contrast2=0.0
0.0000e+00 1.1281e+03 2.5722e+01
3.0000e+01 1.1675e+03 4.0949e+01
6.0000e+01 1.2801e+03 7.0240e+01
9.0000e+01 1.2160e+03 2.9876e+01
1.2000e+02 1.1757e+03 3.1626e+01
1.5000e+02 1.1233e+03 3.0501e+01
1.8000e+02 1.1583e+03 3.2253e+01
2.1000e+02 1.1682e+03 1.9713e+01
2.4000e+02 1.4310e+03 7.4679e+01
2.7000e+02 1.2792e+03 4.8871e+01
3.0000e+02 1.1634e+03 3.9692e+01
3.3000e+02 1.1432e+03 2.3878e+01
/newplot
/plotname contrast2=0.5
0.0000e+00 1.1938e+03 3.2717e+01
3.0000e+01 1.2483e+03 3.8266e+01
6.0000e+01 1.2388e+03 6.3556e+01
9.0000e+01 1.1857e+03 5.0480e+01
1.2000e+02 1.2422e+03 7.9024e+01
1.5000e+02 1.2621e+03 3.8577e+01
1.8000e+02 1.2338e+03 4.6489e+01
2.1000e+02 1.2778e+03 6.8460e+01
2.4000e+02 1.3494e+03 6.1524e+01
2.7000e+02 1.2768e+03 9.3350e+01
3.0000e+02 1.1983e+03 3.0039e+01
3.3000e+02 1.2400e+03 5.2213e+01
/newplot
/plotname baseline
0.000000e+00 1.157494e+03
3.300000e+02 1.157494e+03
