/newplot
/plotname contrast2=0.0
0.0000e+00 2.1422e+02 9.3963e+00
3.0000e+01 2.0498e+02 1.2960e+01
6.0000e+01 1.9215e+02 7.3523e+00
9.0000e+01 1.9388e+02 9.1228e+00
1.2000e+02 1.9576e+02 9.1671e+00
1.5000e+02 1.9857e+02 6.3914e+00
1.8000e+02 2.0580e+02 1.6400e+01
2.1000e+02 1.9798e+02 1.1164e+01
2.4000e+02 2.0210e+02 1.3601e+01
2.7000e+02 1.9449e+02 1.1106e+01
3.0000e+02 1.9198e+02 8.5966e+00
3.3000e+02 1.9528e+02 1.5356e+01
/newplot
/plotname contrast2=0.5
0.0000e+00 2.0773e+02 1.6775e+01
3.0000e+01 1.9616e+02 5.0955e+00
6.0000e+01 1.9631e+02 1.9031e+01
9.0000e+01 2.0395e+02 1.9444e+01
1.2000e+02 2.0355e+02 2.4635e+01
1.5000e+02 2.0689e+02 1.7657e+01
1.8000e+02 2.1342e+02 1.8372e+01
2.1000e+02 1.9720e+02 1.2116e+01
2.4000e+02 2.0611e+02 1.7767e+01
2.7000e+02 2.0341e+02 1.4872e+01
3.0000e+02 2.0716e+02 1.9713e+01
3.3000e+02 2.0261e+02 1.6066e+01
/newplot
/plotname baseline
0.000000e+00 1.972208e+02
3.300000e+02 1.972208e+02
