/newplot
/plotname contrast2=0.0
0.0000e+00 8.2071e+01 4.6652e+00
3.0000e+01 8.0431e+01 4.7512e+00
6.0000e+01 7.8835e+01 4.6224e+00
9.0000e+01 8.0670e+01 3.2079e+00
1.2000e+02 8.4293e+01 4.4020e+00
1.5000e+02 8.2199e+01 5.6915e+00
1.8000e+02 8.6399e+01 9.3124e+00
2.1000e+02 8.2459e+01 4.8652e+00
2.4000e+02 8.7155e+01 3.5458e+00
2.7000e+02 8.1270e+01 2.4452e+00
3.0000e+02 8.1519e+01 3.2577e+00
3.3000e+02 8.3249e+01 6.6182e+00
/newplot
/plotname contrast2=0.5
0.0000e+00 8.0754e+01 1.0360e+01
3.0000e+01 8.1882e+01 3.9670e+00
6.0000e+01 8.3749e+01 8.2582e+00
9.0000e+01 8.4205e+01 5.8930e+00
1.2000e+02 8.1505e+01 7.0141e+00
1.5000e+02 8.8631e+01 7.1710e+00
1.8000e+02 8.7048e+01 4.5312e+00
2.1000e+02 8.3293e+01 2.1502e+00
2.4000e+02 8.5877e+01 5.6139e+00
2.7000e+02 8.1997e+01 5.8343e+00
3.0000e+02 8.4306e+01 5.9137e+00
3.3000e+02 8.7166e+01 1.0639e+01
/newplot
/plotname baseline
0.000000e+00 8.195840e+01
3.300000e+02 8.195840e+01
