/newplot
/plotname contrast2=0.0
0.0000e+00 8.2722e+01 8.3898e+00
3.0000e+01 8.7166e+01 4.2015e+00
6.0000e+01 8.1445e+01 4.4422e+00
9.0000e+01 7.8221e+01 5.7542e+00
1.2000e+02 7.9392e+01 8.8578e+00
1.5000e+02 7.7353e+01 2.1083e+00
1.8000e+02 7.9448e+01 6.4982e+00
2.1000e+02 7.9347e+01 6.8239e+00
2.4000e+02 8.3323e+01 8.8529e+00
2.7000e+02 7.6029e+01 2.0391e+00
3.0000e+02 7.8906e+01 5.9979e+00
3.3000e+02 8.3193e+01 3.8409e+00
/newplot
/plotname contrast2=0.5
0.0000e+00 8.3586e+01 6.9601e+00
3.0000e+01 7.9189e+01 8.2695e+00
6.0000e+01 7.8002e+01 4.7753e+00
9.0000e+01 8.6439e+01 7.3822e+00
1.2000e+02 7.6024e+01 8.7600e+00
1.5000e+02 8.3226e+01 1.2148e+01
1.8000e+02 8.7515e+01 8.5499e+00
2.1000e+02 8.1474e+01 6.8473e+00
2.4000e+02 7.3934e+01 3.8705e+00
2.7000e+02 8.3175e+01 1.0642e+01
3.0000e+02 8.3858e+01 8.5819e+00
3.3000e+02 7.7454e+01 9.9899e+00
/newplot
/plotname baseline
0.000000e+00 8.153336e+01
3.300000e+02 8.153336e+01
