/newplot
/plotname contrast2=0.0
0.0000e+00 1.4809e+02 1.0757e+01
3.0000e+01 1.5617e+02 1.4016e+01
6.0000e+01 1.5056e+02 8.9612e+00
9.0000e+01 1.5592e+02 8.0912e+00
1.2000e+02 1.5249e+02 6.9739e+00
1.5000e+02 1.4859e+02 6.8568e+00
1.8000e+02 1.4827e+02 1.2319e+01
2.1000e+02 1.4704e+02 5.6188e+00
2.4000e+02 1.5369e+02 7.1937e+00
2.7000e+02 1.5100e+02 8.3142e+00
3.0000e+02 1.5103e+02 1.1783e+01
3.3000e+02 1.5097e+02 1.2997e+01
/newplot
/plotname contrast2=0.5
0.0000e+00 1.5101e+02 7.9781e+00
3.0000e+01 1.4994e+02 1.1513e+01
6.0000e+01 1.5180e+02 7.7057e+00
9.0000e+01 1.4607e+02 1.4233e+01
1.2000e+02 1.5523e+02 7.8382e+00
1.5000e+02 1.5208e+02 8.6264e+00
1.8000e+02 1.4725e+02 8.0953e+00
2.1000e+02 1.4517e+02 9.6414e+00
2.4000e+02 1.5433e+02 1.5258e+01
2.7000e+02 1.5403e+02 1.5123e+01
3.0000e+02 1.4661e+02 8.0993e+00
3.3000e+02 1.5492e+02 3.9402e+00
/newplot
/plotname baseline
0.000000e+00 1.496206e+02
3.300000e+02 1.496206e+02
