/newplot
/plotname contrast2=0.0
0.0000e+00 1.9585e+02 1.1025e+01
3.0000e+01 1.9505e+02 1.1325e+01
6.0000e+01 1.8503e+02 1.1868e+01
9.0000e+01 1.9735e+02 1.1863e+01
1.2000e+02 1.9665e+02 2.3003e+01
1.5000e+02 1.9711e+02 1.8231e+01
1.8000e+02 2.0172e+02 1.3290e+01
2.1000e+02 2.0418e+02 7.3500e+00
2.4000e+02 2.0903e+02 6.8762e+00
2.7000e+02 2.0281e+02 1.2441e+01
3.0000e+02 1.9745e+02 1.7149e+01
3.3000e+02 2.0647e+02 1.2147e+01
/newplot
/plotname contrast2=0.5
0.0000e+00 1.9480e+02 1.1744e+01
3.0000e+01 2.0348e+02 1.6192e+01
6.0000e+01 1.9631e+02 1.3869e+01
9.0000e+01 2.1129e+02 1.9316e+01
1.2000e+02 2.0057e+02 1.9027e+01
1.5000e+02 2.0306e+02 1.3717e+01
1.8000e+02 2.0339e+02 1.0044e+01
2.1000e+02 1.9492e+02 1.9589e+01
2.4000e+02 2.0032e+02 1.5002e+01
2.7000e+02 2.0233e+02 2.0582e+01
3.0000e+02 2.0597e+02 1.6225e+01
3.3000e+02 2.0095e+02 5.7377e+00
/newplot
/plotname baseline
0.000000e+00 1.931187e+02
3.300000e+02 1.931187e+02
