/newplot
/plotname contrast2=0.0
0.0000e+00 3.1765e+02 1.8697e+01
3.0000e+01 3.2305e+02 1.8110e+01
6.0000e+01 3.2116e+02 2.1865e+01
9.0000e+01 3.2125e+02 1.0229e+01
1.2000e+02 3.3342e+02 2.2504e+01
1.5000e+02 3.2905e+02 2.4311e+01
1.8000e+02 3.3269e+02 2.9208e+01
2.1000e+02 3.2933e+02 2.0288e+01
2.4000e+02 3.3731e+02 2.0219e+01
2.7000e+02 3.3009e+02 1.7962e+01
3.0000e+02 3.2901e+02 1.5453e+01
3.3000e+02 3.3225e+02 2.1090e+01
/newplot
/plotname contrast2=0.5
0.0000e+00 3.3162e+02 3.0983e+01
3.0000e+01 3.3926e+02 1.4768e+01
6.0000e+01 3.3491e+02 3.5752e+01
9.0000e+01 3.5310e+02 6.2697e+01
1.2000e+02 3.3309e+02 2.4182e+01
1.5000e+02 3.6242e+02 7.7348e+01
1.8000e+02 3.4463e+02 3.6991e+01
2.1000e+02 3.1806e+02 3.2570e+01
2.4000e+02 3.2957e+02 3.8099e+01
2.7000e+02 3.3082e+02 1.5065e+01
3.0000e+02 3.3247e+02 2.1139e+01
3.3000e+02 3.6014e+02 6.5951e+01
/newplot
/plotname baseline
0.000000e+00 3.222018e+02
3.300000e+02 3.222018e+02
