/newplot
/plotname contrast2=0.0
0.0000e+00 2.0181e+02 1.3137e+01
3.0000e+01 2.0163e+02 1.0577e+01
6.0000e+01 1.9097e+02 1.1441e+01
9.0000e+01 1.9462e+02 1.0993e+01
1.2000e+02 1.9922e+02 1.4378e+01
1.5000e+02 2.0685e+02 1.2677e+01
1.8000e+02 1.9842e+02 1.5318e+01
2.1000e+02 1.9741e+02 8.1674e+00
2.4000e+02 2.0551e+02 9.8335e+00
2.7000e+02 1.9506e+02 6.5211e+00
3.0000e+02 2.0400e+02 8.8662e+00
3.3000e+02 2.0881e+02 5.2299e+00
/newplot
/plotname contrast2=0.5
0.0000e+00 2.0096e+02 1.0919e+01
3.0000e+01 2.0407e+02 7.1298e+00
6.0000e+01 1.9851e+02 2.0280e+01
9.0000e+01 2.1442e+02 9.4348e+00
1.2000e+02 2.0496e+02 2.3204e+01
1.5000e+02 2.1187e+02 2.7093e+01
1.8000e+02 2.0043e+02 2.1593e+01
2.1000e+02 1.9741e+02 1.4893e+01
2.4000e+02 2.0494e+02 1.6434e+01
2.7000e+02 2.0376e+02 8.5745e+00
3.0000e+02 1.9806e+02 1.6052e+01
3.3000e+02 2.1809e+02 3.2146e+01
/newplot
/plotname baseline
0.000000e+00 2.000063e+02
3.300000e+02 2.000063e+02
