/newplot
/plotname contrast2=0.0
0.0000e+00 1.9013e+02 1.6447e+01
3.0000e+01 1.7810e+02 8.5210e+00
6.0000e+01 1.8732e+02 7.9450e+00
9.0000e+01 1.9956e+02 1.5671e+01
1.2000e+02 2.0078e+02 3.2227e+01
1.5000e+02 2.5279e+02 1.1691e+02
1.8000e+02 1.8911e+02 8.0632e+00
2.1000e+02 1.9085e+02 1.8212e+01
2.4000e+02 1.8524e+02 1.4909e+01
2.7000e+02 1.9615e+02 1.9380e+01
3.0000e+02 1.8843e+02 1.3260e+01
3.3000e+02 2.5015e+02 1.5152e+02
/newplot
/plotname contrast2=0.5
0.0000e+00 1.9368e+02 1.1552e+01
3.0000e+01 2.1014e+02 2.5749e+01
6.0000e+01 1.9677e+02 3.7668e+01
9.0000e+01 1.9999e+02 2.9328e+01
1.2000e+02 1.8947e+02 2.2650e+01
1.5000e+02 2.1156e+02 3.2990e+01
1.8000e+02 1.9173e+02 1.3045e+01
2.1000e+02 1.8098e+02 1.2631e+01
2.4000e+02 1.9326e+02 2.0655e+01
2.7000e+02 1.9441e+02 1.3920e+01
3.0000e+02 2.0208e+02 2.7044e+01
3.3000e+02 2.1011e+02 5.1574e+01
/newplot
/plotname baseline
0.000000e+00 1.932056e+02
3.300000e+02 1.932056e+02
