/newplot
/plotname contrast2=0.0
0.0000e+00 1.2527e+02 1.4228e+01
3.0000e+01 1.1368e+02 1.0176e+01
6.0000e+01 1.0844e+02 9.9424e+00
9.0000e+01 1.1045e+02 6.6993e+00
1.2000e+02 1.1297e+02 7.6193e+00
1.5000e+02 1.1212e+02 1.3160e+01
1.8000e+02 1.2661e+02 1.8183e+01
2.1000e+02 1.0961e+02 5.6114e+00
2.4000e+02 1.1225e+02 8.7851e+00
2.7000e+02 1.0736e+02 4.7301e+00
3.0000e+02 1.1380e+02 5.9836e+00
3.3000e+02 1.2071e+02 7.2165e+00
/newplot
/plotname contrast2=0.5
0.0000e+00 1.2535e+02 1.5267e+01
3.0000e+01 1.1784e+02 5.2158e+00
6.0000e+01 1.1907e+02 1.4271e+01
9.0000e+01 1.2192e+02 9.1940e+00
1.2000e+02 1.2194e+02 1.1252e+01
1.5000e+02 1.2064e+02 1.3202e+01
1.8000e+02 1.2137e+02 1.7980e+01
2.1000e+02 1.1427e+02 5.1881e+00
2.4000e+02 1.1333e+02 5.5565e+00
2.7000e+02 1.1860e+02 1.5670e+01
3.0000e+02 1.1254e+02 1.2167e+01
3.3000e+02 1.1884e+02 1.3521e+01
/newplot
/plotname baseline
0.000000e+00 1.094299e+02
3.300000e+02 1.094299e+02
