/newplot
/plotname contrast2=0.0
0.0000e+00 2.6384e+02 6.0123e+01
3.0000e+01 2.2773e+02 1.8380e+01
6.0000e+01 2.1868e+02 8.2411e+00
9.0000e+01 2.4742e+02 6.6218e+01
1.2000e+02 2.3103e+02 2.9491e+01
1.5000e+02 2.9910e+02 1.1921e+02
1.8000e+02 3.1030e+02 9.1455e+01
2.1000e+02 2.2950e+02 2.8694e+01
2.4000e+02 2.2648e+02 2.1412e+01
2.7000e+02 2.3315e+02 3.3636e+01
3.0000e+02 2.3273e+02 8.6409e+00
3.3000e+02 2.5578e+02 4.1658e+01
/newplot
/plotname contrast2=0.5
0.0000e+00 2.6991e+02 7.3442e+01
3.0000e+01 2.3222e+02 1.5119e+01
6.0000e+01 2.5056e+02 2.7719e+01
9.0000e+01 2.7495e+02 5.2140e+01
1.2000e+02 2.5760e+02 4.3749e+01
1.5000e+02 2.4895e+02 2.9702e+01
1.8000e+02 2.7233e+02 6.9154e+01
2.1000e+02 2.4861e+02 2.2567e+01
2.4000e+02 2.5915e+02 2.3000e+01
2.7000e+02 2.7173e+02 4.3497e+01
3.0000e+02 2.3788e+02 2.3191e+01
3.3000e+02 2.3833e+02 2.4187e+01
/newplot
/plotname baseline
0.000000e+00 2.338145e+02
3.300000e+02 2.338145e+02
