/newplot
/plotname contrast2=0.0
0.0000e+00 6.4822e+02 3.1001e+01
3.0000e+01 6.4144e+02 1.0254e+01
6.0000e+01 6.2853e+02 2.9707e+01
9.0000e+01 6.2489e+02 3.8571e+01
1.2000e+02 6.1096e+02 3.7459e+01
1.5000e+02 6.0794e+02 3.7828e+01
1.8000e+02 6.2384e+02 2.3180e+01
2.1000e+02 6.3737e+02 1.6605e+01
2.4000e+02 6.0858e+02 1.9917e+01
2.7000e+02 6.3697e+02 2.3580e+01
3.0000e+02 6.0316e+02 3.1198e+01
3.3000e+02 6.1185e+02 2.1757e+01
/newplot
/plotname contrast2=0.5
0.0000e+00 6.2006e+02 3.0979e+01
3.0000e+01 6.1481e+02 2.5805e+01
6.0000e+01 6.2867e+02 1.6181e+01
9.0000e+01 6.2141e+02 2.3406e+01
1.2000e+02 6.2442e+02 2.1717e+01
1.5000e+02 6.3954e+02 2.4963e+01
1.8000e+02 6.3150e+02 1.5711e+01
2.1000e+02 6.2664e+02 3.1191e+01
2.4000e+02 6.1889e+02 3.2480e+01
2.7000e+02 6.3036e+02 1.4084e+01
3.0000e+02 6.1714e+02 1.7124e+01
3.3000e+02 6.3345e+02 2.7008e+01
/newplot
/plotname baseline
0.000000e+00 6.206136e+02
3.300000e+02 6.206136e+02
