/newplot
/plotname contrast2=0.0
0.0000e+00 1.0825e+02 8.7848e+00
3.0000e+01 1.0552e+02 3.5357e+00
6.0000e+01 9.9509e+01 1.3867e+01
9.0000e+01 1.0491e+02 8.6780e+00
1.2000e+02 1.1096e+02 1.1449e+01
1.5000e+02 1.0227e+02 1.2593e+01
1.8000e+02 1.0521e+02 1.2873e+01
2.1000e+02 1.0459e+02 6.9166e+00
2.4000e+02 1.0638e+02 1.3499e+01
2.7000e+02 9.9350e+01 8.4926e+00
3.0000e+02 1.0282e+02 1.4233e+01
3.3000e+02 1.0503e+02 1.5958e+01
/newplot
/plotname contrast2=0.5
0.0000e+00 1.0900e+02 9.2900e+00
3.0000e+01 1.0392e+02 1.0645e+01
6.0000e+01 1.0847e+02 1.3064e+01
9.0000e+01 1.0079e+02 9.7718e+00
1.2000e+02 9.9089e+01 8.6217e+00
1.5000e+02 9.9428e+01 1.0305e+01
1.8000e+02 1.0799e+02 1.1977e+01
2.1000e+02 9.7318e+01 9.8238e+00
2.4000e+02 1.0510e+02 1.5166e+01
2.7000e+02 1.0091e+02 9.4902e+00
3.0000e+02 1.0208e+02 4.4686e+00
3.3000e+02 1.0496e+02 1.3628e+01
/newplot
/plotname baseline
0.000000e+00 1.014777e+02
3.300000e+02 1.014777e+02
