/newplot
/plotname contrast2=0.0
0.0000e+00 1.6964e+02 2.0005e+01
3.0000e+01 1.5398e+02 1.2776e+01
6.0000e+01 1.4930e+02 5.8271e+00
9.0000e+01 1.5066e+02 1.1047e+01
1.2000e+02 1.6056e+02 2.6217e+01
1.5000e+02 1.6248e+02 2.9110e+01
1.8000e+02 1.6804e+02 2.8414e+01
2.1000e+02 1.4749e+02 7.9355e+00
2.4000e+02 1.5129e+02 4.2249e+00
2.7000e+02 1.4887e+02 7.8675e+00
3.0000e+02 1.5735e+02 1.8798e+01
3.3000e+02 1.6123e+02 1.7929e+01
/newplot
/plotname contrast2=0.5
0.0000e+00 1.9886e+02 8.7601e+01
3.0000e+01 1.6234e+02 2.4250e+01
6.0000e+01 1.7036e+02 3.3042e+01
9.0000e+01 1.7950e+02 4.0785e+01
1.2000e+02 1.9539e+02 7.4310e+01
1.5000e+02 1.6740e+02 3.5590e+01
1.8000e+02 1.6633e+02 4.6546e+01
2.1000e+02 1.5769e+02 9.4713e+00
2.4000e+02 1.6896e+02 1.8796e+01
2.7000e+02 1.8415e+02 5.5870e+01
3.0000e+02 1.8222e+02 7.5328e+01
3.3000e+02 1.7066e+02 4.3470e+01
/newplot
/plotname baseline
0.000000e+00 1.528039e+02
3.300000e+02 1.528039e+02
