/newplot
/plotname contrast2=0.0
0.0000e+00 5.9255e+02 9.2431e+01
3.0000e+01 6.0496e+02 5.5985e+01
6.0000e+01 5.7668e+02 8.8771e+01
9.0000e+01 6.0446e+02 8.0065e+01
1.2000e+02 6.0423e+02 7.8119e+01
1.5000e+02 6.3465e+02 1.0788e+02
1.8000e+02 6.2102e+02 4.9307e+01
2.1000e+02 6.4530e+02 4.9023e+01
2.4000e+02 6.4973e+02 3.4970e+01
2.7000e+02 6.0678e+02 6.6158e+01
3.0000e+02 6.4476e+02 8.6408e+01
3.3000e+02 6.2648e+02 1.2553e+02
/newplot
/plotname contrast2=0.5
0.0000e+00 6.4020e+02 7.0236e+01
3.0000e+01 6.1990e+02 8.7305e+01
6.0000e+01 6.1146e+02 5.9444e+01
9.0000e+01 6.2852e+02 6.8318e+01
1.2000e+02 6.0931e+02 7.5997e+01
1.5000e+02 6.3531e+02 7.4359e+01
1.8000e+02 6.2494e+02 7.0598e+01
2.1000e+02 6.1665e+02 1.2101e+02
2.4000e+02 6.3424e+02 1.1616e+02
2.7000e+02 6.3721e+02 9.8628e+01
3.0000e+02 6.1927e+02 7.9007e+01
3.3000e+02 6.3330e+02 4.7309e+01
/newplot
/plotname baseline
0.000000e+00 6.190287e+02
3.300000e+02 6.190287e+02
