/newplot
/plotname contrast2=0.0
0.0000e+00 1.4689e+02 5.9500e+00
3.0000e+01 1.5549e+02 6.1655e+00
6.0000e+01 1.5010e+02 1.0923e+01
9.0000e+01 1.5409e+02 3.0623e+00
1.2000e+02 1.5324e+02 1.2082e+01
1.5000e+02 1.4987e+02 5.2677e+00
1.8000e+02 1.6264e+02 9.5287e+00
2.1000e+02 1.5646e+02 5.7686e+00
2.4000e+02 1.5494e+02 1.1770e+01
2.7000e+02 1.5013e+02 8.3779e+00
3.0000e+02 1.5361e+02 9.8023e+00
3.3000e+02 1.5227e+02 6.8778e+00
/newplot
/plotname contrast2=0.5
0.0000e+00 1.5111e+02 4.8252e+00
3.0000e+01 1.5608e+02 4.6455e+00
6.0000e+01 1.5446e+02 9.4602e+00
9.0000e+01 1.5430e+02 1.0045e+01
1.2000e+02 1.4913e+02 5.5224e+00
1.5000e+02 1.5899e+02 1.0950e+01
1.8000e+02 1.4935e+02 1.2296e+01
2.1000e+02 1.5299e+02 1.0302e+01
2.4000e+02 1.5471e+02 1.6846e+01
2.7000e+02 1.5066e+02 1.0417e+01
3.0000e+02 1.5111e+02 8.4122e+00
3.3000e+02 1.4683e+02 7.0534e+00
/newplot
/plotname baseline
0.000000e+00 1.502083e+02
3.300000e+02 1.502083e+02
