/newplot
/plotname contrast2=0.0
0.0000e+00 2.7397e+02 2.2056e+01
3.0000e+01 2.6754e+02 8.9808e+00
6.0000e+01 2.6071e+02 3.0506e+01
9.0000e+01 2.8216e+02 3.7111e+01
1.2000e+02 2.8348e+02 3.8713e+01
1.5000e+02 2.8859e+02 4.0794e+01
1.8000e+02 2.7080e+02 1.8171e+01
2.1000e+02 2.7124e+02 3.3914e+01
2.4000e+02 2.7409e+02 1.9139e+01
2.7000e+02 2.7059e+02 2.3310e+01
3.0000e+02 2.6650e+02 3.5471e+01
3.3000e+02 2.8925e+02 2.6639e+01
/newplot
/plotname contrast2=0.5
0.0000e+00 2.7904e+02 2.1080e+01
3.0000e+01 2.7159e+02 3.8025e+01
6.0000e+01 2.8653e+02 3.7981e+01
9.0000e+01 2.7257e+02 2.9157e+01
1.2000e+02 2.7551e+02 1.3602e+01
1.5000e+02 2.6071e+02 2.5632e+01
1.8000e+02 2.7643e+02 2.6185e+01
2.1000e+02 2.7372e+02 4.4205e+01
2.4000e+02 2.8038e+02 4.2918e+01
2.7000e+02 2.8122e+02 4.5740e+01
3.0000e+02 2.8987e+02 2.4823e+01
3.3000e+02 2.7586e+02 3.1495e+01
/newplot
/plotname baseline
0.000000e+00 2.716757e+02
3.300000e+02 2.716757e+02
