/newplot
/plotname contrast2=0.0
0.0000e+00 5.3607e+02 4.7576e+01
3.0000e+01 5.1451e+02 2.3916e+01
6.0000e+01 5.2064e+02 2.7760e+01
9.0000e+01 5.1417e+02 3.4286e+01
1.2000e+02 5.1435e+02 5.3378e+01
1.5000e+02 5.2134e+02 5.5078e+01
1.8000e+02 5.3927e+02 6.4380e+01
2.1000e+02 4.9942e+02 1.5882e+01
2.4000e+02 5.0846e+02 1.6027e+01
2.7000e+02 5.1452e+02 3.6067e+01
3.0000e+02 5.1533e+02 5.3390e+01
3.3000e+02 5.3553e+02 8.3208e+01
/newplot
/plotname contrast2=0.5
0.0000e+00 5.1827e+02 4.0817e+01
3.0000e+01 5.2505e+02 5.2114e+01
6.0000e+01 5.2381e+02 6.2195e+01
9.0000e+01 5.3332e+02 5.6648e+01
1.2000e+02 5.2710e+02 3.8757e+01
1.5000e+02 5.4248e+02 5.8607e+01
1.8000e+02 5.0958e+02 2.2790e+01
2.1000e+02 5.1945e+02 4.5504e+01
2.4000e+02 5.1792e+02 3.1874e+01
2.7000e+02 5.1853e+02 5.0581e+01
3.0000e+02 5.1234e+02 3.3421e+01
3.3000e+02 5.3668e+02 5.3781e+01
/newplot
/plotname baseline
0.000000e+00 5.131743e+02
3.300000e+02 5.131743e+02
