/newplot
/plotname contrast2=0.0
0.0000e+00 5.3848e+02 8.5586e+01
3.0000e+01 5.4562e+02 4.4723e+01
6.0000e+01 5.1158e+02 7.8981e+01
9.0000e+01 5.4327e+02 1.0007e+02
1.2000e+02 5.6723e+02 8.5155e+01
1.5000e+02 5.7049e+02 1.1333e+02
1.8000e+02 5.4484e+02 8.4161e+01
2.1000e+02 5.6676e+02 4.1904e+01
2.4000e+02 5.8203e+02 4.6595e+01
2.7000e+02 5.2705e+02 5.7207e+01
3.0000e+02 5.9024e+02 8.8552e+01
3.3000e+02 5.7515e+02 9.5231e+01
/newplot
/plotname contrast2=0.5
0.0000e+00 5.6385e+02 7.9326e+01
3.0000e+01 5.6588e+02 8.5268e+01
6.0000e+01 5.5303e+02 7.3202e+01
9.0000e+01 5.5246e+02 5.9999e+01
1.2000e+02 5.4115e+02 5.5200e+01
1.5000e+02 5.5940e+02 7.3858e+01
1.8000e+02 5.5958e+02 5.0188e+01
2.1000e+02 5.3843e+02 1.0799e+02
2.4000e+02 5.7389e+02 8.3847e+01
2.7000e+02 5.6200e+02 9.8100e+01
3.0000e+02 5.4839e+02 5.9272e+01
3.3000e+02 5.5442e+02 6.0720e+01
/newplot
/plotname baseline
0.000000e+00 5.509644e+02
3.300000e+02 5.509644e+02
