/newplot
/plotname contrast2=0.0
0.0000e+00 8.4612e+01 2.5986e+00
3.0000e+01 8.6963e+01 4.9836e+00
6.0000e+01 8.5223e+01 5.1635e+00
9.0000e+01 8.1356e+01 6.5191e+00
1.2000e+02 7.7897e+01 3.5130e+00
1.5000e+02 8.3702e+01 4.7202e+00
1.8000e+02 8.4379e+01 6.7362e+00
2.1000e+02 8.9314e+01 4.7157e+00
2.4000e+02 8.5304e+01 4.9402e+00
2.7000e+02 8.3440e+01 6.5962e+00
3.0000e+02 8.0903e+01 6.8304e+00
3.3000e+02 8.0532e+01 4.1453e+00
/newplot
/plotname contrast2=0.5
0.0000e+00 8.4448e+01 4.9955e+00
3.0000e+01 8.8330e+01 8.2989e+00
6.0000e+01 8.8437e+01 1.2476e+01
9.0000e+01 8.6772e+01 1.1481e+01
1.2000e+02 9.1339e+01 8.4686e+00
1.5000e+02 8.7868e+01 6.5228e+00
1.8000e+02 8.2750e+01 5.8332e+00
2.1000e+02 8.2953e+01 4.4069e+00
2.4000e+02 8.4267e+01 5.3316e+00
2.7000e+02 8.3355e+01 4.9124e+00
3.0000e+02 8.2607e+01 6.2832e+00
3.3000e+02 9.0725e+01 1.5914e+01
/newplot
/plotname baseline
0.000000e+00 8.122271e+01
3.300000e+02 8.122271e+01
