/newplot
/plotname contrast2=0.0
0.0000e+00 1.8073e+02 8.7074e+00
3.0000e+01 1.7774e+02 1.5606e+01
6.0000e+01 1.7167e+02 1.3704e+01
9.0000e+01 1.7287e+02 8.1474e+00
1.2000e+02 1.7805e+02 1.2380e+01
1.5000e+02 1.8388e+02 1.7128e+01
1.8000e+02 1.7804e+02 1.1616e+01
2.1000e+02 1.7670e+02 7.9377e+00
2.4000e+02 1.7821e+02 6.7849e+00
2.7000e+02 1.7708e+02 9.0839e+00
3.0000e+02 1.7977e+02 7.6744e+00
3.3000e+02 1.7135e+02 9.4492e+00
/newplot
/plotname contrast2=0.5
0.0000e+00 1.8285e+02 1.6298e+01
3.0000e+01 1.8178e+02 9.9129e+00
6.0000e+01 1.7886e+02 1.4108e+01
9.0000e+01 1.8543e+02 1.1685e+01
1.2000e+02 1.8081e+02 1.3690e+01
1.5000e+02 1.7679e+02 1.4670e+01
1.8000e+02 1.8710e+02 1.3307e+01
2.1000e+02 1.7867e+02 2.0888e+01
2.4000e+02 1.8468e+02 1.2870e+01
2.7000e+02 1.7466e+02 8.5029e+00
3.0000e+02 1.7828e+02 1.1013e+01
3.3000e+02 1.7928e+02 7.3513e+00
/newplot
/plotname baseline
0.000000e+00 1.743827e+02
3.300000e+02 1.743827e+02
