/newplot
/plotname contrast2=0.0
0.0000e+00 1.3684e+02 1.1094e+01
3.0000e+01 1.3768e+02 3.9561e+00
6.0000e+01 1.2880e+02 5.4543e+00
9.0000e+01 1.3397e+02 6.9808e+00
1.2000e+02 1.3547e+02 5.3322e+00
1.5000e+02 1.3203e+02 1.2760e+01
1.8000e+02 1.3536e+02 7.5763e+00
2.1000e+02 1.3115e+02 9.3120e+00
2.4000e+02 1.3975e+02 1.0455e+01
2.7000e+02 1.2846e+02 1.1838e+01
3.0000e+02 1.3191e+02 6.5782e+00
3.3000e+02 1.2695e+02 6.5184e+00
/newplot
/plotname contrast2=0.5
0.0000e+00 1.3019e+02 1.0218e+01
3.0000e+01 1.2932e+02 4.1912e+00
6.0000e+01 1.3237e+02 1.3447e+01
9.0000e+01 1.3574e+02 1.3856e+01
1.2000e+02 1.3341e+02 9.0609e+00
1.5000e+02 1.4222e+02 1.8830e+01
1.8000e+02 1.3612e+02 1.2879e+01
2.1000e+02 1.3529e+02 5.5429e+00
2.4000e+02 1.3326e+02 5.1317e+00
2.7000e+02 1.2990e+02 6.7539e+00
3.0000e+02 1.3297e+02 6.2729e+00
3.3000e+02 1.4213e+02 9.5909e+00
/newplot
/plotname baseline
0.000000e+00 1.284493e+02
3.300000e+02 1.284493e+02
