/newplot
/plotname contrast2=0.0
0.0000e+00 1.6742e+02 1.0919e+01
3.0000e+01 1.6903e+02 9.0010e+00
6.0000e+01 1.8345e+02 2.2567e+01
9.0000e+01 1.7268e+02 1.0936e+01
1.2000e+02 1.6903e+02 1.4208e+01
1.5000e+02 1.6512e+02 6.0083e+00
1.8000e+02 1.7438e+02 4.8709e+00
2.1000e+02 1.7310e+02 7.8559e+00
2.4000e+02 1.9462e+02 2.4059e+01
2.7000e+02 1.7679e+02 9.6721e+00
3.0000e+02 1.6598e+02 9.4238e+00
3.3000e+02 1.7104e+02 6.4017e+00
/newplot
/plotname contrast2=0.5
0.0000e+00 1.7464e+02 9.7307e+00
3.0000e+01 1.6419e+02 1.0120e+01
6.0000e+01 1.8060e+02 2.4731e+01
9.0000e+01 1.7174e+02 9.3893e+00
1.2000e+02 1.7445e+02 1.6110e+01
1.5000e+02 1.8856e+02 2.6417e+01
1.8000e+02 1.7383e+02 1.0888e+01
2.1000e+02 1.7008e+02 1.1465e+01
2.4000e+02 1.7129e+02 1.0504e+01
2.7000e+02 1.7386e+02 5.2222e+00
3.0000e+02 1.7219e+02 1.0628e+01
3.3000e+02 1.7558e+02 2.3310e+01
/newplot
/plotname baseline
0.000000e+00 1.667031e+02
3.300000e+02 1.667031e+02
