/newplot
/plotname contrast2=0.0
0.0000e+00 1.7801e+02 1.4538e+01
3.0000e+01 1.7976e+02 1.9317e+01
6.0000e+01 1.7054e+02 1.5421e+01
9.0000e+01 1.6421e+02 2.6073e+01
1.2000e+02 1.6860e+02 1.2795e+01
1.5000e+02 1.7959e+02 1.6299e+01
1.8000e+02 1.6009e+02 1.3918e+01
2.1000e+02 1.6944e+02 2.8504e+01
2.4000e+02 1.6202e+02 2.0776e+01
2.7000e+02 1.7037e+02 2.9480e+01
3.0000e+02 1.6646e+02 2.5634e+01
3.3000e+02 1.6543e+02 1.9116e+01
/newplot
/plotname contrast2=0.5
0.0000e+00 1.6315e+02 1.6143e+01
3.0000e+01 1.6057e+02 1.2950e+01
6.0000e+01 1.7709e+02 2.6692e+01
9.0000e+01 1.5988e+02 2.1974e+01
1.2000e+02 1.7321e+02 2.1413e+01
1.5000e+02 1.7806e+02 2.2414e+01
1.8000e+02 1.7128e+02 1.6989e+01
2.1000e+02 1.7296e+02 2.5262e+01
2.4000e+02 1.6968e+02 9.9910e+00
2.7000e+02 1.6914e+02 2.2721e+01
3.0000e+02 1.6781e+02 2.1935e+01
3.3000e+02 1.6595e+02 1.2570e+01
/newplot
/plotname baseline
0.000000e+00 1.646275e+02
3.300000e+02 1.646275e+02
