/newplot
/plotname contrast2=0.0
0.0000e+00 1.4666e+02 9.9952e+00
3.0000e+01 1.4272e+02 6.4390e+00
6.0000e+01 1.4077e+02 7.3223e+00
9.0000e+01 1.4545e+02 6.7118e+00
1.2000e+02 1.3686e+02 5.2407e+00
1.5000e+02 1.4356e+02 1.0452e+01
1.8000e+02 1.4457e+02 1.1542e+01
2.1000e+02 1.3846e+02 6.5092e+00
2.4000e+02 1.4279e+02 7.6428e+00
2.7000e+02 1.4149e+02 4.9163e+00
3.0000e+02 1.4180e+02 9.6673e+00
3.3000e+02 1.4514e+02 1.0430e+01
/newplot
/plotname contrast2=0.5
0.0000e+00 1.4594e+02 1.2917e+01
3.0000e+01 1.4103e+02 1.0781e+01
6.0000e+01 1.4525e+02 1.7607e+01
9.0000e+01 1.4896e+02 1.1903e+01
1.2000e+02 1.3927e+02 5.1021e+00
1.5000e+02 1.4152e+02 1.2337e+01
1.8000e+02 1.4377e+02 1.4321e+01
2.1000e+02 1.3893e+02 2.7140e+00
2.4000e+02 1.4494e+02 9.2905e+00
2.7000e+02 1.4874e+02 1.0297e+01
3.0000e+02 1.4377e+02 3.9514e+00
3.3000e+02 1.4633e+02 1.1417e+01
/newplot
/plotname baseline
0.000000e+00 1.419857e+02
3.300000e+02 1.419857e+02
