/newplot
/plotname contrast2=0.0
0.0000e+00 1.9275e+02 1.3206e+01
3.0000e+01 1.9821e+02 1.1428e+01
6.0000e+01 1.9866e+02 1.3364e+01
9.0000e+01 1.8709e+02 1.1672e+01
1.2000e+02 1.9064e+02 1.7457e+01
1.5000e+02 2.0028e+02 1.8406e+01
1.8000e+02 1.9596e+02 9.4127e+00
2.1000e+02 1.9066e+02 3.5133e+00
2.4000e+02 1.8278e+02 1.0730e+01
2.7000e+02 1.9424e+02 1.5859e+01
3.0000e+02 1.8847e+02 1.1324e+01
3.3000e+02 2.0224e+02 1.3888e+01
/newplot
/plotname contrast2=0.5
0.0000e+00 1.9781e+02 9.0560e+00
3.0000e+01 1.8760e+02 1.5087e+01
6.0000e+01 2.0272e+02 1.8285e+01
9.0000e+01 1.9852e+02 1.6399e+01
1.2000e+02 1.9317e+02 1.1822e+01
1.5000e+02 2.0760e+02 2.2480e+01
1.8000e+02 1.9723e+02 1.4332e+01
2.1000e+02 1.9477e+02 1.2669e+01
2.4000e+02 1.9463e+02 2.9454e+00
2.7000e+02 2.0277e+02 6.9591e+00
3.0000e+02 2.0162e+02 1.1910e+01
3.3000e+02 2.0473e+02 1.7547e+01
/newplot
/plotname baseline
0.000000e+00 1.937025e+02
3.300000e+02 1.937025e+02
