/newplot
/plotname contrast2=0.0
0.0000e+00 3.7897e+02 1.2134e+01
3.0000e+01 3.6994e+02 2.3559e+01
6.0000e+01 3.6708e+02 1.0151e+01
9.0000e+01 3.7646e+02 1.2810e+01
1.2000e+02 3.7525e+02 1.5128e+01
1.5000e+02 3.8211e+02 1.3036e+01
1.8000e+02 3.7352e+02 1.7549e+01
2.1000e+02 3.7669e+02 1.5872e+01
2.4000e+02 3.7287e+02 1.4570e+01
2.7000e+02 3.6849e+02 1.5469e+01
3.0000e+02 3.6518e+02 3.5342e+00
3.3000e+02 3.6946e+02 1.4135e+01
/newplot
/plotname contrast2=0.5
0.0000e+00 3.7828e+02 1.5421e+01
3.0000e+01 3.7536e+02 7.7548e+00
6.0000e+01 3.7088e+02 1.6006e+01
9.0000e+01 3.7900e+02 6.2010e+00
1.2000e+02 3.7111e+02 1.0271e+01
1.5000e+02 3.7711e+02 7.8831e+00
1.8000e+02 3.7752e+02 1.4442e+01
2.1000e+02 3.7642e+02 1.2169e+01
2.4000e+02 3.7667e+02 7.6129e+00
2.7000e+02 3.6994e+02 9.7306e+00
3.0000e+02 3.7536e+02 1.8268e+01
3.3000e+02 3.7861e+02 1.4791e+01
/newplot
/plotname baseline
0.000000e+00 3.701112e+02
3.300000e+02 3.701112e+02
