/newplot
/plotname contrast2=0.0
0.0000e+00 4.7879e+02 3.4869e+01
3.0000e+01 4.2842e+02 1.8869e+01
6.0000e+01 4.0593e+02 2.8672e+01
9.0000e+01 4.0721e+02 2.4436e+01
1.2000e+02 4.1395e+02 1.1546e+01
1.5000e+02 4.6517e+02 1.6628e+01
1.8000e+02 4.9294e+02 4.8399e+01
2.1000e+02 4.2088e+02 2.0173e+01
2.4000e+02 4.1754e+02 2.6198e+01
2.7000e+02 4.2150e+02 1.3683e+01
3.0000e+02 4.3304e+02 2.6196e+01
3.3000e+02 4.7907e+02 2.8361e+01
/newplot
/plotname contrast2=0.5
0.0000e+00 4.6960e+02 3.5373e+01
3.0000e+01 4.2499e+02 2.7078e+01
6.0000e+01 4.3202e+02 3.2879e+01
9.0000e+01 4.5429e+02 2.9798e+01
1.2000e+02 4.2543e+02 3.7514e+01
1.5000e+02 4.4631e+02 2.2141e+01
1.8000e+02 4.5117e+02 3.1411e+01
2.1000e+02 4.5154e+02 2.1915e+01
2.4000e+02 4.8463e+02 4.5176e+01
2.7000e+02 4.5117e+02 2.0532e+01
3.0000e+02 4.4008e+02 1.7440e+01
3.3000e+02 4.6072e+02 4.4000e+01
/newplot
/plotname baseline
0.000000e+00 4.135353e+02
3.300000e+02 4.135353e+02
