/newplot
/plotname contrast2=0.0
0.0000e+00 4.8610e+02 2.1930e+01
3.0000e+01 5.0131e+02 2.3576e+01
6.0000e+01 4.9511e+02 2.9640e+01
9.0000e+01 4.9990e+02 1.1391e+01
1.2000e+02 4.7903e+02 8.9623e+00
1.5000e+02 4.8093e+02 2.0027e+01
1.8000e+02 5.0006e+02 3.9730e+01
2.1000e+02 5.0706e+02 2.2481e+01
2.4000e+02 5.0093e+02 2.2991e+01
2.7000e+02 4.9230e+02 2.2135e+01
3.0000e+02 4.8762e+02 1.9148e+01
3.3000e+02 4.7864e+02 2.2821e+01
/newplot
/plotname contrast2=0.5
0.0000e+00 5.0074e+02 1.3734e+01
3.0000e+01 5.1926e+02 1.0869e+01
6.0000e+01 4.9315e+02 3.9963e+01
9.0000e+01 4.9917e+02 3.0303e+01
1.2000e+02 4.9612e+02 9.7200e+00
1.5000e+02 5.0297e+02 1.4565e+01
1.8000e+02 5.0740e+02 2.4417e+01
2.1000e+02 5.1959e+02 3.0105e+01
2.4000e+02 4.9755e+02 1.9768e+01
2.7000e+02 4.9834e+02 1.7819e+01
3.0000e+02 5.1089e+02 1.5112e+01
3.3000e+02 5.0478e+02 2.9925e+01
/newplot
/plotname baseline
0.000000e+00 4.775330e+02
3.300000e+02 4.775330e+02
