/newplot
/plotname contrast2=0.0
0.0000e+00 4.8567e+02 4.1843e+01
3.0000e+01 4.4509e+02 2.5549e+01
6.0000e+01 4.2350e+02 2.9033e+01
9.0000e+01 4.2068e+02 3.0704e+01
1.2000e+02 4.1657e+02 3.5976e+01
1.5000e+02 4.3062e+02 3.0217e+01
1.8000e+02 5.2310e+02 6.4498e+01
2.1000e+02 4.6296e+02 2.3592e+01
2.4000e+02 4.3237e+02 3.3644e+01
2.7000e+02 4.1763e+02 2.7713e+01
3.0000e+02 4.2366e+02 3.9931e+01
3.3000e+02 4.3678e+02 3.1577e+01
/newplot
/plotname contrast2=0.5
0.0000e+00 4.6357e+02 3.0765e+01
3.0000e+01 4.4588e+02 3.9195e+01
6.0000e+01 4.4635e+02 5.1074e+01
9.0000e+01 4.7113e+02 4.9052e+01
1.2000e+02 4.4226e+02 3.0781e+01
1.5000e+02 4.4782e+02 2.2920e+01
1.8000e+02 4.7092e+02 4.4312e+01
2.1000e+02 4.7737e+02 3.9715e+01
2.4000e+02 4.5255e+02 2.9316e+01
2.7000e+02 4.5349e+02 3.1381e+01
3.0000e+02 4.4384e+02 3.2172e+01
3.3000e+02 4.3149e+02 3.1829e+01
/newplot
/plotname baseline
0.000000e+00 4.199273e+02
3.300000e+02 4.199273e+02
