/newplot
/plotname contrast2=0.0
0.0000e+00 6.3039e+02 2.0835e+01
3.0000e+01 6.0846e+02 3.5959e+01
6.0000e+01 6.0109e+02 3.5002e+01
9.0000e+01 6.0350e+02 2.0461e+01
1.2000e+02 6.0041e+02 1.6314e+01
1.5000e+02 6.4751e+02 2.4224e+01
1.8000e+02 6.4225e+02 5.1716e+01
2.1000e+02 6.1983e+02 3.0886e+01
2.4000e+02 5.9977e+02 4.3391e+01
2.7000e+02 6.1922e+02 3.5573e+01
3.0000e+02 6.2174e+02 2.4052e+01
3.3000e+02 6.6595e+02 2.0999e+01
/newplot
/plotname contrast2=0.5
0.0000e+00 6.2728e+02 4.3013e+01
3.0000e+01 6.2447e+02 5.2409e+01
6.0000e+01 6.1878e+02 2.2748e+01
9.0000e+01 6.1920e+02 2.5265e+01
1.2000e+02 6.0196e+02 1.9225e+01
1.5000e+02 6.4011e+02 1.5660e+01
1.8000e+02 6.2658e+02 1.4499e+01
2.1000e+02 6.2608e+02 1.0885e+01
2.4000e+02 6.5786e+02 2.1569e+01
2.7000e+02 6.2615e+02 3.6373e+01
3.0000e+02 6.1680e+02 2.4774e+01
3.3000e+02 6.6754e+02 3.1908e+01
/newplot
/plotname baseline
0.000000e+00 6.015569e+02
3.300000e+02 6.015569e+02
