/newplot
/plotname contrast2=0.0
0.0000e+00 4.3448e+02 4.9214e+01
3.0000e+01 4.1812e+02 4.2251e+01
6.0000e+01 4.1205e+02 3.9955e+01
9.0000e+01 4.0266e+02 4.5714e+01
1.2000e+02 3.9055e+02 3.8944e+01
1.5000e+02 4.0377e+02 4.5219e+01
1.8000e+02 4.5283e+02 4.8628e+01
2.1000e+02 4.3871e+02 4.4784e+01
2.4000e+02 4.1708e+02 4.0462e+01
2.7000e+02 4.0298e+02 3.7140e+01
3.0000e+02 4.1087e+02 5.3276e+01
3.3000e+02 4.1038e+02 3.8333e+01
/newplot
/plotname contrast2=0.5
0.0000e+00 4.2727e+02 3.4881e+01
3.0000e+01 4.1935e+02 5.2101e+01
6.0000e+01 4.1118e+02 4.5841e+01
9.0000e+01 4.2569e+02 4.2670e+01
1.2000e+02 4.1730e+02 3.3882e+01
1.5000e+02 4.2643e+02 3.3253e+01
1.8000e+02 4.2087e+02 4.3294e+01
2.1000e+02 4.4457e+02 6.3510e+01
2.4000e+02 4.3079e+02 4.3999e+01
2.7000e+02 4.1639e+02 4.2987e+01
3.0000e+02 4.2405e+02 3.9397e+01
3.3000e+02 4.1049e+02 4.0857e+01
/newplot
/plotname baseline
0.000000e+00 3.894415e+02
3.300000e+02 3.894415e+02
