/newplot
/plotname contrast2=0.0
0.0000e+00 5.2846e+02 4.0906e+01
3.0000e+01 4.7326e+02 1.9979e+01
6.0000e+01 4.7762e+02 2.2092e+01
9.0000e+01 4.8846e+02 3.4566e+01
1.2000e+02 4.7814e+02 2.5697e+01
1.5000e+02 5.1736e+02 3.2968e+01
1.8000e+02 5.2215e+02 7.1036e+01
2.1000e+02 4.8547e+02 3.5653e+01
2.4000e+02 4.7525e+02 2.9671e+01
2.7000e+02 4.7125e+02 2.4391e+01
3.0000e+02 5.0465e+02 4.8767e+01
3.3000e+02 5.4146e+02 2.8846e+01
/newplot
/plotname contrast2=0.5
0.0000e+00 5.1829e+02 3.3564e+01
3.0000e+01 4.9486e+02 2.6977e+01
6.0000e+01 5.2135e+02 5.3077e+01
9.0000e+01 5.0927e+02 4.2289e+01
1.2000e+02 4.9356e+02 2.6674e+01
1.5000e+02 5.1293e+02 2.7472e+01
1.8000e+02 5.0180e+02 3.4302e+01
2.1000e+02 5.1096e+02 4.5095e+01
2.4000e+02 5.3438e+02 4.0400e+01
2.7000e+02 5.1095e+02 3.6743e+01
3.0000e+02 4.9370e+02 2.6760e+01
3.3000e+02 5.0518e+02 3.5150e+01
/newplot
/plotname baseline
0.000000e+00 4.750761e+02
3.300000e+02 4.750761e+02
