/newplot
/plotname contrast2=0.0
0.0000e+00 4.2316e+02 2.5676e+01
3.0000e+01 4.2807e+02 3.4313e+01
6.0000e+01 4.3654e+02 3.6557e+01
9.0000e+01 4.2306e+02 2.5428e+01
1.2000e+02 4.1108e+02 2.9591e+01
1.5000e+02 4.2542e+02 2.8468e+01
1.8000e+02 4.2991e+02 5.8054e+01
2.1000e+02 4.4649e+02 2.5091e+01
2.4000e+02 4.5100e+02 3.6672e+01
2.7000e+02 4.2960e+02 2.9807e+01
3.0000e+02 4.3262e+02 3.3061e+01
3.3000e+02 4.1183e+02 2.6613e+01
/newplot
/plotname contrast2=0.5
0.0000e+00 4.3506e+02 2.4852e+01
3.0000e+01 4.4638e+02 3.1606e+01
6.0000e+01 4.3846e+02 2.6453e+01
9.0000e+01 4.2837e+02 2.9806e+01
1.2000e+02 4.3870e+02 1.8784e+01
1.5000e+02 4.3650e+02 2.1801e+01
1.8000e+02 4.3738e+02 2.6026e+01
2.1000e+02 4.7541e+02 3.4403e+01
2.4000e+02 4.5493e+02 4.3455e+01
2.7000e+02 4.2609e+02 1.6151e+01
3.0000e+02 4.6685e+02 3.6936e+01
3.3000e+02 4.3098e+02 1.4212e+01
/newplot
/plotname baseline
0.000000e+00 4.121010e+02
3.300000e+02 4.121010e+02
