/newplot
/plotname contrast2=0.0
0.0000e+00 4.8738e+02 4.8048e+01
3.0000e+01 4.6827e+02 1.7196e+01
6.0000e+01 4.8513e+02 4.4725e+01
9.0000e+01 4.8651e+02 5.4328e+01
1.2000e+02 4.6361e+02 3.8599e+01
1.5000e+02 4.6946e+02 3.9584e+01
1.8000e+02 5.0535e+02 9.4429e+01
2.1000e+02 4.7878e+02 4.2330e+01
2.4000e+02 4.9288e+02 3.6643e+01
2.7000e+02 5.0221e+02 2.2334e+01
3.0000e+02 5.1572e+02 7.9618e+01
3.3000e+02 4.9656e+02 4.3145e+01
/newplot
/plotname contrast2=0.5
0.0000e+00 4.7535e+02 3.1333e+01
3.0000e+01 4.7395e+02 3.6012e+01
6.0000e+01 5.1561e+02 7.0677e+01
9.0000e+01 4.7606e+02 3.5356e+01
1.2000e+02 4.7702e+02 1.1386e+01
1.5000e+02 5.0703e+02 4.4786e+01
1.8000e+02 4.9071e+02 5.5422e+01
2.1000e+02 5.1986e+02 6.6447e+01
2.4000e+02 5.1403e+02 5.5925e+01
2.7000e+02 4.9114e+02 3.2308e+01
3.0000e+02 4.8694e+02 4.2601e+01
3.3000e+02 4.9193e+02 3.4479e+01
/newplot
/plotname baseline
0.000000e+00 4.689530e+02
3.300000e+02 4.689530e+02
