/newplot
/plotname contrast2=0.0
0.0000e+00 7.9856e+02 6.8621e+01
3.0000e+01 8.2408e+02 7.5217e+01
6.0000e+01 7.8939e+02 6.5335e+01
9.0000e+01 8.3516e+02 4.2872e+01
1.2000e+02 8.0787e+02 7.0987e+01
1.5000e+02 7.8318e+02 6.5506e+01
1.8000e+02 7.8919e+02 5.5817e+01
2.1000e+02 8.3339e+02 4.5151e+01
2.4000e+02 8.1710e+02 7.3156e+01
2.7000e+02 8.2612e+02 6.4109e+01
3.0000e+02 8.0562e+02 7.9472e+01
3.3000e+02 7.9846e+02 9.9020e+01
/newplot
/plotname contrast2=0.5
0.0000e+00 8.1067e+02 5.1069e+01
3.0000e+01 7.9547e+02 5.5125e+01
6.0000e+01 8.1108e+02 7.2733e+01
9.0000e+01 8.3044e+02 3.8597e+01
1.2000e+02 8.0899e+02 6.2159e+01
1.5000e+02 8.1697e+02 4.2151e+01
1.8000e+02 8.1440e+02 9.1554e+01
2.1000e+02 8.0407e+02 7.7788e+01
2.4000e+02 8.1589e+02 5.6072e+01
2.7000e+02 7.7005e+02 5.9403e+01
3.0000e+02 8.2700e+02 5.6506e+01
3.3000e+02 7.9770e+02 8.6479e+01
/newplot
/plotname baseline
0.000000e+00 7.805472e+02
3.300000e+02 7.805472e+02
