/newplot
/plotname contrast2=0.0
0.0000e+00 4.5423e+02 2.8478e+01
3.0000e+01 4.3427e+02 2.0919e+01
6.0000e+01 4.3242e+02 2.8115e+01
9.0000e+01 4.4338e+02 1.9554e+01
1.2000e+02 4.5801e+02 2.3578e+01
1.5000e+02 4.6097e+02 2.3851e+01
1.8000e+02 4.6774e+02 4.3585e+01
2.1000e+02 4.4417e+02 2.1066e+01
2.4000e+02 4.4974e+02 3.6675e+01
2.7000e+02 4.6327e+02 2.7961e+01
3.0000e+02 4.9128e+02 2.9847e+01
3.3000e+02 4.7650e+02 2.7711e+01
/newplot
/plotname contrast2=0.5
0.0000e+00 4.5438e+02 2.7477e+01
3.0000e+01 4.4966e+02 2.9419e+01
6.0000e+01 4.6876e+02 3.8483e+01
9.0000e+01 4.5312e+02 3.8464e+01
1.2000e+02 4.4024e+02 2.5316e+01
1.5000e+02 4.7316e+02 2.6918e+01
1.8000e+02 4.5999e+02 2.2204e+01
2.1000e+02 4.8300e+02 3.1743e+01
2.4000e+02 5.0295e+02 4.6126e+01
2.7000e+02 4.5055e+02 3.0191e+01
3.0000e+02 4.6401e+02 2.5071e+01
3.3000e+02 4.5773e+02 3.2278e+01
/newplot
/plotname baseline
0.000000e+00 4.299650e+02
3.300000e+02 4.299650e+02
