/newplot
/plotname contrast2=0.0
0.0000e+00 5.4965e+02 2.1886e+01
3.0000e+01 5.2512e+02 1.1732e+01
6.0000e+01 5.6501e+02 4.7821e+01
9.0000e+01 6.2952e+02 3.9707e+01
1.2000e+02 6.0361e+02 5.1728e+01
1.5000e+02 5.5083e+02 2.1399e+01
1.8000e+02 5.5030e+02 2.3561e+01
2.1000e+02 5.6180e+02 3.6564e+01
2.4000e+02 6.0680e+02 2.8471e+01
2.7000e+02 7.0133e+02 3.5448e+01
3.0000e+02 6.4460e+02 5.3441e+01
3.3000e+02 5.4236e+02 3.0491e+01
/newplot
/plotname contrast2=0.5
0.0000e+00 6.0002e+02 3.6818e+01
3.0000e+01 5.7696e+02 3.1602e+01
6.0000e+01 5.6154e+02 4.5849e+01
9.0000e+01 5.9884e+02 4.8742e+01
1.2000e+02 5.5395e+02 2.6273e+01
1.5000e+02 5.9922e+02 5.4009e+01
1.8000e+02 5.9533e+02 3.6176e+01
2.1000e+02 6.2855e+02 5.3022e+01
2.4000e+02 5.9123e+02 3.2960e+01
2.7000e+02 6.0492e+02 2.8312e+01
3.0000e+02 5.9808e+02 3.4788e+01
3.3000e+02 5.8441e+02 3.1742e+01
/newplot
/plotname baseline
0.000000e+00 5.492739e+02
3.300000e+02 5.492739e+02
