/newplot
/plotname contrast2=0.0
0.0000e+00 6.4658e+02 1.5268e+02
3.0000e+01 6.9792e+02 8.9554e+01
6.0000e+01 6.9006e+02 1.1920e+02
9.0000e+01 6.5521e+02 1.3010e+02
1.2000e+02 6.1188e+02 6.9549e+01
1.5000e+02 5.6852e+02 8.6647e+01
1.8000e+02 7.0345e+02 3.8209e+01
2.1000e+02 8.2201e+02 6.7015e+01
2.4000e+02 6.4697e+02 1.3389e+02
2.7000e+02 5.8686e+02 7.2285e+01
3.0000e+02 5.1642e+02 2.3805e+01
3.3000e+02 5.5767e+02 2.5482e+01
/newplot
/plotname contrast2=0.5
0.0000e+00 6.4516e+02 1.3275e+02
3.0000e+01 6.1356e+02 9.7573e+01
6.0000e+01 5.6328e+02 3.0048e+01
9.0000e+01 6.8966e+02 9.7968e+01
1.2000e+02 7.1825e+02 1.0373e+02
1.5000e+02 6.5098e+02 7.7822e+01
1.8000e+02 8.3838e+02 1.5154e+02
2.1000e+02 7.6966e+02 1.5605e+02
2.4000e+02 5.9299e+02 8.0996e+01
2.7000e+02 6.1530e+02 9.5913e+01
3.0000e+02 6.5467e+02 1.0192e+02
3.3000e+02 6.4244e+02 1.4842e+02
/newplot
/plotname baseline
0.000000e+00 6.044641e+02
3.300000e+02 6.044641e+02
