/newplot
/plotname contrast2=0.0
0.0000e+00 5.6734e+02 6.0820e+01
3.0000e+01 5.3459e+02 2.3143e+01
6.0000e+01 6.0804e+02 8.9801e+01
9.0000e+01 8.4111e+02 9.2682e+01
1.2000e+02 6.1192e+02 9.7842e+01
1.5000e+02 6.1235e+02 1.3218e+02
1.8000e+02 5.6295e+02 4.7734e+01
2.1000e+02 6.4063e+02 1.1796e+02
2.4000e+02 5.9662e+02 2.4176e+01
2.7000e+02 6.8695e+02 1.1578e+02
3.0000e+02 5.7315e+02 7.2108e+01
3.3000e+02 5.3668e+02 2.6706e+01
/newplot
/plotname contrast2=0.5
0.0000e+00 7.2139e+02 1.5208e+02
3.0000e+01 6.7103e+02 1.8179e+02
6.0000e+01 5.8226e+02 3.6038e+01
9.0000e+01 6.5934e+02 7.6588e+01
1.2000e+02 5.8667e+02 2.9083e+01
1.5000e+02 5.8845e+02 6.2367e+01
1.8000e+02 6.3883e+02 1.4445e+02
2.1000e+02 5.8923e+02 4.0112e+01
2.4000e+02 6.2185e+02 7.5012e+01
2.7000e+02 6.0689e+02 8.9210e+01
3.0000e+02 5.7232e+02 4.0237e+01
3.3000e+02 6.2928e+02 1.5599e+02
/newplot
/plotname baseline
0.000000e+00 5.735428e+02
3.300000e+02 5.735428e+02
