/newplot
/plotname contrast2=0.0
0.0000e+00 6.6466e+02 3.3687e+01
3.0000e+01 6.4521e+02 2.9798e+01
6.0000e+01 6.2796e+02 1.6232e+01
9.0000e+01 6.3383e+02 1.6622e+01
1.2000e+02 6.3192e+02 1.9072e+01
1.5000e+02 6.3373e+02 3.9998e+01
1.8000e+02 6.6237e+02 4.6647e+01
2.1000e+02 6.4483e+02 2.1227e+01
2.4000e+02 6.2635e+02 2.1965e+01
2.7000e+02 6.3885e+02 1.4451e+01
3.0000e+02 6.2773e+02 2.1765e+01
3.3000e+02 6.4330e+02 3.0376e+01
/newplot
/plotname contrast2=0.5
0.0000e+00 6.4736e+02 2.4654e+01
3.0000e+01 6.4663e+02 2.0968e+01
6.0000e+01 6.4678e+02 4.3524e+01
9.0000e+01 6.6436e+02 1.8966e+01
1.2000e+02 6.3559e+02 1.8402e+01
1.5000e+02 6.4729e+02 1.7310e+01
1.8000e+02 6.5039e+02 3.6046e+01
2.1000e+02 6.5181e+02 2.4801e+01
2.4000e+02 6.7122e+02 2.6985e+01
2.7000e+02 6.3365e+02 3.1033e+01
3.0000e+02 6.4638e+02 9.0523e+00
3.3000e+02 6.4152e+02 3.9025e+01
/newplot
/plotname baseline
0.000000e+00 6.220192e+02
3.300000e+02 6.220192e+02
