/newplot
/plotname contrast2=0.0
0.0000e+00 5.7169e+02 3.3122e+01
3.0000e+01 5.6951e+02 5.3072e+01
6.0000e+01 5.3993e+02 7.7209e+01
9.0000e+01 5.0062e+02 3.6995e+01
1.2000e+02 5.1582e+02 3.8526e+01
1.5000e+02 5.2884e+02 5.8240e+01
1.8000e+02 6.8372e+02 4.1805e+01
2.1000e+02 5.8459e+02 3.9984e+01
2.4000e+02 5.3367e+02 9.6747e+01
2.7000e+02 4.8417e+02 4.2126e+01
3.0000e+02 4.7650e+02 2.7888e+01
3.3000e+02 5.5031e+02 5.6540e+01
/newplot
/plotname contrast2=0.5
0.0000e+00 5.4762e+02 5.7370e+01
3.0000e+01 5.3413e+02 5.9116e+01
6.0000e+01 5.2649e+02 4.4006e+01
9.0000e+01 6.0363e+02 7.3563e+01
1.2000e+02 5.6897e+02 6.6079e+01
1.5000e+02 5.8156e+02 1.0959e+02
1.8000e+02 6.2281e+02 6.2387e+01
2.1000e+02 6.2824e+02 9.3047e+01
2.4000e+02 5.5344e+02 9.7170e+01
2.7000e+02 5.5708e+02 6.7957e+01
3.0000e+02 5.5335e+02 7.9756e+01
3.3000e+02 5.5237e+02 8.9422e+01
/newplot
/plotname baseline
0.000000e+00 5.147824e+02
3.300000e+02 5.147824e+02
