/newplot
/plotname contrast2=0.0
0.0000e+00 5.8193e+02 3.0068e+01
3.0000e+01 5.6955e+02 3.4796e+01
6.0000e+01 5.5524e+02 3.2760e+01
9.0000e+01 5.7251e+02 4.2199e+01
1.2000e+02 5.8173e+02 3.2106e+01
1.5000e+02 5.9225e+02 2.9360e+01
1.8000e+02 6.0206e+02 8.9662e+01
2.1000e+02 5.7283e+02 4.5159e+01
2.4000e+02 5.7459e+02 2.8947e+01
2.7000e+02 5.7580e+02 3.5780e+01
3.0000e+02 6.0733e+02 5.9686e+01
3.3000e+02 6.0209e+02 5.1483e+01
/newplot
/plotname contrast2=0.5
0.0000e+00 5.8372e+02 3.1459e+01
3.0000e+01 5.8230e+02 2.4400e+01
6.0000e+01 6.1390e+02 7.4269e+01
9.0000e+01 5.9522e+02 3.9996e+01
1.2000e+02 5.8178e+02 2.4983e+01
1.5000e+02 5.9389e+02 4.4661e+01
1.8000e+02 5.9343e+02 4.7455e+01
2.1000e+02 6.0522e+02 5.4933e+01
2.4000e+02 6.2389e+02 6.8141e+01
2.7000e+02 5.8072e+02 3.2029e+01
3.0000e+02 5.8467e+02 3.2036e+01
3.3000e+02 5.9643e+02 3.7889e+01
/newplot
/plotname baseline
0.000000e+00 5.675087e+02
3.300000e+02 5.675087e+02
