/newplot
/plotname contrast2=0.0
0.0000e+00 4.5887e+02 3.8503e+01
3.0000e+01 4.5756e+02 2.0164e+01
6.0000e+01 4.4427e+02 4.1473e+01
9.0000e+01 4.2995e+02 2.5538e+01
1.2000e+02 4.2179e+02 2.8498e+01
1.5000e+02 4.2203e+02 1.3642e+01
1.8000e+02 4.7937e+02 4.5889e+01
2.1000e+02 4.6743e+02 1.8788e+01
2.4000e+02 4.5416e+02 2.4214e+01
2.7000e+02 4.3341e+02 2.5902e+01
3.0000e+02 4.3012e+02 3.9670e+01
3.3000e+02 4.2884e+02 2.2599e+01
/newplot
/plotname contrast2=0.5
0.0000e+00 4.4977e+02 2.6656e+01
3.0000e+01 4.6916e+02 3.7464e+01
6.0000e+01 4.5640e+02 4.7243e+01
9.0000e+01 4.6085e+02 3.6087e+01
1.2000e+02 4.5664e+02 3.5554e+01
1.5000e+02 4.6703e+02 2.7677e+01
1.8000e+02 4.5382e+02 3.2734e+01
2.1000e+02 4.9595e+02 4.1041e+01
2.4000e+02 4.6962e+02 3.6717e+01
2.7000e+02 4.5091e+02 2.5282e+01
3.0000e+02 4.7258e+02 3.2238e+01
3.3000e+02 4.4771e+02 3.6531e+01
/newplot
/plotname baseline
0.000000e+00 4.196866e+02
3.300000e+02 4.196866e+02
