/newplot
/plotname contrast2=0.0
0.0000e+00 6.5505e+02 3.4031e+01
3.0000e+01 6.1632e+02 2.4075e+01
6.0000e+01 6.1215e+02 2.6051e+01
9.0000e+01 6.0250e+02 2.4624e+01
1.2000e+02 6.1697e+02 3.2503e+01
1.5000e+02 6.6938e+02 3.6621e+01
1.8000e+02 6.6656e+02 7.0762e+01
2.1000e+02 6.1575e+02 2.6798e+01
2.4000e+02 6.1066e+02 3.6160e+01
2.7000e+02 6.2562e+02 2.5481e+01
3.0000e+02 6.5150e+02 3.5925e+01
3.3000e+02 7.0070e+02 3.6598e+01
/newplot
/plotname contrast2=0.5
0.0000e+00 6.5418e+02 3.1395e+01
3.0000e+01 6.4850e+02 2.5294e+01
6.0000e+01 6.4322e+02 3.8395e+01
9.0000e+01 6.3982e+02 3.9545e+01
1.2000e+02 6.2568e+02 2.2546e+01
1.5000e+02 6.4485e+02 2.1625e+01
1.8000e+02 6.2840e+02 2.1002e+01
2.1000e+02 6.6014e+02 4.4658e+01
2.4000e+02 6.9688e+02 5.1452e+01
2.7000e+02 6.4405e+02 1.6725e+01
3.0000e+02 6.5437e+02 3.9954e+01
3.3000e+02 6.7703e+02 4.0459e+01
/newplot
/plotname baseline
0.000000e+00 6.094219e+02
3.300000e+02 6.094219e+02
