/newplot
/plotname contrast2=0.0
0.0000e+00 5.6992e+02 3.0532e+01
3.0000e+01 5.4081e+02 3.0700e+01
6.0000e+01 5.2074e+02 2.0816e+01
9.0000e+01 5.3819e+02 2.4780e+01
1.2000e+02 5.5872e+02 2.2955e+01
1.5000e+02 6.3073e+02 5.0309e+01
1.8000e+02 5.7526e+02 3.9523e+01
2.1000e+02 5.5357e+02 2.5905e+01
2.4000e+02 5.4249e+02 2.9850e+01
2.7000e+02 5.6332e+02 3.1284e+01
3.0000e+02 5.7066e+02 2.1670e+01
3.3000e+02 6.3372e+02 6.2995e+01
/newplot
/plotname contrast2=0.5
0.0000e+00 5.6273e+02 2.6798e+01
3.0000e+01 5.4921e+02 4.0046e+01
6.0000e+01 6.0476e+02 6.4570e+01
9.0000e+01 5.7885e+02 4.0604e+01
1.2000e+02 5.4480e+02 2.5992e+01
1.5000e+02 6.1329e+02 3.6227e+01
1.8000e+02 5.5198e+02 2.2514e+01
2.1000e+02 5.7051e+02 3.1529e+01
2.4000e+02 6.1528e+02 4.0958e+01
2.7000e+02 5.5059e+02 3.0990e+01
3.0000e+02 5.7163e+02 1.6473e+01
3.3000e+02 5.8439e+02 4.0055e+01
/newplot
/plotname baseline
0.000000e+00 5.427825e+02
3.300000e+02 5.427825e+02
