/newplot
/plotname contrast2=0.0
0.0000e+00 5.3531e+02 5.1790e+01
3.0000e+01 5.4493e+02 4.1389e+01
6.0000e+01 5.7901e+02 4.1348e+01
9.0000e+01 6.1728e+02 6.3994e+01
1.2000e+02 5.4977e+02 4.0952e+01
1.5000e+02 5.2468e+02 4.4942e+01
1.8000e+02 5.7128e+02 1.0568e+02
2.1000e+02 5.6015e+02 5.6430e+01
2.4000e+02 6.2773e+02 5.3292e+01
2.7000e+02 6.2483e+02 6.8908e+01
3.0000e+02 5.6421e+02 6.2574e+01
3.3000e+02 5.4988e+02 3.5325e+01
/newplot
/plotname contrast2=0.5
0.0000e+00 5.7929e+02 4.1508e+01
3.0000e+01 5.4486e+02 6.3215e+01
6.0000e+01 5.7647e+02 6.3079e+01
9.0000e+01 5.8720e+02 5.0677e+01
1.2000e+02 5.4828e+02 4.1360e+01
1.5000e+02 5.9310e+02 3.3720e+01
1.8000e+02 5.7409e+02 3.3796e+01
2.1000e+02 5.7654e+02 5.3490e+01
2.4000e+02 6.3457e+02 8.2243e+01
2.7000e+02 5.6612e+02 5.1187e+01
3.0000e+02 5.6163e+02 4.8503e+01
3.3000e+02 5.5856e+02 5.7967e+01
/newplot
/plotname baseline
0.000000e+00 5.387725e+02
3.300000e+02 5.387725e+02
