/newplot
/plotname contrast2=0.0
0.0000e+00 7.3103e+02 2.5388e+01
3.0000e+01 7.1673e+02 2.7468e+01
6.0000e+01 7.1179e+02 2.2085e+01
9.0000e+01 7.1512e+02 2.4550e+01
1.2000e+02 7.0118e+02 1.8747e+01
1.5000e+02 7.2766e+02 2.7162e+01
1.8000e+02 7.7672e+02 7.5812e+01
2.1000e+02 7.3361e+02 1.4197e+01
2.4000e+02 7.1230e+02 1.9468e+01
2.7000e+02 7.2122e+02 2.0483e+01
3.0000e+02 7.2258e+02 4.1460e+01
3.3000e+02 7.1941e+02 2.8842e+01
/newplot
/plotname contrast2=0.5
0.0000e+00 7.3838e+02 1.7573e+01
3.0000e+01 7.2203e+02 2.8406e+01
6.0000e+01 7.3999e+02 4.3587e+01
9.0000e+01 7.4144e+02 2.8112e+01
1.2000e+02 7.1805e+02 1.7863e+01
1.5000e+02 7.2778e+02 1.6710e+01
1.8000e+02 7.4208e+02 3.1958e+01
2.1000e+02 7.4586e+02 3.7448e+01
2.4000e+02 7.4888e+02 4.2774e+01
2.7000e+02 7.2273e+02 2.2595e+01
3.0000e+02 7.3578e+02 2.6485e+01
3.3000e+02 7.2708e+02 2.0320e+01
/newplot
/plotname baseline
0.000000e+00 7.084962e+02
3.300000e+02 7.084962e+02
