/newplot
/plotname contrast2=0.0
0.0000e+00 6.2025e+02 2.7077e+01
3.0000e+01 6.2056e+02 2.3255e+01
6.0000e+01 6.1318e+02 1.5227e+01
9.0000e+01 6.3256e+02 2.2564e+01
1.2000e+02 6.5555e+02 6.9198e+00
1.5000e+02 6.4925e+02 2.5233e+01
1.8000e+02 6.5984e+02 4.1058e+01
2.1000e+02 6.2575e+02 1.5699e+01
2.4000e+02 6.3916e+02 3.9204e+01
2.7000e+02 6.4681e+02 1.6586e+01
3.0000e+02 6.6935e+02 1.8649e+01
3.3000e+02 6.4293e+02 1.6110e+01
/newplot
/plotname contrast2=0.5
0.0000e+00 6.3594e+02 2.0992e+01
3.0000e+01 6.4167e+02 2.7838e+01
6.0000e+01 6.3517e+02 1.1980e+01
9.0000e+01 6.4878e+02 3.1459e+01
1.2000e+02 6.3143e+02 1.2811e+01
1.5000e+02 6.4261e+02 1.4767e+01
1.8000e+02 6.3478e+02 1.2295e+01
2.1000e+02 6.5268e+02 2.9554e+01
2.4000e+02 6.6600e+02 2.8202e+01
2.7000e+02 6.3810e+02 1.5588e+01
3.0000e+02 6.3586e+02 1.9355e+01
3.3000e+02 6.3956e+02 2.0805e+01
/newplot
/plotname baseline
0.000000e+00 6.068157e+02
3.300000e+02 6.068157e+02
