/newplot
/plotname contrast2=0.0
0.0000e+00 5.2470e+02 5.6706e+01
3.0000e+01 5.3211e+02 5.8509e+01
6.0000e+01 5.6866e+02 5.1347e+01
9.0000e+01 5.4751e+02 6.9494e+01
1.2000e+02 5.2063e+02 4.2675e+01
1.5000e+02 5.4233e+02 3.2419e+01
1.8000e+02 5.2254e+02 7.0687e+01
2.1000e+02 5.3630e+02 3.9933e+01
2.4000e+02 5.8080e+02 4.9425e+01
2.7000e+02 5.8937e+02 6.5504e+01
3.0000e+02 5.6134e+02 6.0683e+01
3.3000e+02 5.2913e+02 6.1905e+01
/newplot
/plotname contrast2=0.5
0.0000e+00 5.6166e+02 5.7863e+01
3.0000e+01 5.6645e+02 5.6752e+01
6.0000e+01 5.4559e+02 6.3595e+01
9.0000e+01 5.3270e+02 5.4853e+01
1.2000e+02 5.2254e+02 5.3074e+01
1.5000e+02 5.7714e+02 5.2897e+01
1.8000e+02 5.5287e+02 4.4446e+01
2.1000e+02 5.5949e+02 5.7428e+01
2.4000e+02 5.5002e+02 4.4171e+01
2.7000e+02 5.6092e+02 6.5159e+01
3.0000e+02 5.3397e+02 5.6260e+01
3.3000e+02 5.4548e+02 6.0168e+01
/newplot
/plotname baseline
0.000000e+00 5.372827e+02
3.300000e+02 5.372827e+02
