/newplot
/plotname contrast2=0.0
0.0000e+00 4.3488e+02 2.9633e+01
3.0000e+01 4.2319e+02 2.0291e+01
6.0000e+01 4.2074e+02 2.1573e+01
9.0000e+01 4.2744e+02 3.1400e+01
1.2000e+02 4.4307e+02 1.0839e+01
1.5000e+02 4.4078e+02 1.7986e+01
1.8000e+02 4.3960e+02 5.7942e+01
2.1000e+02 4.2420e+02 2.7280e+01
2.4000e+02 4.2605e+02 3.9583e+01
2.7000e+02 4.3089e+02 1.7929e+01
3.0000e+02 4.8529e+02 2.5229e+01
3.3000e+02 4.4465e+02 3.0307e+01
/newplot
/plotname contrast2=0.5
0.0000e+00 4.3554e+02 1.9143e+01
3.0000e+01 4.2766e+02 1.8059e+01
6.0000e+01 4.4724e+02 4.5284e+01
9.0000e+01 4.4798e+02 1.5737e+01
1.2000e+02 4.2397e+02 2.2180e+01
1.5000e+02 4.4893e+02 1.7663e+01
1.8000e+02 4.3381e+02 2.5947e+01
2.1000e+02 4.4569e+02 3.7913e+01
2.4000e+02 4.6843e+02 5.9055e+01
2.7000e+02 4.3765e+02 2.2798e+01
3.0000e+02 4.4452e+02 2.8424e+01
3.3000e+02 4.4098e+02 2.4768e+01
/newplot
/plotname baseline
0.000000e+00 4.131753e+02
3.300000e+02 4.131753e+02
