/newplot
/plotname contrast2=0.0
0.0000e+00 4.2436e+02 6.9938e+01
3.0000e+01 4.4122e+02 5.5009e+01
6.0000e+01 4.5428e+02 4.8231e+01
9.0000e+01 4.3708e+02 5.8934e+01
1.2000e+02 4.1717e+02 4.8560e+01
1.5000e+02 4.1123e+02 4.2072e+01
1.8000e+02 4.4596e+02 8.9921e+01
2.1000e+02 4.8057e+02 5.0464e+01
2.4000e+02 4.8426e+02 7.0865e+01
2.7000e+02 4.4338e+02 4.2729e+01
3.0000e+02 4.4798e+02 6.9925e+01
3.3000e+02 4.1302e+02 5.1139e+01
/newplot
/plotname contrast2=0.5
0.0000e+00 4.4173e+02 3.3928e+01
3.0000e+01 4.5098e+02 5.9357e+01
6.0000e+01 4.5540e+02 7.6679e+01
9.0000e+01 4.4471e+02 4.7645e+01
1.2000e+02 4.5639e+02 5.0674e+01
1.5000e+02 4.6549e+02 4.5768e+01
1.8000e+02 4.6205e+02 4.3454e+01
2.1000e+02 4.9750e+02 8.0016e+01
2.4000e+02 4.8627e+02 4.7610e+01
2.7000e+02 4.5468e+02 4.9384e+01
3.0000e+02 4.6780e+02 5.7938e+01
3.3000e+02 4.5136e+02 4.9191e+01
/newplot
/plotname baseline
0.000000e+00 4.148593e+02
3.300000e+02 4.148593e+02
