/newplot
/plotname contrast2=0.0
0.0000e+00 7.2947e+02 3.0259e+02
3.0000e+01 6.6846e+02 1.6788e+02
6.0000e+01 7.0026e+02 2.4660e+02
9.0000e+01 7.5363e+02 2.9670e+02
1.2000e+02 7.4133e+02 2.9218e+02
1.5000e+02 6.4014e+02 1.4695e+02
1.8000e+02 6.6788e+02 2.0329e+02
2.1000e+02 7.5717e+02 3.6262e+02
2.4000e+02 7.0140e+02 2.3994e+02
2.7000e+02 6.8149e+02 1.2174e+02
3.0000e+02 7.8594e+02 3.0691e+02
3.3000e+02 6.9045e+02 2.2072e+02
/newplot
/plotname contrast2=0.5
0.0000e+00 6.5706e+02 1.2692e+02
3.0000e+01 6.7840e+02 1.4355e+02
6.0000e+01 7.1941e+02 2.6341e+02
9.0000e+01 6.6469e+02 1.3724e+02
1.2000e+02 6.4751e+02 1.2574e+02
1.5000e+02 6.8269e+02 1.3685e+02
1.8000e+02 7.5917e+02 3.3054e+02
2.1000e+02 7.5593e+02 3.4796e+02
2.4000e+02 6.5675e+02 9.3541e+01
2.7000e+02 6.4136e+02 1.4956e+02
3.0000e+02 6.8987e+02 2.0588e+02
3.3000e+02 6.8658e+02 1.8722e+02
/newplot
/plotname baseline
0.000000e+00 6.709539e+02
3.300000e+02 6.709539e+02
