/newplot
/plotname contrast2=0.0
0.0000e+00 4.0100e+02 3.7688e+01
3.0000e+01 4.1790e+02 4.7078e+01
6.0000e+01 4.1840e+02 3.5857e+01
9.0000e+01 4.1793e+02 2.4420e+01
1.2000e+02 4.0415e+02 2.9769e+01
1.5000e+02 4.0075e+02 1.9246e+01
1.8000e+02 4.1514e+02 3.1885e+01
2.1000e+02 4.1621e+02 2.0508e+01
2.4000e+02 4.3126e+02 4.0078e+01
2.7000e+02 4.2659e+02 3.8479e+01
3.0000e+02 4.1356e+02 3.6861e+01
3.3000e+02 3.9984e+02 3.3171e+01
/newplot
/plotname contrast2=0.5
0.0000e+00 4.3305e+02 3.2417e+01
3.0000e+01 4.2801e+02 3.5838e+01
6.0000e+01 4.1486e+02 2.1808e+01
9.0000e+01 4.2374e+02 2.8961e+01
1.2000e+02 4.1702e+02 3.4739e+01
1.5000e+02 4.2867e+02 3.5377e+01
1.8000e+02 4.2242e+02 2.9622e+01
2.1000e+02 4.4399e+02 4.1395e+01
2.4000e+02 4.3745e+02 2.2858e+01
2.7000e+02 4.1620e+02 2.3631e+01
3.0000e+02 4.3353e+02 3.0537e+01
3.3000e+02 4.1698e+02 3.4868e+01
/newplot
/plotname baseline
0.000000e+00 3.964932e+02
3.300000e+02 3.964932e+02
