/newplot
/plotname contrast2=0.0
0.0000e+00 5.1473e+02 4.8292e+01
3.0000e+01 4.5991e+02 2.0878e+01
6.0000e+01 4.4681e+02 4.0273e+01
9.0000e+01 4.4927e+02 1.7452e+01
1.2000e+02 4.3340e+02 1.5899e+01
1.5000e+02 4.5964e+02 3.8954e+01
1.8000e+02 5.0828e+02 4.5704e+01
2.1000e+02 4.6691e+02 2.0819e+01
2.4000e+02 4.4472e+02 3.7895e+01
2.7000e+02 4.4677e+02 3.0529e+01
3.0000e+02 4.5063e+02 2.3392e+01
3.3000e+02 4.8489e+02 3.9666e+01
/newplot
/plotname contrast2=0.5
0.0000e+00 5.1196e+02 3.9649e+01
3.0000e+01 4.7968e+02 4.6206e+01
6.0000e+01 4.5955e+02 2.4201e+01
9.0000e+01 4.9168e+02 2.0318e+01
1.2000e+02 4.6738e+02 2.9321e+01
1.5000e+02 4.7887e+02 3.4633e+01
1.8000e+02 4.4970e+02 2.1571e+01
2.1000e+02 4.7062e+02 2.8292e+01
2.4000e+02 4.7812e+02 2.9258e+01
2.7000e+02 5.0555e+02 3.2414e+01
3.0000e+02 5.1031e+02 2.4323e+01
3.3000e+02 4.8415e+02 3.0569e+01
/newplot
/plotname baseline
0.000000e+00 4.422455e+02
3.300000e+02 4.422455e+02
