/newplot
/plotname contrast2=0.0
0.0000e+00 4.8322e+02 2.1761e+01
3.0000e+01 4.7250e+02 1.2035e+01
6.0000e+01 4.6923e+02 2.2402e+01
9.0000e+01 4.6669e+02 2.9036e+01
1.2000e+02 4.8271e+02 2.1078e+01
1.5000e+02 4.7659e+02 8.4418e+00
1.8000e+02 4.9947e+02 6.5181e+01
2.1000e+02 4.7329e+02 1.5425e+01
2.4000e+02 4.8220e+02 2.5983e+01
2.7000e+02 4.8877e+02 1.2735e+01
3.0000e+02 5.0060e+02 2.8070e+01
3.3000e+02 5.2327e+02 1.7176e+01
/newplot
/plotname contrast2=0.5
0.0000e+00 4.7912e+02 1.7737e+01
3.0000e+01 4.9091e+02 1.2236e+01
6.0000e+01 4.9918e+02 4.2110e+01
9.0000e+01 4.9123e+02 3.5349e+01
1.2000e+02 4.7620e+02 1.1765e+01
1.5000e+02 4.9873e+02 2.8056e+01
1.8000e+02 4.9213e+02 2.6996e+01
2.1000e+02 5.0418e+02 3.4266e+01
2.4000e+02 5.2201e+02 3.8243e+01
2.7000e+02 4.8867e+02 1.5675e+01
3.0000e+02 5.0046e+02 3.3338e+01
3.3000e+02 5.0285e+02 3.5875e+01
/newplot
/plotname baseline
0.000000e+00 4.591304e+02
3.300000e+02 4.591304e+02
