/newplot
/plotname contrast2=0.0
0.0000e+00 4.1712e+02 1.6385e+01
3.0000e+01 4.1627e+02 1.7993e+01
6.0000e+01 4.4932e+02 2.4860e+01
9.0000e+01 4.3974e+02 1.8572e+01
1.2000e+02 4.1603e+02 1.8242e+01
1.5000e+02 4.1777e+02 1.0564e+01
1.8000e+02 4.3219e+02 2.2409e+01
2.1000e+02 4.2089e+02 1.7706e+01
2.4000e+02 4.5901e+02 3.0579e+01
2.7000e+02 4.5502e+02 1.9071e+01
3.0000e+02 4.4532e+02 1.9717e+01
3.3000e+02 4.1145e+02 1.7105e+01
/newplot
/plotname contrast2=0.5
0.0000e+00 4.2956e+02 1.3629e+01
3.0000e+01 4.2431e+02 1.0141e+01
6.0000e+01 4.2977e+02 2.1439e+01
9.0000e+01 4.3687e+02 1.1961e+01
1.2000e+02 4.2311e+02 1.2810e+01
1.5000e+02 4.3520e+02 1.0392e+01
1.8000e+02 4.3460e+02 1.3757e+01
2.1000e+02 4.4431e+02 2.4431e+01
2.4000e+02 4.5412e+02 2.2758e+01
2.7000e+02 4.2491e+02 1.4739e+01
3.0000e+02 4.3302e+02 1.8871e+01
3.3000e+02 4.3546e+02 1.8280e+01
/newplot
/plotname baseline
0.000000e+00 4.127608e+02
3.300000e+02 4.127608e+02
