/newplot
/plotname contrast2=0.0
0.0000e+00 6.6782e+02 3.6594e+01
3.0000e+01 6.4775e+02 2.5763e+01
6.0000e+01 6.5349e+02 2.3214e+01
9.0000e+01 6.8708e+02 6.5958e+01
1.2000e+02 6.8184e+02 3.3765e+01
1.5000e+02 6.8222e+02 1.9143e+01
1.8000e+02 7.0674e+02 1.1992e+02
2.1000e+02 6.7568e+02 4.5970e+01
2.4000e+02 6.6214e+02 2.8924e+01
2.7000e+02 6.7819e+02 2.5846e+01
3.0000e+02 7.4089e+02 9.1653e+01
3.3000e+02 7.0960e+02 3.3622e+01
/newplot
/plotname contrast2=0.5
0.0000e+00 6.6780e+02 1.5270e+01
3.0000e+01 6.7773e+02 2.3341e+01
6.0000e+01 7.1589e+02 9.4079e+01
9.0000e+01 6.7535e+02 2.8721e+01
1.2000e+02 6.6520e+02 1.1569e+01
1.5000e+02 6.7962e+02 2.5341e+01
1.8000e+02 6.7933e+02 4.7218e+01
2.1000e+02 7.1105e+02 6.6578e+01
2.4000e+02 7.2624e+02 5.7385e+01
2.7000e+02 6.7183e+02 3.1585e+01
3.0000e+02 6.8967e+02 3.3294e+01
3.3000e+02 6.9788e+02 3.8284e+01
/newplot
/plotname baseline
0.000000e+00 6.614752e+02
3.300000e+02 6.614752e+02
