/newplot
/plotname contrast2=0.0
0.0000e+00 6.1885e+02 2.6784e+01
3.0000e+01 5.7611e+02 1.2617e+01
6.0000e+01 5.6784e+02 2.3649e+01
9.0000e+01 5.7334e+02 1.4000e+01
1.2000e+02 5.7489e+02 1.7767e+01
1.5000e+02 6.4095e+02 3.1702e+01
1.8000e+02 6.6026e+02 7.6858e+01
2.1000e+02 5.8623e+02 2.0424e+01
2.4000e+02 5.9469e+02 3.5396e+01
2.7000e+02 5.8145e+02 1.4189e+01
3.0000e+02 6.0542e+02 2.6010e+01
3.3000e+02 6.3884e+02 2.4539e+01
/newplot
/plotname contrast2=0.5
0.0000e+00 6.1197e+02 2.5703e+01
3.0000e+01 5.9433e+02 1.6901e+01
6.0000e+01 6.3688e+02 7.1605e+01
9.0000e+01 6.0631e+02 3.4013e+01
1.2000e+02 5.8009e+02 1.1881e+01
1.5000e+02 6.1785e+02 1.5022e+01
1.8000e+02 6.0341e+02 1.8659e+01
2.1000e+02 6.1186e+02 1.4815e+01
2.4000e+02 6.5531e+02 4.6448e+01
2.7000e+02 6.0555e+02 2.0922e+01
3.0000e+02 5.9174e+02 2.0864e+01
3.3000e+02 6.1788e+02 1.6608e+01
/newplot
/plotname baseline
0.000000e+00 5.780070e+02
3.300000e+02 5.780070e+02
