/newplot
/plotname contrast2=0.0
0.0000e+00 4.6983e+02 1.8756e+01
3.0000e+01 4.8314e+02 2.8467e+01
6.0000e+01 5.2536e+02 3.1221e+01
9.0000e+01 5.0023e+02 1.3957e+01
1.2000e+02 4.6663e+02 9.2599e+00
1.5000e+02 4.7090e+02 2.4336e+01
1.8000e+02 4.8416e+02 4.0199e+01
2.1000e+02 5.0038e+02 1.1453e+01
2.4000e+02 5.4510e+02 4.7526e+01
2.7000e+02 5.1950e+02 2.4227e+01
3.0000e+02 4.9751e+02 1.1243e+01
3.3000e+02 4.6243e+02 3.0506e+01
/newplot
/plotname contrast2=0.5
0.0000e+00 4.9326e+02 1.3699e+01
3.0000e+01 4.9043e+02 1.9996e+01
6.0000e+01 4.9206e+02 2.1587e+01
9.0000e+01 4.8096e+02 1.4741e+01
1.2000e+02 4.7681e+02 1.2979e+01
1.5000e+02 5.5035e+02 2.4116e+01
1.8000e+02 4.9910e+02 1.8146e+01
2.1000e+02 5.1835e+02 3.0515e+01
2.4000e+02 5.3728e+02 4.2568e+01
2.7000e+02 4.8276e+02 2.0418e+01
3.0000e+02 5.0242e+02 1.8329e+01
3.3000e+02 5.0417e+02 2.9580e+01
/newplot
/plotname baseline
0.000000e+00 4.698112e+02
3.300000e+02 4.698112e+02
