/newplot
/plotname contrast2=0.0
0.0000e+00 7.2003e+02 8.3092e+01
3.0000e+01 7.2081e+02 6.0398e+01
6.0000e+01 7.8105e+02 7.4816e+01
9.0000e+01 7.9961e+02 6.5822e+01
1.2000e+02 7.5361e+02 6.7675e+01
1.5000e+02 7.2304e+02 4.5589e+01
1.8000e+02 7.4428e+02 6.1085e+01
2.1000e+02 7.2590e+02 5.7367e+01
2.4000e+02 7.8931e+02 8.2189e+01
2.7000e+02 8.1910e+02 7.5054e+01
3.0000e+02 7.9408e+02 6.5794e+01
3.3000e+02 7.1613e+02 5.9794e+01
/newplot
/plotname contrast2=0.5
0.0000e+00 7.7012e+02 7.6397e+01
3.0000e+01 7.7149e+02 7.3523e+01
6.0000e+01 7.6801e+02 7.6372e+01
9.0000e+01 7.6690e+02 8.7231e+01
1.2000e+02 7.5312e+02 6.1229e+01
1.5000e+02 7.9053e+02 7.2241e+01
1.8000e+02 7.7253e+02 3.6659e+01
2.1000e+02 7.8517e+02 7.6973e+01
2.4000e+02 7.7615e+02 7.3212e+01
2.7000e+02 7.7082e+02 6.8781e+01
3.0000e+02 7.5184e+02 7.1092e+01
3.3000e+02 7.5859e+02 6.2849e+01
/newplot
/plotname baseline
0.000000e+00 7.191590e+02
3.300000e+02 7.191590e+02
