/newplot
/plotname contrast2=0.0
0.0000e+00 5.2477e+02 3.2084e+01
3.0000e+01 4.8439e+02 2.4536e+01
6.0000e+01 4.6317e+02 1.2171e+01
9.0000e+01 4.8061e+02 2.8291e+01
1.2000e+02 4.7289e+02 1.4238e+01
1.5000e+02 5.1416e+02 3.0678e+01
1.8000e+02 5.2138e+02 7.5752e+01
2.1000e+02 4.9428e+02 6.6664e+00
2.4000e+02 4.7104e+02 1.2677e+01
2.7000e+02 4.8518e+02 1.8207e+01
3.0000e+02 4.9252e+02 2.6414e+01
3.3000e+02 5.1827e+02 3.3486e+01
/newplot
/plotname contrast2=0.5
0.0000e+00 5.0034e+02 2.2258e+01
3.0000e+01 4.8387e+02 1.9399e+01
6.0000e+01 5.0424e+02 5.9624e+01
9.0000e+01 4.9738e+02 2.4540e+01
1.2000e+02 4.8976e+02 2.5562e+01
1.5000e+02 5.0435e+02 1.9756e+01
1.8000e+02 4.9224e+02 3.3067e+01
2.1000e+02 5.2515e+02 3.0763e+01
2.4000e+02 5.3601e+02 4.5945e+01
2.7000e+02 4.9630e+02 2.1673e+01
3.0000e+02 4.9571e+02 2.6998e+01
3.3000e+02 4.9831e+02 3.2965e+01
/newplot
/plotname baseline
0.000000e+00 4.725271e+02
3.300000e+02 4.725271e+02
