/newplot
/plotname contrast2=0.0
0.0000e+00 5.8210e+02 2.0146e+01
3.0000e+01 5.6537e+02 2.4615e+01
6.0000e+01 5.4502e+02 4.0640e+01
9.0000e+01 5.6280e+02 3.5383e+01
1.2000e+02 5.5596e+02 2.0212e+01
1.5000e+02 5.9417e+02 4.9185e+01
1.8000e+02 5.9968e+02 4.7006e+01
2.1000e+02 5.6680e+02 9.7250e+00
2.4000e+02 5.6591e+02 3.9279e+01
2.7000e+02 5.7590e+02 1.9899e+01
3.0000e+02 5.9526e+02 2.2443e+01
3.3000e+02 6.3176e+02 5.8719e+01
/newplot
/plotname contrast2=0.5
0.0000e+00 5.7132e+02 2.8779e+01
3.0000e+01 5.5643e+02 3.5609e+01
6.0000e+01 5.7719e+02 3.6420e+01
9.0000e+01 5.7747e+02 3.0256e+01
1.2000e+02 5.7254e+02 3.0625e+01
1.5000e+02 5.8695e+02 2.7778e+01
1.8000e+02 5.7452e+02 3.5828e+01
2.1000e+02 5.8488e+02 2.7845e+01
2.4000e+02 6.0594e+02 4.1442e+01
2.7000e+02 5.5540e+02 2.5453e+01
3.0000e+02 5.8266e+02 1.8509e+01
3.3000e+02 6.0459e+02 4.2477e+01
/newplot
/plotname baseline
0.000000e+00 5.487181e+02
3.300000e+02 5.487181e+02
