/newplot
/plotname contrast2=0.0
0.0000e+00 3.7594e+02 2.7308e+01
3.0000e+01 3.5281e+02 2.0701e+01
6.0000e+01 3.6364e+02 1.9232e+01
9.0000e+01 3.7897e+02 2.0015e+01
1.2000e+02 3.7139e+02 3.7945e+01
1.5000e+02 3.7529e+02 2.3942e+01
1.8000e+02 3.7461e+02 4.1250e+01
2.1000e+02 3.6837e+02 1.4485e+01
2.4000e+02 3.8485e+02 3.0220e+01
2.7000e+02 3.9899e+02 2.7684e+01
3.0000e+02 4.0399e+02 3.8958e+01
3.3000e+02 3.6929e+02 2.3583e+01
/newplot
/plotname contrast2=0.5
0.0000e+00 3.8086e+02 1.8085e+01
3.0000e+01 3.8531e+02 3.2321e+01
6.0000e+01 3.8027e+02 5.1056e+01
9.0000e+01 3.7485e+02 1.1843e+01
1.2000e+02 3.7291e+02 1.5116e+01
1.5000e+02 3.8300e+02 3.4064e+01
1.8000e+02 3.9345e+02 1.9195e+01
2.1000e+02 3.9526e+02 4.2186e+01
2.4000e+02 4.0833e+02 2.2289e+01
2.7000e+02 3.7329e+02 2.8271e+01
3.0000e+02 3.9027e+02 2.8423e+01
3.3000e+02 3.7291e+02 2.4087e+01
/newplot
/plotname baseline
0.000000e+00 3.612685e+02
3.300000e+02 3.612685e+02
