/newplot
/plotname contrast2=0.0
0.0000e+00 8.2049e+02 8.0760e+01
3.0000e+01 8.8693e+02 8.2230e+01
6.0000e+01 7.7360e+02 8.8170e+01
9.0000e+01 8.0752e+02 8.0247e+01
1.2000e+02 8.0648e+02 5.4454e+01
1.5000e+02 8.4114e+02 9.2897e+01
1.8000e+02 8.4673e+02 4.0379e+01
2.1000e+02 8.4854e+02 6.6975e+01
2.4000e+02 7.9097e+02 8.7936e+01
2.7000e+02 8.3921e+02 7.2935e+01
3.0000e+02 7.9060e+02 1.0950e+02
3.3000e+02 8.2045e+02 1.0248e+02
/newplot
/plotname contrast2=0.5
0.0000e+00 8.3669e+02 1.0536e+02
3.0000e+01 7.9889e+02 8.0911e+01
6.0000e+01 8.0385e+02 9.8079e+01
9.0000e+01 8.5309e+02 8.4508e+01
1.2000e+02 7.9154e+02 5.7579e+01
1.5000e+02 8.5512e+02 4.7092e+01
1.8000e+02 8.0982e+02 1.0532e+02
2.1000e+02 7.8392e+02 4.9258e+01
2.4000e+02 8.3340e+02 8.8295e+01
2.7000e+02 8.1921e+02 7.4997e+01
3.0000e+02 8.0853e+02 7.3975e+01
3.3000e+02 8.3152e+02 1.0664e+02
/newplot
/plotname baseline
0.000000e+00 7.883889e+02
3.300000e+02 7.883889e+02
