/newplot
/plotname contrast2=0.0
0.0000e+00 3.0503e+02 2.5880e+01
3.0000e+01 3.0357e+02 2.9655e+01
6.0000e+01 3.0953e+02 1.6264e+01
9.0000e+01 3.1899e+02 2.0750e+01
1.2000e+02 3.1559e+02 1.7672e+01
1.5000e+02 3.1054e+02 2.0090e+01
1.8000e+02 3.1085e+02 2.7284e+01
2.1000e+02 3.1276e+02 2.5537e+01
2.4000e+02 3.0624e+02 1.5800e+01
2.7000e+02 3.1738e+02 1.7754e+01
3.0000e+02 3.2055e+02 2.7912e+01
3.3000e+02 3.1459e+02 2.4660e+01
/newplot
/plotname contrast2=0.5
0.0000e+00 3.1514e+02 8.7445e+00
3.0000e+01 3.0629e+02 2.1415e+01
6.0000e+01 3.1616e+02 2.1883e+01
9.0000e+01 3.2081e+02 1.8179e+01
1.2000e+02 3.1315e+02 1.3636e+01
1.5000e+02 3.0867e+02 1.0969e+01
1.8000e+02 3.0968e+02 2.3239e+01
2.1000e+02 3.2134e+02 2.0092e+01
2.4000e+02 3.3183e+02 2.2419e+01
2.7000e+02 3.0239e+02 1.7015e+01
3.0000e+02 3.1101e+02 1.0029e+01
3.3000e+02 3.1439e+02 2.4083e+01
/newplot
/plotname baseline
0.000000e+00 2.932284e+02
3.300000e+02 2.932284e+02
