/newplot
/plotname contrast2=0.0
0.0000e+00 5.1580e+02 2.5187e+01
3.0000e+01 4.9630e+02 1.5123e+01
6.0000e+01 4.9135e+02 8.5286e+00
9.0000e+01 4.9580e+02 2.8222e+01
1.2000e+02 5.0248e+02 2.3056e+01
1.5000e+02 5.2469e+02 2.9053e+01
1.8000e+02 5.1632e+02 1.4648e+01
2.1000e+02 5.0107e+02 1.3976e+01
2.4000e+02 4.9669e+02 2.4327e+01
2.7000e+02 4.9633e+02 1.5343e+01
3.0000e+02 5.2316e+02 3.1964e+01
3.3000e+02 5.3650e+02 3.0846e+01
/newplot
/plotname contrast2=0.5
0.0000e+00 5.2804e+02 2.2010e+01
3.0000e+01 4.8989e+02 2.2451e+01
6.0000e+01 5.1739e+02 2.7987e+01
9.0000e+01 5.0522e+02 2.6372e+01
1.2000e+02 5.1989e+02 1.3625e+01
1.5000e+02 5.0385e+02 1.9211e+01
1.8000e+02 5.1422e+02 3.2775e+01
2.1000e+02 5.3077e+02 1.2290e+01
2.4000e+02 5.2332e+02 9.9649e+00
2.7000e+02 5.3526e+02 2.2202e+01
3.0000e+02 5.1536e+02 1.5085e+01
3.3000e+02 5.1458e+02 1.7569e+01
/newplot
/plotname baseline
0.000000e+00 4.897638e+02
3.300000e+02 4.897638e+02
