/newplot
/plotname contrast2=0.0
0.0000e+00 8.3893e+02 2.8202e+01
3.0000e+01 8.5921e+02 2.3136e+01
6.0000e+01 8.6286e+02 1.5181e+01
9.0000e+01 8.6452e+02 1.0175e+01
1.2000e+02 8.4869e+02 2.9756e+01
1.5000e+02 8.5584e+02 2.0949e+01
1.8000e+02 8.3637e+02 2.7600e+01
2.1000e+02 8.6379e+02 2.8784e+01
2.4000e+02 8.7505e+02 2.5987e+01
2.7000e+02 8.7698e+02 2.2997e+01
3.0000e+02 8.4424e+02 3.8805e+01
3.3000e+02 8.3988e+02 2.8174e+01
/newplot
/plotname contrast2=0.5
0.0000e+00 8.6406e+02 3.8884e+01
3.0000e+01 8.3209e+02 2.5653e+01
6.0000e+01 8.5424e+02 2.3920e+01
9.0000e+01 8.5961e+02 2.8291e+01
1.2000e+02 8.5840e+02 3.3223e+01
1.5000e+02 8.7020e+02 1.7756e+01
1.8000e+02 8.5430e+02 3.5520e+01
2.1000e+02 8.7239e+02 9.2065e+00
2.4000e+02 8.6044e+02 2.4442e+01
2.7000e+02 8.6585e+02 2.3404e+01
3.0000e+02 8.5718e+02 2.2331e+01
3.3000e+02 8.5725e+02 2.3360e+01
/newplot
/plotname baseline
0.000000e+00 8.194589e+02
3.300000e+02 8.194589e+02
