/newplot
/plotname contrast2=0.0
0.0000e+00 7.3587e+02 2.0348e+01
3.0000e+01 7.1979e+02 2.2884e+01
6.0000e+01 7.0723e+02 1.8301e+01
9.0000e+01 7.1969e+02 4.2224e+01
1.2000e+02 7.2502e+02 2.4840e+01
1.5000e+02 7.4316e+02 3.8323e+01
1.8000e+02 7.4160e+02 2.0154e+01
2.1000e+02 7.2828e+02 1.9599e+01
2.4000e+02 7.1072e+02 1.8141e+01
2.7000e+02 7.3988e+02 2.3569e+01
3.0000e+02 7.2290e+02 3.3840e+01
3.3000e+02 7.3085e+02 2.1512e+01
/newplot
/plotname contrast2=0.5
0.0000e+00 7.1469e+02 2.1013e+01
3.0000e+01 7.2782e+02 1.7685e+01
6.0000e+01 7.3395e+02 2.0890e+01
9.0000e+01 7.4229e+02 1.8246e+01
1.2000e+02 7.2731e+02 2.1134e+01
1.5000e+02 7.2603e+02 2.0260e+01
1.8000e+02 7.3349e+02 1.5924e+01
2.1000e+02 7.3187e+02 2.3103e+01
2.4000e+02 7.1871e+02 3.2087e+01
2.7000e+02 7.5678e+02 2.1851e+01
3.0000e+02 7.2840e+02 3.0423e+01
3.3000e+02 7.3540e+02 1.6660e+01
/newplot
/plotname baseline
0.000000e+00 7.001566e+02
3.300000e+02 7.001566e+02
