/newplot
/plotname contrast2=0.0
0.0000e+00 8.6488e+02 7.8296e+01
3.0000e+01 7.8787e+02 3.4259e+01
6.0000e+01 7.8200e+02 6.5999e+01
9.0000e+01 7.5240e+02 1.2089e+01
1.2000e+02 7.9144e+02 5.9105e+01
1.5000e+02 8.5433e+02 4.0381e+01
1.8000e+02 1.0229e+03 5.1934e+01
2.1000e+02 8.7437e+02 6.4694e+01
2.4000e+02 8.6519e+02 6.3985e+01
2.7000e+02 7.4394e+02 2.0708e+01
3.0000e+02 7.2667e+02 1.7468e+01
3.3000e+02 7.9196e+02 5.1224e+01
/newplot
/plotname contrast2=0.5
0.0000e+00 8.4627e+02 5.9960e+01
3.0000e+01 7.5510e+02 2.5698e+01
6.0000e+01 8.3228e+02 3.6892e+01
9.0000e+01 9.5289e+02 3.6750e+01
1.2000e+02 8.6513e+02 4.1232e+01
1.5000e+02 8.6780e+02 3.3199e+01
1.8000e+02 9.6902e+02 6.5215e+01
2.1000e+02 8.2372e+02 3.9880e+01
2.4000e+02 7.9221e+02 4.4592e+01
2.7000e+02 8.5745e+02 4.7345e+01
3.0000e+02 7.6596e+02 2.0441e+01
3.3000e+02 8.2943e+02 3.9207e+01
/newplot
/plotname baseline
0.000000e+00 7.663563e+02
3.300000e+02 7.663563e+02
