/newplot
/plotname contrast2=0.0
0.0000e+00 4.1651e+02 1.2874e+01
3.0000e+01 4.2713e+02 1.5041e+01
6.0000e+01 4.2498e+02 9.1128e+00
9.0000e+01 4.3979e+02 1.8026e+01
1.2000e+02 4.4535e+02 6.0286e+00
1.5000e+02 4.3982e+02 1.2870e+01
1.8000e+02 4.3314e+02 1.3591e+01
2.1000e+02 4.2848e+02 1.6553e+01
2.4000e+02 4.4244e+02 2.5178e+01
2.7000e+02 4.3271e+02 1.9646e+01
3.0000e+02 4.3455e+02 1.0548e+01
3.3000e+02 4.3237e+02 1.0198e+01
/newplot
/plotname contrast2=0.5
0.0000e+00 4.4020e+02 9.1167e+00
3.0000e+01 4.3018e+02 1.6361e+01
6.0000e+01 4.4153e+02 1.6819e+01
9.0000e+01 4.3184e+02 9.6729e+00
1.2000e+02 4.4679e+02 1.0176e+01
1.5000e+02 4.3314e+02 9.8757e+00
1.8000e+02 4.3377e+02 1.0651e+01
2.1000e+02 4.4296e+02 2.1264e+01
2.4000e+02 4.3003e+02 1.8110e+01
2.7000e+02 4.3905e+02 1.4947e+01
3.0000e+02 4.3784e+02 2.6237e+01
3.3000e+02 4.3094e+02 8.2383e+00
/newplot
/plotname baseline
0.000000e+00 4.138169e+02
3.300000e+02 4.138169e+02
