/newplot
/plotname contrast2=0.0
0.0000e+00 7.5065e+02 1.8421e+01
3.0000e+01 7.4675e+02 2.1945e+01
6.0000e+01 7.8994e+02 3.2444e+01
9.0000e+01 7.7439e+02 2.3507e+01
1.2000e+02 7.3992e+02 2.4953e+01
1.5000e+02 7.4312e+02 9.2960e+00
1.8000e+02 7.5766e+02 2.6376e+01
2.1000e+02 7.6078e+02 1.5823e+01
2.4000e+02 8.8793e+02 6.0327e+01
2.7000e+02 8.3750e+02 2.8515e+01
3.0000e+02 7.5708e+02 5.3008e+01
3.3000e+02 7.6659e+02 4.0591e+01
/newplot
/plotname contrast2=0.5
0.0000e+00 7.7046e+02 2.0574e+01
3.0000e+01 7.3274e+02 1.8534e+01
6.0000e+01 7.7504e+02 3.1272e+01
9.0000e+01 7.5761e+02 1.0612e+01
1.2000e+02 7.8400e+02 1.2654e+01
1.5000e+02 7.8488e+02 3.0943e+01
1.8000e+02 8.1212e+02 4.4668e+01
2.1000e+02 7.9741e+02 2.8013e+01
2.4000e+02 7.9077e+02 2.1832e+01
2.7000e+02 7.9217e+02 3.7695e+01
3.0000e+02 7.7736e+02 3.3058e+01
3.3000e+02 7.7825e+02 3.9315e+01
/newplot
/plotname baseline
0.000000e+00 7.431941e+02
3.300000e+02 7.431941e+02
