/newplot
/plotname contrast2=0.0
0.0000e+00 7.4938e+02 7.1835e+01
3.0000e+01 6.8276e+02 5.6959e+01
6.0000e+01 6.5431e+02 9.9011e+01
9.0000e+01 6.0676e+02 4.3876e+01
1.2000e+02 6.1402e+02 6.4484e+01
1.5000e+02 6.1395e+02 2.7855e+01
1.8000e+02 7.9294e+02 5.3440e+01
2.1000e+02 7.3643e+02 1.0124e+02
2.4000e+02 6.7180e+02 5.1885e+01
2.7000e+02 5.9002e+02 3.8922e+01
3.0000e+02 5.6137e+02 2.4571e+01
3.3000e+02 6.5853e+02 2.9244e+01
/newplot
/plotname contrast2=0.5
0.0000e+00 6.8803e+02 5.5730e+01
3.0000e+01 6.6869e+02 1.1025e+02
6.0000e+01 6.3270e+02 5.2091e+01
9.0000e+01 7.1805e+02 5.7480e+01
1.2000e+02 7.0259e+02 6.7481e+01
1.5000e+02 6.4131e+02 3.9401e+01
1.8000e+02 7.0586e+02 7.7950e+01
2.1000e+02 6.9055e+02 5.2205e+01
2.4000e+02 6.1166e+02 4.1840e+01
2.7000e+02 6.7240e+02 5.7281e+01
3.0000e+02 6.1421e+02 4.9576e+01
3.3000e+02 6.3105e+02 4.5481e+01
/newplot
/plotname baseline
0.000000e+00 6.216452e+02
3.300000e+02 6.216452e+02
