/newplot
/plotname contrast2=0.0
0.0000e+00 6.7396e+02 1.6985e+01
3.0000e+01 6.9200e+02 1.4487e+01
6.0000e+01 7.3438e+02 2.7453e+01
9.0000e+01 7.0966e+02 1.2322e+01
1.2000e+02 6.9689e+02 2.1216e+01
1.5000e+02 6.7300e+02 2.1531e+01
1.8000e+02 6.8976e+02 6.8580e+00
2.1000e+02 6.9744e+02 1.2889e+01
2.4000e+02 7.1792e+02 2.0917e+01
2.7000e+02 6.8994e+02 1.3074e+01
3.0000e+02 6.8403e+02 1.5748e+01
3.3000e+02 6.7426e+02 2.1647e+01
/newplot
/plotname contrast2=0.5
0.0000e+00 6.9396e+02 1.5916e+01
3.0000e+01 6.8589e+02 2.5914e+01
6.0000e+01 6.9971e+02 3.5085e+01
9.0000e+01 7.1298e+02 2.4992e+01
1.2000e+02 7.1787e+02 2.6924e+01
1.5000e+02 7.1012e+02 2.4372e+01
1.8000e+02 7.0427e+02 1.4347e+01
2.1000e+02 7.0008e+02 4.4419e+01
2.4000e+02 6.8318e+02 1.9059e+01
2.7000e+02 7.1027e+02 3.9093e+01
3.0000e+02 6.9272e+02 1.1620e+01
3.3000e+02 7.0816e+02 2.4286e+01
/newplot
/plotname baseline
0.000000e+00 6.660964e+02
3.300000e+02 6.660964e+02
