/newplot
/plotname contrast2=0.0
0.0000e+00 9.2148e+02 3.4785e+01
3.0000e+01 8.8671e+02 2.0215e+01
6.0000e+01 8.8098e+02 2.3701e+01
9.0000e+01 8.6891e+02 2.1560e+01
1.2000e+02 8.9556e+02 1.9809e+01
1.5000e+02 9.5206e+02 2.3819e+01
1.8000e+02 9.4537e+02 2.5183e+01
2.1000e+02 9.0487e+02 1.9890e+01
2.4000e+02 9.1923e+02 3.5395e+01
2.7000e+02 8.8755e+02 9.6747e+00
3.0000e+02 8.7176e+02 2.9491e+01
3.3000e+02 9.5749e+02 2.9136e+01
/newplot
/plotname contrast2=0.5
0.0000e+00 9.2090e+02 2.7000e+01
3.0000e+01 9.0773e+02 7.3074e+00
6.0000e+01 9.2982e+02 3.0351e+01
9.0000e+01 9.2188e+02 2.6510e+01
1.2000e+02 9.1772e+02 1.7362e+01
1.5000e+02 9.1660e+02 2.1568e+01
1.8000e+02 9.3850e+02 4.9656e+01
2.1000e+02 9.2241e+02 2.6854e+01
2.4000e+02 9.3210e+02 3.1238e+01
2.7000e+02 9.2876e+02 2.1724e+01
3.0000e+02 8.9640e+02 1.8652e+01
3.3000e+02 9.2491e+02 2.6393e+01
/newplot
/plotname baseline
0.000000e+00 8.788860e+02
3.300000e+02 8.788860e+02
