/newplot
/plotname contrast2=0.0
0.0000e+00 1.2017e+03 4.3724e+01
3.0000e+01 1.1629e+03 4.0667e+01
6.0000e+01 1.1653e+03 2.9227e+01
9.0000e+01 1.1515e+03 2.6844e+01
1.2000e+02 1.1786e+03 2.7393e+01
1.5000e+02 1.2751e+03 2.7791e+01
1.8000e+02 1.2486e+03 4.3809e+01
2.1000e+02 1.1756e+03 2.6487e+01
2.4000e+02 1.1554e+03 2.8103e+01
2.7000e+02 1.1403e+03 2.0738e+01
3.0000e+02 1.1426e+03 3.0087e+01
3.3000e+02 1.1936e+03 2.7067e+01
/newplot
/plotname contrast2=0.5
0.0000e+00 1.1820e+03 3.0590e+01
3.0000e+01 1.1587e+03 1.6826e+01
6.0000e+01 1.2129e+03 2.6189e+01
9.0000e+01 1.2080e+03 2.3190e+01
1.2000e+02 1.1789e+03 1.3661e+01
1.5000e+02 1.1888e+03 3.2122e+01
1.8000e+02 1.2141e+03 4.0443e+01
2.1000e+02 1.1828e+03 3.4151e+01
2.4000e+02 1.2061e+03 4.4054e+01
2.7000e+02 1.1935e+03 2.1553e+01
3.0000e+02 1.1654e+03 2.1943e+01
3.3000e+02 1.1732e+03 4.1549e+01
/newplot
/plotname baseline
0.000000e+00 1.146275e+03
3.300000e+02 1.146275e+03
