/newplot
/plotname contrast2=0.0
0.0000e+00 5.9365e+02 1.3897e+01
3.0000e+01 5.9555e+02 7.9472e+00
6.0000e+01 6.0710e+02 1.5130e+01
9.0000e+01 5.8231e+02 1.6520e+01
1.2000e+02 5.8706e+02 1.1642e+01
1.5000e+02 5.8061e+02 9.7026e+00
1.8000e+02 5.9614e+02 6.4627e+00
2.1000e+02 6.1761e+02 9.8536e+00
2.4000e+02 6.4249e+02 1.8455e+01
2.7000e+02 6.0745e+02 1.3259e+01
3.0000e+02 5.7440e+02 1.7300e+01
3.3000e+02 5.8971e+02 1.3157e+01
/newplot
/plotname contrast2=0.5
0.0000e+00 5.9325e+02 1.3673e+01
3.0000e+01 5.9029e+02 7.9971e+00
6.0000e+01 5.9567e+02 2.3447e+01
9.0000e+01 6.1063e+02 1.2767e+01
1.2000e+02 6.2422e+02 2.2493e+01
1.5000e+02 6.1265e+02 1.9378e+01
1.8000e+02 6.2038e+02 1.9522e+01
2.1000e+02 6.2033e+02 1.9243e+01
2.4000e+02 6.0583e+02 1.8073e+01
2.7000e+02 6.1396e+02 2.2182e+01
3.0000e+02 6.0727e+02 1.3234e+01
3.3000e+02 5.9803e+02 2.5981e+01
/newplot
/plotname baseline
0.000000e+00 5.761750e+02
3.300000e+02 5.761750e+02
