/newplot
/plotname contrast2=0.0
0.0000e+00 5.9440e+02 1.0056e+01
3.0000e+01 6.0049e+02 1.1975e+01
6.0000e+01 6.3789e+02 2.1795e+01
9.0000e+01 6.2978e+02 1.3557e+01
1.2000e+02 5.9976e+02 1.6071e+01
1.5000e+02 5.8522e+02 1.4975e+01
1.8000e+02 5.8783e+02 1.0401e+01
2.1000e+02 5.9924e+02 1.0752e+01
2.4000e+02 6.9465e+02 2.6165e+01
2.7000e+02 6.5281e+02 2.6741e+01
3.0000e+02 5.9408e+02 2.7611e+01
3.3000e+02 5.9891e+02 1.6146e+01
/newplot
/plotname contrast2=0.5
0.0000e+00 6.0561e+02 1.3742e+01
3.0000e+01 5.8997e+02 1.3552e+01
6.0000e+01 6.1358e+02 2.0199e+01
9.0000e+01 6.0801e+02 1.1612e+01
1.2000e+02 6.1403e+02 1.1078e+01
1.5000e+02 6.2855e+02 1.9477e+01
1.8000e+02 6.1585e+02 2.9369e+01
2.1000e+02 6.1996e+02 1.7874e+01
2.4000e+02 6.3195e+02 1.9193e+01
2.7000e+02 6.1454e+02 3.0907e+01
3.0000e+02 6.0952e+02 1.6057e+01
3.3000e+02 6.0738e+02 1.7070e+01
/newplot
/plotname baseline
0.000000e+00 5.908669e+02
3.300000e+02 5.908669e+02
