/newplot
/plotname contrast2=0.0
0.0000e+00 6.1222e+02 2.1180e+01
3.0000e+01 6.0320e+02 1.1059e+01
6.0000e+01 6.1658e+02 1.0114e+01
9.0000e+01 6.2928e+02 1.8667e+01
1.2000e+02 6.8087e+02 2.9305e+01
1.5000e+02 6.1105e+02 1.6611e+01
1.8000e+02 6.1208e+02 1.2035e+01
2.1000e+02 6.1841e+02 9.0731e+00
2.4000e+02 6.3370e+02 2.2443e+01
2.7000e+02 6.5781e+02 2.3621e+01
3.0000e+02 6.5922e+02 3.3816e+01
3.3000e+02 6.1957e+02 9.5293e+00
/newplot
/plotname contrast2=0.5
0.0000e+00 6.2505e+02 1.3929e+01
3.0000e+01 6.2350e+02 3.0188e+01
6.0000e+01 6.1200e+02 1.2680e+01
9.0000e+01 6.2935e+02 1.5446e+01
1.2000e+02 6.3950e+02 1.3735e+01
1.5000e+02 6.2129e+02 1.2398e+01
1.8000e+02 6.2185e+02 1.9265e+01
2.1000e+02 6.5402e+02 1.9888e+01
2.4000e+02 6.3791e+02 1.8576e+01
2.7000e+02 6.4631e+02 1.6699e+01
3.0000e+02 6.6621e+02 5.3858e+01
3.3000e+02 6.1949e+02 1.7056e+01
/newplot
/plotname baseline
0.000000e+00 6.106137e+02
3.300000e+02 6.106137e+02
