/newplot
/plotname contrast2=0.0
0.0000e+00 6.3065e+02 2.5464e+01
3.0000e+01 6.2023e+02 2.7640e+01
6.0000e+01 6.1469e+02 1.8860e+01
9.0000e+01 6.1629e+02 1.5446e+01
1.2000e+02 6.4451e+02 2.1851e+01
1.5000e+02 6.5381e+02 1.1204e+01
1.8000e+02 6.4795e+02 1.8003e+01
2.1000e+02 6.2849e+02 2.5034e+01
2.4000e+02 6.3536e+02 2.8571e+01
2.7000e+02 6.3077e+02 1.4109e+01
3.0000e+02 6.3184e+02 2.5271e+01
3.3000e+02 6.5606e+02 1.9332e+01
/newplot
/plotname contrast2=0.5
0.0000e+00 6.3545e+02 1.7698e+01
3.0000e+01 6.2753e+02 2.8329e+01
6.0000e+01 6.3783e+02 1.4526e+01
9.0000e+01 6.3546e+02 1.7128e+01
1.2000e+02 6.4470e+02 2.3140e+01
1.5000e+02 6.3428e+02 2.1915e+01
1.8000e+02 6.2997e+02 1.7002e+01
2.1000e+02 6.5053e+02 2.5332e+01
2.4000e+02 6.3765e+02 1.0418e+01
2.7000e+02 6.4483e+02 2.0326e+01
3.0000e+02 6.2178e+02 1.8099e+01
3.3000e+02 6.3701e+02 2.3849e+01
/newplot
/plotname baseline
0.000000e+00 6.053286e+02
3.300000e+02 6.053286e+02
