/newplot
/plotname contrast2=0.0
0.0000e+00 7.1340e+02 1.9809e+01
3.0000e+01 7.0058e+02 1.4097e+01
6.0000e+01 6.9379e+02 1.3070e+01
9.0000e+01 7.0934e+02 8.5325e+00
1.2000e+02 7.2677e+02 3.0219e+01
1.5000e+02 7.4044e+02 2.8028e+01
1.8000e+02 7.0610e+02 2.2619e+01
2.1000e+02 7.0535e+02 1.9123e+01
2.4000e+02 7.0698e+02 1.6224e+01
2.7000e+02 7.1204e+02 1.6003e+01
3.0000e+02 7.2023e+02 2.7157e+01
3.3000e+02 7.4727e+02 3.0541e+01
/newplot
/plotname contrast2=0.5
0.0000e+00 7.1180e+02 6.6502e+00
3.0000e+01 7.0911e+02 1.0593e+01
6.0000e+01 7.3021e+02 1.3055e+01
9.0000e+01 7.1700e+02 9.4944e+00
1.2000e+02 7.1800e+02 1.3935e+01
1.5000e+02 7.1171e+02 1.8075e+01
1.8000e+02 7.1749e+02 1.9094e+01
2.1000e+02 7.3621e+02 1.8715e+01
2.4000e+02 7.3880e+02 2.3627e+01
2.7000e+02 7.2337e+02 1.2333e+01
3.0000e+02 7.2217e+02 1.6161e+01
3.3000e+02 7.2605e+02 2.6413e+01
/newplot
/plotname baseline
0.000000e+00 6.935396e+02
3.300000e+02 6.935396e+02
