/newplot
/plotname contrast2=0.0
0.0000e+00 7.7479e+02 2.5544e+01
3.0000e+01 7.2624e+02 2.6113e+01
6.0000e+01 7.3089e+02 2.0813e+01
9.0000e+01 7.2478e+02 2.1426e+01
1.2000e+02 7.7542e+02 3.0025e+01
1.5000e+02 8.4034e+02 5.3758e+01
1.8000e+02 8.0804e+02 4.1761e+01
2.1000e+02 7.3009e+02 3.5860e+01
2.4000e+02 7.3299e+02 1.6698e+01
2.7000e+02 7.4945e+02 3.3688e+01
3.0000e+02 7.3481e+02 3.1390e+01
3.3000e+02 7.7579e+02 3.1941e+01
/newplot
/plotname contrast2=0.5
0.0000e+00 7.6760e+02 3.5627e+01
3.0000e+01 7.2337e+02 2.1939e+01
6.0000e+01 7.9346e+02 1.4017e+01
9.0000e+01 7.5332e+02 2.2368e+01
1.2000e+02 7.4023e+02 6.0482e+00
1.5000e+02 8.0122e+02 3.4999e+01
1.8000e+02 7.5594e+02 4.6044e+01
2.1000e+02 7.4691e+02 1.5241e+01
2.4000e+02 7.7364e+02 7.7965e+01
2.7000e+02 7.6833e+02 3.8500e+01
3.0000e+02 7.5372e+02 2.7489e+01
3.3000e+02 8.0797e+02 5.4117e+01
/newplot
/plotname baseline
0.000000e+00 7.238539e+02
3.300000e+02 7.238539e+02
