/newplot
/plotname contrast2=0.0
0.0000e+00 7.6461e+02 3.0218e+01
3.0000e+01 7.1787e+02 1.6727e+01
6.0000e+01 7.0476e+02 1.6733e+01
9.0000e+01 7.0443e+02 2.0935e+01
1.2000e+02 7.2348e+02 1.6670e+01
1.5000e+02 7.4530e+02 9.4207e+00
1.8000e+02 7.9028e+02 2.0004e+01
2.1000e+02 7.3348e+02 2.6137e+01
2.4000e+02 7.2022e+02 1.5113e+01
2.7000e+02 7.1148e+02 3.0156e+01
3.0000e+02 7.1052e+02 1.7737e+01
3.3000e+02 7.4319e+02 1.9721e+01
/newplot
/plotname contrast2=0.5
0.0000e+00 7.3810e+02 2.1943e+01
3.0000e+01 7.1752e+02 1.0239e+01
6.0000e+01 7.3426e+02 2.6115e+01
9.0000e+01 7.5179e+02 1.9714e+01
1.2000e+02 7.4071e+02 1.8183e+01
1.5000e+02 7.3354e+02 1.0848e+01
1.8000e+02 7.5362e+02 2.0225e+01
2.1000e+02 7.4716e+02 2.3056e+01
2.4000e+02 7.3093e+02 1.6857e+01
2.7000e+02 7.3688e+02 1.5188e+01
3.0000e+02 7.3466e+02 1.0579e+01
3.3000e+02 7.2420e+02 1.7413e+01
/newplot
/plotname baseline
0.000000e+00 7.072300e+02
3.300000e+02 7.072300e+02
