/newplot
/plotname contrast2=0.0
0.0000e+00 4.7728e+02 3.1631e+01
3.0000e+01 4.6005e+02 1.8979e+01
6.0000e+01 4.4912e+02 1.7814e+01
9.0000e+01 4.6693e+02 1.2765e+01
1.2000e+02 4.6502e+02 1.9621e+01
1.5000e+02 4.7900e+02 1.2038e+01
1.8000e+02 4.5655e+02 1.0867e+01
2.1000e+02 4.6327e+02 1.2614e+01
2.4000e+02 4.5577e+02 2.6673e+01
2.7000e+02 4.7175e+02 1.9803e+01
3.0000e+02 4.6974e+02 1.8595e+01
3.3000e+02 4.9477e+02 2.4243e+01
/newplot
/plotname contrast2=0.5
0.0000e+00 4.8259e+02 1.8184e+01
3.0000e+01 4.6930e+02 1.6676e+01
6.0000e+01 4.8133e+02 2.6501e+01
9.0000e+01 4.6775e+02 1.3714e+01
1.2000e+02 4.7434e+02 2.1202e+01
1.5000e+02 4.7207e+02 1.6808e+01
1.8000e+02 4.7709e+02 2.4734e+01
2.1000e+02 4.7903e+02 1.4192e+01
2.4000e+02 4.7596e+02 1.5657e+01
2.7000e+02 4.8869e+02 2.9085e+01
3.0000e+02 4.8147e+02 1.4378e+01
3.3000e+02 4.8506e+02 1.5338e+01
/newplot
/plotname baseline
0.000000e+00 4.526932e+02
3.300000e+02 4.526932e+02
