/newplot
/plotname contrast2=0.0
0.0000e+00 1.1704e+03 6.3270e+01
3.0000e+01 1.1411e+03 6.4890e+01
6.0000e+01 1.1592e+03 6.0898e+01
9.0000e+01 1.1621e+03 8.9605e+01
1.2000e+02 1.1639e+03 5.5934e+01
1.5000e+02 1.0974e+03 9.5781e+01
1.8000e+02 1.1698e+03 5.7143e+01
2.1000e+02 1.1574e+03 4.5443e+01
2.4000e+02 1.1470e+03 5.0674e+01
2.7000e+02 1.1539e+03 7.1230e+01
3.0000e+02 1.1135e+03 7.7592e+01
3.3000e+02 1.1234e+03 6.2024e+01
/newplot
/plotname contrast2=0.5
0.0000e+00 1.1356e+03 7.2385e+01
3.0000e+01 1.1421e+03 4.9354e+01
6.0000e+01 1.0999e+03 6.9188e+01
9.0000e+01 1.1919e+03 4.3929e+01
1.2000e+02 1.1615e+03 7.1013e+01
1.5000e+02 1.1848e+03 4.1391e+01
1.8000e+02 1.1312e+03 7.5311e+01
2.1000e+02 1.1714e+03 7.0639e+01
2.4000e+02 1.1347e+03 6.5359e+01
2.7000e+02 1.1494e+03 6.7798e+01
3.0000e+02 1.1637e+03 5.8792e+01
3.3000e+02 1.1435e+03 7.5993e+01
/newplot
/plotname baseline
0.000000e+00 1.135179e+03
3.300000e+02 1.135179e+03
