/newplot
/plotname contrast2=0.0
0.0000e+00 1.0173e+03 2.7958e+01
3.0000e+01 1.0010e+03 3.0093e+01
6.0000e+01 1.0094e+03 2.9355e+01
9.0000e+01 1.0101e+03 6.3373e+01
1.2000e+02 1.0097e+03 1.9639e+01
1.5000e+02 9.8934e+02 5.4166e+01
1.8000e+02 1.0547e+03 3.6912e+01
2.1000e+02 1.0345e+03 5.3656e+01
2.4000e+02 1.0064e+03 3.3968e+01
2.7000e+02 1.0394e+03 5.9187e+01
3.0000e+02 9.9795e+02 3.9094e+01
3.3000e+02 9.9439e+02 2.5729e+01
/newplot
/plotname contrast2=0.5
0.0000e+00 1.0291e+03 5.3342e+01
3.0000e+01 1.0211e+03 4.3847e+01
6.0000e+01 1.0217e+03 3.8993e+01
9.0000e+01 1.0425e+03 3.3151e+01
1.2000e+02 1.0233e+03 4.6745e+01
1.5000e+02 1.0346e+03 6.2174e+01
1.8000e+02 9.9327e+02 4.1683e+01
2.1000e+02 1.0319e+03 3.4369e+01
2.4000e+02 1.0182e+03 5.8008e+01
2.7000e+02 1.0142e+03 2.4188e+01
3.0000e+02 1.0281e+03 3.4784e+01
3.3000e+02 1.0104e+03 5.8540e+01
/newplot
/plotname baseline
0.000000e+00 1.009995e+03
3.300000e+02 1.009995e+03
