/newplot
/plotname contrast2=0.0
0.0000e+00 1.1133e+03 8.4107e+00
3.0000e+01 1.0708e+03 2.9201e+01
6.0000e+01 1.0649e+03 3.3579e+01
9.0000e+01 1.0551e+03 2.9293e+01
1.2000e+02 1.0617e+03 2.8432e+01
1.5000e+02 1.1211e+03 3.3021e+01
1.8000e+02 1.1523e+03 2.7805e+01
2.1000e+02 1.0983e+03 2.5136e+01
2.4000e+02 1.0727e+03 2.5631e+01
2.7000e+02 1.0674e+03 3.1380e+01
3.0000e+02 1.0546e+03 2.0021e+01
3.3000e+02 1.0768e+03 1.2831e+01
/newplot
/plotname contrast2=0.5
0.0000e+00 1.0870e+03 2.9356e+01
3.0000e+01 1.0684e+03 3.5338e+01
6.0000e+01 1.0978e+03 2.8393e+01
9.0000e+01 1.1001e+03 2.3964e+01
1.2000e+02 1.0878e+03 2.5169e+01
1.5000e+02 1.0734e+03 2.8009e+01
1.8000e+02 1.1020e+03 3.2036e+01
2.1000e+02 1.0826e+03 3.0950e+01
2.4000e+02 1.0799e+03 2.5247e+01
2.7000e+02 1.0906e+03 2.0180e+01
3.0000e+02 1.0647e+03 2.2361e+01
3.3000e+02 1.0823e+03 2.2458e+01
/newplot
/plotname baseline
0.000000e+00 1.049956e+03
3.300000e+02 1.049956e+03
