/newplot
/plotname contrast2=0.0
0.0000e+00 5.3714e+02 2.7580e+01
3.0000e+01 4.8411e+02 1.2351e+01
6.0000e+01 4.6807e+02 2.2303e+01
9.0000e+01 4.5916e+02 1.6057e+01
1.2000e+02 4.7726e+02 1.0542e+01
1.5000e+02 4.6453e+02 1.3040e+01
1.8000e+02 5.3492e+02 1.4784e+01
2.1000e+02 4.9474e+02 9.2851e+00
2.4000e+02 4.7499e+02 1.2071e+01
2.7000e+02 4.5785e+02 1.3379e+01
3.0000e+02 4.6011e+02 1.6358e+01
3.3000e+02 4.8096e+02 2.2620e+01
/newplot
/plotname contrast2=0.5
0.0000e+00 5.0118e+02 2.2787e+01
3.0000e+01 4.7538e+02 1.4929e+01
6.0000e+01 4.7439e+02 1.4484e+01
9.0000e+01 5.0161e+02 2.0598e+01
1.2000e+02 4.9726e+02 1.8859e+01
1.5000e+02 4.8171e+02 1.7416e+01
1.8000e+02 5.2125e+02 2.9908e+01
2.1000e+02 5.0709e+02 2.8220e+01
2.4000e+02 4.7858e+02 2.1209e+01
2.7000e+02 5.1435e+02 2.5862e+01
3.0000e+02 4.9034e+02 1.8194e+01
3.3000e+02 4.6553e+02 2.0545e+01
/newplot
/plotname baseline
0.000000e+00 4.560421e+02
3.300000e+02 4.560421e+02
