/newplot
/plotname contrast2=0.0
0.0000e+00 7.4779e+02 2.0808e+01
3.0000e+01 7.5407e+02 1.9031e+01
6.0000e+01 7.6619e+02 2.0042e+01
9.0000e+01 7.5687e+02 2.3564e+01
1.2000e+02 7.5742e+02 2.8235e+01
1.5000e+02 7.2934e+02 2.3290e+01
1.8000e+02 7.6302e+02 2.2751e+01
2.1000e+02 7.6723e+02 2.5697e+01
2.4000e+02 8.1615e+02 4.3472e+01
2.7000e+02 7.9106e+02 1.5393e+01
3.0000e+02 7.3561e+02 3.5825e+01
3.3000e+02 7.4195e+02 2.4355e+01
/newplot
/plotname contrast2=0.5
0.0000e+00 7.6328e+02 2.4924e+01
3.0000e+01 7.5034e+02 1.9180e+01
6.0000e+01 7.5858e+02 2.1815e+01
9.0000e+01 7.7388e+02 8.6247e+00
1.2000e+02 7.6430e+02 2.0954e+01
1.5000e+02 7.8067e+02 2.1996e+01
1.8000e+02 7.6035e+02 3.7039e+01
2.1000e+02 7.7179e+02 3.6868e+01
2.4000e+02 7.6980e+02 1.1047e+01
2.7000e+02 7.6824e+02 2.9973e+01
3.0000e+02 7.6627e+02 2.4724e+01
3.3000e+02 7.5469e+02 2.8350e+01
/newplot
/plotname baseline
0.000000e+00 7.318172e+02
3.300000e+02 7.318172e+02
