/newplot
/plotname contrast2=0.0
0.0000e+00 5.7665e+02 2.1760e+01
3.0000e+01 5.5546e+02 2.9121e+01
6.0000e+01 5.6625e+02 1.8089e+01
9.0000e+01 5.5183e+02 2.3071e+01
1.2000e+02 5.7482e+02 1.4156e+01
1.5000e+02 6.4374e+02 1.6560e+01
1.8000e+02 6.0036e+02 2.2153e+01
2.1000e+02 5.7554e+02 1.5422e+01
2.4000e+02 5.5571e+02 2.2349e+01
2.7000e+02 5.6493e+02 1.2538e+01
3.0000e+02 5.7149e+02 1.7447e+01
3.3000e+02 6.3320e+02 2.4960e+01
/newplot
/plotname contrast2=0.5
0.0000e+00 5.7421e+02 1.0769e+01
3.0000e+01 5.5782e+02 1.4681e+01
6.0000e+01 5.8167e+02 1.7531e+01
9.0000e+01 5.7042e+02 1.9103e+01
1.2000e+02 5.6676e+02 2.0230e+01
1.5000e+02 6.0463e+02 2.7201e+01
1.8000e+02 5.7646e+02 1.9468e+01
2.1000e+02 5.7499e+02 1.9446e+01
2.4000e+02 5.9868e+02 3.9014e+01
2.7000e+02 5.8635e+02 2.4272e+01
3.0000e+02 5.7148e+02 1.2264e+01
3.3000e+02 5.9086e+02 2.4858e+01
/newplot
/plotname baseline
0.000000e+00 5.568486e+02
3.300000e+02 5.568486e+02
