/newplot
/plotname contrast2=0.0
0.0000e+00 6.9359e+02 4.4786e+01
3.0000e+01 6.3362e+02 1.2286e+01
6.0000e+01 6.6380e+02 2.8452e+01
9.0000e+01 6.3581e+02 2.1759e+01
1.2000e+02 6.6752e+02 6.3635e+01
1.5000e+02 7.6921e+02 9.0571e+01
1.8000e+02 7.0810e+02 7.1107e+01
2.1000e+02 6.5295e+02 2.5690e+01
2.4000e+02 6.5757e+02 4.5241e+01
2.7000e+02 6.7513e+02 9.7511e+01
3.0000e+02 7.0314e+02 9.7032e+01
3.3000e+02 8.8203e+02 8.0045e+01
/newplot
/plotname contrast2=0.5
0.0000e+00 7.2479e+02 1.1473e+02
3.0000e+01 7.1419e+02 5.8766e+01
6.0000e+01 6.6854e+02 1.3267e+01
9.0000e+01 6.6602e+02 1.6539e+01
1.2000e+02 6.8077e+02 2.2923e+01
1.5000e+02 6.6317e+02 2.2681e+01
1.8000e+02 6.7662e+02 4.6844e+01
2.1000e+02 7.0355e+02 6.5167e+01
2.4000e+02 8.0539e+02 8.9221e+01
2.7000e+02 6.7762e+02 2.0427e+01
3.0000e+02 6.6937e+02 5.5725e+01
3.3000e+02 7.4632e+02 4.3791e+01
/newplot
/plotname baseline
0.000000e+00 6.667026e+02
3.300000e+02 6.667026e+02
