/newplot
/plotname contrast2=0.0
0.0000e+00 6.6988e+02 1.7312e+01
3.0000e+01 6.6638e+02 1.1086e+01
6.0000e+01 6.9026e+02 2.3782e+01
9.0000e+01 7.0002e+02 2.0207e+01
1.2000e+02 7.1231e+02 1.4794e+01
1.5000e+02 6.7757e+02 1.4651e+01
1.8000e+02 6.7381e+02 1.5926e+01
2.1000e+02 6.7553e+02 1.1712e+01
2.4000e+02 7.0926e+02 1.7455e+01
2.7000e+02 7.1520e+02 2.5403e+01
3.0000e+02 6.9566e+02 2.4094e+01
3.3000e+02 6.7344e+02 1.5349e+01
/newplot
/plotname contrast2=0.5
0.0000e+00 6.9329e+02 1.3430e+01
3.0000e+01 6.8321e+02 2.1139e+01
6.0000e+01 6.8686e+02 1.2921e+01
9.0000e+01 6.9291e+02 1.3389e+01
1.2000e+02 6.9639e+02 1.5444e+01
1.5000e+02 6.8744e+02 1.1522e+01
1.8000e+02 7.0868e+02 2.5321e+01
2.1000e+02 7.2130e+02 2.6774e+01
2.4000e+02 7.0000e+02 2.3614e+01
2.7000e+02 7.0934e+02 3.0856e+01
3.0000e+02 6.9493e+02 1.5326e+01
3.3000e+02 6.9271e+02 1.3092e+01
/newplot
/plotname baseline
0.000000e+00 6.607900e+02
3.300000e+02 6.607900e+02
