/newplot
/plotname contrast2=0.0
0.0000e+00 5.4790e+02 3.1954e+01
3.0000e+01 5.1466e+02 2.0742e+01
6.0000e+01 5.1663e+02 1.1709e+01
9.0000e+01 5.2099e+02 7.3388e+00
1.2000e+02 5.1684e+02 1.9014e+01
1.5000e+02 5.8359e+02 3.9104e+01
1.8000e+02 5.6588e+02 1.9521e+01
2.1000e+02 5.2563e+02 1.8813e+01
2.4000e+02 5.2136e+02 1.6692e+01
2.7000e+02 5.1964e+02 2.1336e+01
3.0000e+02 5.3467e+02 3.3095e+01
3.3000e+02 6.0352e+02 5.9682e+01
/newplot
/plotname contrast2=0.5
0.0000e+00 5.4073e+02 1.9988e+01
3.0000e+01 5.4238e+02 1.2212e+01
6.0000e+01 5.3256e+02 6.9118e+00
9.0000e+01 5.4000e+02 1.5888e+01
1.2000e+02 5.4825e+02 3.3221e+01
1.5000e+02 5.3554e+02 1.6528e+01
1.8000e+02 5.4461e+02 3.2852e+01
2.1000e+02 5.8693e+02 3.1497e+01
2.4000e+02 5.5085e+02 2.8966e+01
2.7000e+02 5.5513e+02 2.9256e+01
3.0000e+02 5.3220e+02 2.4734e+01
3.3000e+02 5.3179e+02 2.3900e+01
/newplot
/plotname baseline
0.000000e+00 5.164702e+02
3.300000e+02 5.164702e+02
