/newplot
/plotname contrast2=0.0
0.0000e+00 6.5502e+02 3.6136e+01
3.0000e+01 6.1024e+02 1.4345e+01
6.0000e+01 6.2728e+02 2.5440e+01
9.0000e+01 6.1359e+02 1.4508e+01
1.2000e+02 6.3192e+02 2.0929e+01
1.5000e+02 6.8197e+02 4.6105e+01
1.8000e+02 6.7324e+02 4.2098e+01
2.1000e+02 6.3460e+02 1.0697e+01
2.4000e+02 6.1446e+02 1.7683e+01
2.7000e+02 6.3743e+02 3.8000e+01
3.0000e+02 6.5591e+02 6.3032e+01
3.3000e+02 7.4782e+02 5.3340e+01
/newplot
/plotname contrast2=0.5
0.0000e+00 6.5995e+02 5.3547e+01
3.0000e+01 6.5228e+02 3.9684e+01
6.0000e+01 6.3650e+02 1.0397e+01
9.0000e+01 6.3337e+02 1.4785e+01
1.2000e+02 6.4427e+02 1.8162e+01
1.5000e+02 6.3279e+02 1.2916e+01
1.8000e+02 6.4753e+02 3.1477e+01
2.1000e+02 6.6986e+02 3.4133e+01
2.4000e+02 6.9582e+02 4.4953e+01
2.7000e+02 6.6497e+02 1.8462e+01
3.0000e+02 6.4785e+02 3.7091e+01
3.3000e+02 6.7673e+02 2.8833e+01
/newplot
/plotname baseline
0.000000e+00 6.223391e+02
3.300000e+02 6.223391e+02
