/newplot
/plotname contrast2=0.0
0.0000e+00 4.4544e+02 1.6243e+01
3.0000e+01 4.5608e+02 1.1509e+01
6.0000e+01 4.5752e+02 1.8420e+01
9.0000e+01 4.2964e+02 1.4871e+01
1.2000e+02 4.2916e+02 1.0716e+01
1.5000e+02 4.2016e+02 7.6656e+00
1.8000e+02 4.4125e+02 1.3583e+01
2.1000e+02 4.7961e+02 1.3847e+01
2.4000e+02 5.0377e+02 2.0576e+01
2.7000e+02 4.5193e+02 1.0783e+01
3.0000e+02 4.2675e+02 1.0913e+01
3.3000e+02 4.3114e+02 1.7447e+01
/newplot
/plotname contrast2=0.5
0.0000e+00 4.4699e+02 1.6019e+01
3.0000e+01 4.3359e+02 2.2025e+01
6.0000e+01 4.4652e+02 1.9212e+01
9.0000e+01 4.4182e+02 1.4349e+01
1.2000e+02 4.8497e+02 3.9116e+01
1.5000e+02 4.6378e+02 1.9287e+01
1.8000e+02 4.6179e+02 2.0721e+01
2.1000e+02 4.8072e+02 4.1374e+01
2.4000e+02 4.6150e+02 9.4744e+00
2.7000e+02 4.5435e+02 2.4206e+01
3.0000e+02 4.5083e+02 2.1195e+01
3.3000e+02 4.4665e+02 1.4724e+01
/newplot
/plotname baseline
0.000000e+00 4.205212e+02
3.300000e+02 4.205212e+02
