/newplot
/plotname contrast2=0.0
0.0000e+00 7.3851e+02 2.0810e+01
3.0000e+01 7.0090e+02 2.0030e+01
6.0000e+01 6.8963e+02 1.4981e+01
9.0000e+01 6.8669e+02 2.3599e+01
1.2000e+02 6.9230e+02 1.5778e+01
1.5000e+02 6.9879e+02 1.4092e+01
1.8000e+02 7.7948e+02 1.2863e+01
2.1000e+02 7.4294e+02 1.3444e+01
2.4000e+02 7.1405e+02 2.3580e+01
2.7000e+02 6.8497e+02 1.9334e+01
3.0000e+02 6.7150e+02 1.1138e+01
3.3000e+02 6.9744e+02 1.7085e+01
/newplot
/plotname contrast2=0.5
0.0000e+00 7.1059e+02 8.9319e+00
3.0000e+01 6.9443e+02 1.4544e+01
6.0000e+01 6.9452e+02 1.6681e+01
9.0000e+01 7.2538e+02 1.6187e+01
1.2000e+02 7.2068e+02 1.6710e+01
1.5000e+02 6.9893e+02 1.7325e+01
1.8000e+02 7.2352e+02 1.8327e+01
2.1000e+02 7.3349e+02 2.0535e+01
2.4000e+02 7.0920e+02 1.5196e+01
2.7000e+02 7.1066e+02 1.3155e+01
3.0000e+02 6.9898e+02 1.9807e+01
3.3000e+02 6.9633e+02 2.1025e+01
/newplot
/plotname baseline
0.000000e+00 6.794917e+02
3.300000e+02 6.794917e+02
