/newplot
/plotname contrast2=0.0
0.0000e+00 6.0887e+02 1.5810e+01
3.0000e+01 6.2413e+02 2.0080e+01
6.0000e+01 6.0552e+02 2.2388e+01
9.0000e+01 5.6890e+02 7.6047e+00
1.2000e+02 5.6783e+02 1.5460e+01
1.5000e+02 5.6729e+02 5.9656e+00
1.8000e+02 6.0734e+02 9.9964e+00
2.1000e+02 6.3659e+02 9.3030e+00
2.4000e+02 6.1556e+02 2.0880e+01
2.7000e+02 5.8030e+02 1.0221e+01
3.0000e+02 5.5874e+02 1.9675e+01
3.3000e+02 5.7333e+02 1.0648e+01
/newplot
/plotname contrast2=0.5
0.0000e+00 6.0516e+02 1.2194e+01
3.0000e+01 5.9181e+02 2.3013e+01
6.0000e+01 5.9429e+02 3.7414e+01
9.0000e+01 5.9940e+02 1.4456e+01
1.2000e+02 6.3057e+02 3.3051e+01
1.5000e+02 5.9239e+02 2.7176e+01
1.8000e+02 6.0707e+02 3.5799e+01
2.1000e+02 6.3706e+02 3.4608e+01
2.4000e+02 5.9833e+02 2.3823e+01
2.7000e+02 6.0023e+02 2.1360e+01
3.0000e+02 6.0466e+02 1.4433e+01
3.3000e+02 5.8513e+02 2.4813e+01
/newplot
/plotname baseline
0.000000e+00 5.683470e+02
3.300000e+02 5.683470e+02
