/newplot
/plotname contrast2=0.0
0.0000e+00 5.7580e+02 2.9176e+01
3.0000e+01 5.6097e+02 2.0808e+01
6.0000e+01 5.4186e+02 4.6168e+01
9.0000e+01 5.5275e+02 2.7521e+01
1.2000e+02 5.7706e+02 3.9643e+01
1.5000e+02 6.0132e+02 3.6251e+01
1.8000e+02 5.8834e+02 1.6790e+01
2.1000e+02 5.4939e+02 1.7983e+01
2.4000e+02 5.3870e+02 3.2077e+01
2.7000e+02 5.3360e+02 2.5031e+01
3.0000e+02 5.5254e+02 4.4414e+01
3.3000e+02 6.3756e+02 3.6262e+01
/newplot
/plotname contrast2=0.5
0.0000e+00 5.5971e+02 3.4117e+01
3.0000e+01 5.4102e+02 3.1484e+01
6.0000e+01 5.7237e+02 2.7154e+01
9.0000e+01 5.5127e+02 1.9085e+01
1.2000e+02 5.4973e+02 2.4654e+01
1.5000e+02 5.7761e+02 3.9534e+01
1.8000e+02 5.6937e+02 2.2201e+01
2.1000e+02 5.6884e+02 2.2718e+01
2.4000e+02 5.9665e+02 3.7730e+01
2.7000e+02 5.8151e+02 1.4365e+01
3.0000e+02 5.5593e+02 3.5432e+01
3.3000e+02 5.7435e+02 3.2530e+01
/newplot
/plotname baseline
0.000000e+00 5.563163e+02
3.300000e+02 5.563163e+02
