/newplot
/plotname contrast2=0.0
0.0000e+00 4.0838e+02 2.3031e+01
3.0000e+01 3.8742e+02 1.1593e+01
6.0000e+01 4.1179e+02 1.9714e+01
9.0000e+01 3.9891e+02 1.8861e+01
1.2000e+02 4.0754e+02 2.6069e+01
1.5000e+02 4.1023e+02 1.9357e+01
1.8000e+02 4.1395e+02 1.4512e+01
2.1000e+02 4.1069e+02 2.1142e+01
2.4000e+02 4.0350e+02 1.4995e+01
2.7000e+02 4.1231e+02 1.3195e+01
3.0000e+02 4.1437e+02 1.6871e+01
3.3000e+02 4.0347e+02 1.1435e+01
/newplot
/plotname contrast2=0.5
0.0000e+00 4.0729e+02 1.9419e+01
3.0000e+01 4.1268e+02 2.3298e+01
6.0000e+01 4.2392e+02 2.0982e+01
9.0000e+01 4.0594e+02 1.1194e+01
1.2000e+02 4.3020e+02 1.6998e+01
1.5000e+02 4.1447e+02 1.4667e+01
1.8000e+02 4.2411e+02 2.0877e+01
2.1000e+02 4.2837e+02 7.8303e+00
2.4000e+02 4.2339e+02 1.7831e+01
2.7000e+02 4.3411e+02 3.3661e+01
3.0000e+02 4.1341e+02 1.8708e+01
3.3000e+02 4.1125e+02 1.3894e+01
/newplot
/plotname baseline
0.000000e+00 3.875941e+02
3.300000e+02 3.875941e+02
