/newplot
/plotname contrast2=0.0
0.0000e+00 6.3910e+02 1.8498e+01
3.0000e+01 5.9433e+02 3.4703e+01
6.0000e+01 6.0367e+02 1.7261e+01
9.0000e+01 6.0783e+02 1.8365e+01
1.2000e+02 6.1029e+02 1.2528e+01
1.5000e+02 6.4275e+02 2.0176e+01
1.8000e+02 6.1904e+02 9.3303e+00
2.1000e+02 6.1291e+02 1.9073e+01
2.4000e+02 6.1272e+02 1.3185e+01
2.7000e+02 6.1356e+02 2.3056e+01
3.0000e+02 6.0004e+02 1.8966e+01
3.3000e+02 6.3888e+02 2.3459e+01
/newplot
/plotname contrast2=0.5
0.0000e+00 6.0895e+02 2.0242e+01
3.0000e+01 5.9998e+02 1.6564e+01
6.0000e+01 6.2476e+02 2.5993e+01
9.0000e+01 6.4010e+02 3.0616e+01
1.2000e+02 6.2146e+02 1.9616e+01
1.5000e+02 6.2347e+02 1.6774e+01
1.8000e+02 6.1757e+02 2.4089e+01
2.1000e+02 6.1111e+02 2.0540e+01
2.4000e+02 6.1533e+02 3.6158e+01
2.7000e+02 6.2703e+02 6.6219e+00
3.0000e+02 6.1810e+02 1.1135e+01
3.3000e+02 6.2628e+02 1.1758e+01
/newplot
/plotname baseline
0.000000e+00 5.998948e+02
3.300000e+02 5.998948e+02
