/newplot
/plotname contrast2=0.0
0.0000e+00 7.6483e+02 7.0848e+00
3.0000e+01 7.5405e+02 1.4102e+01
6.0000e+01 7.9691e+02 2.5988e+01
9.0000e+01 8.1841e+02 2.0058e+01
1.2000e+02 7.6731e+02 1.4782e+01
1.5000e+02 7.4900e+02 9.5878e+00
1.8000e+02 7.5522e+02 7.8064e+00
2.1000e+02 7.6881e+02 1.8140e+01
2.4000e+02 8.5549e+02 2.4793e+01
2.7000e+02 8.3681e+02 2.9398e+01
3.0000e+02 7.6589e+02 1.5713e+01
3.3000e+02 7.6403e+02 1.7551e+01
/newplot
/plotname contrast2=0.5
0.0000e+00 7.9329e+02 1.8541e+01
3.0000e+01 7.7734e+02 2.1515e+01
6.0000e+01 7.7867e+02 1.6169e+01
9.0000e+01 7.9831e+02 2.2096e+01
1.2000e+02 7.8333e+02 1.0200e+01
1.5000e+02 7.9059e+02 1.5947e+01
1.8000e+02 8.0002e+02 2.2345e+01
2.1000e+02 8.0218e+02 3.5434e+01
2.4000e+02 7.9977e+02 2.2961e+01
2.7000e+02 7.9574e+02 2.4881e+01
3.0000e+02 7.8112e+02 1.3511e+01
3.3000e+02 7.7363e+02 1.9262e+01
/newplot
/plotname baseline
0.000000e+00 7.550831e+02
3.300000e+02 7.550831e+02
