/newplot
/plotname contrast2=0.0
0.0000e+00 2.4805e+02 1.0937e+01
3.0000e+01 2.4027e+02 9.2306e+00
6.0000e+01 2.4027e+02 1.9114e+01
9.0000e+01 2.5695e+02 2.8272e+01
1.2000e+02 2.5249e+02 9.3652e+00
1.5000e+02 2.4333e+02 1.5081e+01
1.8000e+02 2.5001e+02 1.3304e+01
2.1000e+02 2.3858e+02 9.1893e+00
2.4000e+02 2.3962e+02 8.8676e+00
2.7000e+02 2.4044e+02 2.2661e+01
3.0000e+02 2.4092e+02 2.3859e+01
3.3000e+02 2.5230e+02 1.6585e+01
/newplot
/plotname contrast2=0.5
0.0000e+00 3.5588e+02 9.0817e+01
3.0000e+01 3.6873e+02 1.5504e+02
6.0000e+01 3.6752e+02 1.9400e+02
9.0000e+01 3.3070e+02 5.4053e+01
1.2000e+02 3.9342e+02 2.7859e+02
1.5000e+02 3.6861e+02 2.4000e+02
1.8000e+02 3.3019e+02 1.3031e+02
2.1000e+02 3.0785e+02 5.9651e+01
2.4000e+02 3.9614e+02 2.4479e+02
2.7000e+02 4.6363e+02 2.1684e+02
3.0000e+02 4.6837e+02 1.9357e+02
3.3000e+02 3.7025e+02 1.2695e+02
/newplot
/plotname baseline
0.000000e+00 2.461877e+02
3.300000e+02 2.461877e+02
