/newplot
/plotname contrast2=0.0
0.0000e+00 2.7474e+02 1.3249e+01
3.0000e+01 2.6951e+02 1.6833e+01
6.0000e+01 2.6769e+02 1.0751e+01
9.0000e+01 2.7071e+02 1.1987e+01
1.2000e+02 2.7313e+02 1.0501e+01
1.5000e+02 2.7263e+02 1.2219e+01
1.8000e+02 2.8202e+02 1.1538e+01
2.1000e+02 2.7320e+02 1.3060e+01
2.4000e+02 2.8116e+02 4.8342e+00
2.7000e+02 2.6954e+02 1.1708e+01
3.0000e+02 2.7330e+02 1.0005e+01
3.3000e+02 2.7656e+02 1.0450e+01
/newplot
/plotname contrast2=0.5
0.0000e+00 2.8777e+02 7.7554e+00
3.0000e+01 2.8629e+02 3.0612e+01
6.0000e+01 2.7647e+02 1.7082e+01
9.0000e+01 2.7916e+02 1.4612e+01
1.2000e+02 2.8669e+02 1.8198e+01
1.5000e+02 3.2253e+02 2.9572e+01
1.8000e+02 3.2002e+02 3.2686e+01
2.1000e+02 3.0904e+02 1.3720e+01
2.4000e+02 3.0603e+02 3.4961e+01
2.7000e+02 2.8202e+02 1.3169e+01
3.0000e+02 2.7213e+02 3.6407e+00
3.3000e+02 2.9951e+02 3.6297e+01
/newplot
/plotname baseline
0.000000e+00 2.752525e+02
3.300000e+02 2.752525e+02
