/newplot
/plotname contrast2=0.0
0.0000e+00 1.2046e+02 1.1322e+01
3.0000e+01 1.1969e+02 1.4908e+01
6.0000e+01 1.2317e+02 1.5802e+01
9.0000e+01 1.0974e+02 1.5988e+01
1.2000e+02 1.1969e+02 1.7531e+01
1.5000e+02 1.1463e+02 7.6141e+00
1.8000e+02 1.2752e+02 1.7757e+01
2.1000e+02 1.2679e+02 2.3135e+01
2.4000e+02 1.2518e+02 1.3643e+01
2.7000e+02 1.3554e+02 7.9682e+00
3.0000e+02 1.2011e+02 1.1351e+01
3.3000e+02 1.2167e+02 1.3942e+01
/newplot
/plotname contrast2=0.5
0.0000e+00 1.3278e+02 1.6411e+01
3.0000e+01 1.1943e+02 1.4574e+01
6.0000e+01 1.2821e+02 1.7400e+01
9.0000e+01 1.2376e+02 1.3181e+01
1.2000e+02 1.3811e+02 2.0191e+01
1.5000e+02 1.4506e+02 7.6411e+00
1.8000e+02 1.4207e+02 2.1257e+01
2.1000e+02 1.4439e+02 9.1103e+00
2.4000e+02 1.3681e+02 2.0525e+01
2.7000e+02 1.2792e+02 1.2851e+01
3.0000e+02 1.2498e+02 1.0397e+01
3.3000e+02 1.2739e+02 1.2176e+01
/newplot
/plotname baseline
0.000000e+00 1.192421e+02
3.300000e+02 1.192421e+02
