/newplot
/plotname contrast2=0.0
0.0000e+00 1.1022e+02 7.9651e+00
3.0000e+01 1.2195e+02 3.3345e+01
6.0000e+01 1.0828e+02 4.3979e+00
9.0000e+01 1.0400e+02 2.7981e+00
1.2000e+02 1.0027e+02 6.2406e+00
1.5000e+02 1.0584e+02 4.8867e+00
1.8000e+02 1.0577e+02 1.1821e+01
2.1000e+02 1.2160e+02 3.1150e+01
2.4000e+02 1.1267e+02 8.4334e+00
2.7000e+02 1.0792e+02 6.0725e+00
3.0000e+02 1.0546e+02 8.5025e+00
3.3000e+02 1.0578e+02 5.1168e+00
/newplot
/plotname contrast2=0.5
0.0000e+00 1.1211e+02 1.0508e+01
3.0000e+01 1.1191e+02 9.2803e+00
6.0000e+01 1.1331e+02 6.2201e+00
9.0000e+01 1.0874e+02 4.1028e+00
1.2000e+02 1.1992e+02 1.5526e+01
1.5000e+02 1.2504e+02 1.1807e+01
1.8000e+02 1.2367e+02 1.5676e+01
2.1000e+02 1.3192e+02 7.2339e+00
2.4000e+02 1.1960e+02 2.0508e+01
2.7000e+02 1.1099e+02 8.2964e+00
3.0000e+02 1.0419e+02 3.0206e+00
3.3000e+02 1.1044e+02 1.0630e+01
/newplot
/plotname baseline
0.000000e+00 1.021650e+02
3.300000e+02 1.021650e+02
