/newplot
/plotname contrast2=0.0
0.0000e+00 2.0246e+02 6.4015e+00
3.0000e+01 1.9747e+02 1.4297e+01
6.0000e+01 1.9216e+02 9.2701e+00
9.0000e+01 1.9592e+02 3.2141e+00
1.2000e+02 2.0904e+02 3.9596e+00
1.5000e+02 2.1474e+02 8.4831e+00
1.8000e+02 1.9724e+02 5.9944e+00
2.1000e+02 2.0385e+02 7.9170e+00
2.4000e+02 1.9596e+02 3.9550e+00
2.7000e+02 2.0027e+02 4.2783e+00
3.0000e+02 2.0523e+02 7.9850e+00
3.3000e+02 2.2136e+02 7.0047e+00
/newplot
/plotname contrast2=0.5
0.0000e+00 2.2678e+02 2.0575e+01
3.0000e+01 2.1867e+02 1.4888e+01
6.0000e+01 2.1078e+02 9.9438e+00
9.0000e+01 2.0214e+02 9.1704e+00
1.2000e+02 2.3891e+02 1.6894e+01
1.5000e+02 2.8224e+02 5.1843e+01
1.8000e+02 2.6248e+02 3.6379e+01
2.1000e+02 2.2439e+02 8.1175e+00
2.4000e+02 2.1950e+02 1.8252e+01
2.7000e+02 2.0888e+02 1.0019e+01
3.0000e+02 2.1307e+02 8.4007e+00
3.3000e+02 2.3252e+02 1.8844e+01
/newplot
/plotname baseline
0.000000e+00 1.981202e+02
3.300000e+02 1.981202e+02
