/newplot
/plotname contrast2=0.0
0.0000e+00 1.4148e+02 9.3770e+00
3.0000e+01 1.4091e+02 8.3273e+00
6.0000e+01 1.4795e+02 7.9891e+00
9.0000e+01 1.4362e+02 5.4534e+00
1.2000e+02 1.4335e+02 5.5851e+00
1.5000e+02 1.4336e+02 8.1268e+00
1.8000e+02 1.4171e+02 8.1133e+00
2.1000e+02 1.3948e+02 5.9476e+00
2.4000e+02 1.4763e+02 7.0653e+00
2.7000e+02 1.4140e+02 2.6457e+00
3.0000e+02 1.3999e+02 8.9858e+00
3.3000e+02 1.4164e+02 9.1773e+00
/newplot
/plotname contrast2=0.5
0.0000e+00 1.4413e+02 4.5022e+00
3.0000e+01 1.4644e+02 1.1169e+01
6.0000e+01 1.4557e+02 8.3283e+00
9.0000e+01 1.3809e+02 5.8667e+00
1.2000e+02 1.5046e+02 1.1180e+01
1.5000e+02 1.5935e+02 1.2261e+01
1.8000e+02 1.5349e+02 1.1507e+01
2.1000e+02 1.5400e+02 7.1376e+00
2.4000e+02 1.4932e+02 1.1329e+01
2.7000e+02 1.4490e+02 5.9325e+00
3.0000e+02 1.4328e+02 9.4212e+00
3.3000e+02 1.4808e+02 1.1375e+01
/newplot
/plotname baseline
0.000000e+00 1.402217e+02
3.300000e+02 1.402217e+02
