/newplot
/plotname contrast2=0.0
0.0000e+00 9.6322e+01 6.3045e+00
3.0000e+01 9.3517e+01 1.0048e+01
6.0000e+01 9.2717e+01 9.0900e+00
9.0000e+01 9.1436e+01 3.9798e+00
1.2000e+02 8.7869e+01 8.8082e+00
1.5000e+02 9.6125e+01 1.0017e+01
1.8000e+02 9.6643e+01 6.7731e+00
2.1000e+02 9.0578e+01 5.1537e+00
2.4000e+02 9.1531e+01 5.8849e+00
2.7000e+02 9.4028e+01 8.9189e+00
3.0000e+02 9.2293e+01 1.2892e+01
3.3000e+02 9.9943e+01 1.1207e+01
/newplot
/plotname contrast2=0.5
0.0000e+00 9.5220e+01 2.9889e+00
3.0000e+01 9.6922e+01 8.2974e+00
6.0000e+01 9.9845e+01 4.6740e+00
9.0000e+01 9.6716e+01 6.3917e+00
1.2000e+02 1.0005e+02 7.5996e+00
1.5000e+02 1.0164e+02 8.1318e+00
1.8000e+02 1.0583e+02 8.2799e+00
2.1000e+02 1.0667e+02 7.2295e+00
2.4000e+02 1.0940e+02 1.2506e+01
2.7000e+02 9.7485e+01 7.4522e+00
3.0000e+02 9.3038e+01 7.0785e+00
3.3000e+02 1.0244e+02 6.0007e+00
/newplot
/plotname baseline
0.000000e+00 8.933701e+01
3.300000e+02 8.933701e+01
