/newplot
/plotname contrast2=0.0
0.0000e+00 2.0019e+02 9.7754e+00
3.0000e+01 1.8225e+02 8.3314e+00
6.0000e+01 1.7671e+02 6.9326e+00
9.0000e+01 1.7751e+02 6.0144e+00
1.2000e+02 1.7348e+02 5.5526e+00
1.5000e+02 1.8390e+02 8.4769e+00
1.8000e+02 1.9535e+02 1.2451e+01
2.1000e+02 1.8360e+02 9.5960e+00
2.4000e+02 1.8250e+02 5.4170e+00
2.7000e+02 1.7970e+02 6.1644e+00
3.0000e+02 1.7861e+02 7.7831e+00
3.3000e+02 1.8346e+02 8.7153e+00
/newplot
/plotname contrast2=0.5
0.0000e+00 1.8833e+02 4.9985e+00
3.0000e+01 1.9240e+02 2.0708e+01
6.0000e+01 1.8854e+02 1.0590e+01
9.0000e+01 1.8001e+02 4.3058e+00
1.2000e+02 1.9185e+02 6.0979e+00
1.5000e+02 2.0091e+02 1.6860e+01
1.8000e+02 2.0150e+02 1.4714e+01
2.1000e+02 2.1132e+02 8.1246e+00
2.4000e+02 1.9967e+02 1.9755e+01
2.7000e+02 1.8929e+02 4.9483e+00
3.0000e+02 1.8177e+02 6.4751e+00
3.3000e+02 1.9106e+02 1.3003e+01
/newplot
/plotname baseline
0.000000e+00 1.755318e+02
3.300000e+02 1.755318e+02
