/newplot
/plotname contrast2=0.0
0.0000e+00 3.9030e+02 1.6936e+01
3.0000e+01 3.7942e+02 2.1057e+01
6.0000e+01 3.7195e+02 8.0337e+00
9.0000e+01 3.6699e+02 1.5241e+01
1.2000e+02 3.7716e+02 1.5574e+01
1.5000e+02 3.9465e+02 1.5878e+01
1.8000e+02 3.9690e+02 2.5847e+01
2.1000e+02 3.7696e+02 1.0125e+01
2.4000e+02 3.7465e+02 7.0598e+00
2.7000e+02 3.8153e+02 1.8157e+01
3.0000e+02 3.6714e+02 2.0247e+01
3.3000e+02 3.8541e+02 6.5846e+00
/newplot
/plotname contrast2=0.5
0.0000e+00 4.0103e+02 2.0788e+01
3.0000e+01 3.9033e+02 2.3636e+01
6.0000e+01 3.8730e+02 1.2833e+01
9.0000e+01 3.8411e+02 1.3590e+01
1.2000e+02 3.9800e+02 2.0226e+01
1.5000e+02 4.2794e+02 2.7073e+01
1.8000e+02 4.3422e+02 3.6594e+01
2.1000e+02 4.1553e+02 9.5019e+00
2.4000e+02 4.0815e+02 2.9972e+01
2.7000e+02 4.0367e+02 1.8356e+01
3.0000e+02 3.9298e+02 2.1954e+01
3.3000e+02 4.0541e+02 2.2367e+01
/newplot
/plotname baseline
0.000000e+00 3.632795e+02
3.300000e+02 3.632795e+02
