/newplot
/plotname contrast2=0.0
0.0000e+00 1.7442e+02 8.5667e+00
3.0000e+01 1.7657e+02 2.2768e+01
6.0000e+01 1.7433e+02 5.6924e+00
9.0000e+01 1.6987e+02 9.9970e+00
1.2000e+02 1.7309e+02 6.9405e+00
1.5000e+02 1.7538e+02 1.0091e+01
1.8000e+02 1.7698e+02 1.1020e+01
2.1000e+02 1.7171e+02 1.4944e+01
2.4000e+02 1.6932e+02 1.1524e+01
2.7000e+02 1.7177e+02 1.2264e+01
3.0000e+02 1.7179e+02 6.2396e+00
3.3000e+02 1.7643e+02 9.5835e+00
/newplot
/plotname contrast2=0.5
0.0000e+00 1.8341e+02 6.5997e+00
3.0000e+01 1.7711e+02 1.1467e+01
6.0000e+01 1.8163e+02 5.0704e+00
9.0000e+01 1.8231e+02 1.1209e+01
1.2000e+02 1.8448e+02 1.2340e+01
1.5000e+02 1.8551e+02 1.3117e+01
1.8000e+02 1.9313e+02 1.4870e+01
2.1000e+02 1.9361e+02 6.2831e+00
2.4000e+02 1.9039e+02 1.7469e+01
2.7000e+02 1.7701e+02 6.6684e+00
3.0000e+02 1.7068e+02 8.0303e+00
3.3000e+02 1.8196e+02 1.8529e+01
/newplot
/plotname baseline
0.000000e+00 1.675011e+02
3.300000e+02 1.675011e+02
