/newplot
/plotname contrast2=0.0
0.0000e+00 4.5170e+02 2.7652e+01
3.0000e+01 4.4249e+02 1.4483e+01
6.0000e+01 4.4174e+02 2.8130e+01
9.0000e+01 4.3945e+02 1.1153e+01
1.2000e+02 4.6401e+02 5.2578e+01
1.5000e+02 4.6095e+02 1.9899e+01
1.8000e+02 4.4683e+02 1.9391e+01
2.1000e+02 4.4582e+02 2.1747e+01
2.4000e+02 4.5204e+02 1.7839e+01
2.7000e+02 4.4489e+02 3.0799e+01
3.0000e+02 4.5977e+02 1.5654e+01
3.3000e+02 4.5385e+02 1.1060e+01
/newplot
/plotname contrast2=0.5
0.0000e+00 4.7570e+02 2.6658e+01
3.0000e+01 4.5657e+02 2.7199e+01
6.0000e+01 4.6617e+02 1.6311e+01
9.0000e+01 4.4839e+02 2.0767e+01
1.2000e+02 4.6682e+02 4.2330e+01
1.5000e+02 4.8541e+02 1.1390e+01
1.8000e+02 4.7184e+02 1.9904e+01
2.1000e+02 4.9587e+02 2.6707e+01
2.4000e+02 4.7950e+02 3.2475e+01
2.7000e+02 4.4985e+02 2.3315e+01
3.0000e+02 4.5620e+02 2.1691e+01
3.3000e+02 4.7687e+02 2.7872e+01
/newplot
/plotname baseline
0.000000e+00 4.380865e+02
3.300000e+02 4.380865e+02
