/newplot
/plotname contrast2=0.0
0.0000e+00 2.2525e+02 1.2218e+01
3.0000e+01 2.3048e+02 1.3762e+01
6.0000e+01 2.2468e+02 1.1475e+01
9.0000e+01 2.2302e+02 1.4681e+01
1.2000e+02 2.2714e+02 1.5274e+01
1.5000e+02 2.2187e+02 6.8643e+00
1.8000e+02 2.3170e+02 1.6923e+00
2.1000e+02 2.3133e+02 1.0258e+01
2.4000e+02 2.2485e+02 1.1193e+01
2.7000e+02 2.2861e+02 1.1648e+01
3.0000e+02 2.2911e+02 9.5824e+00
3.3000e+02 2.2277e+02 1.2214e+01
/newplot
/plotname contrast2=0.5
0.0000e+00 2.3316e+02 1.1757e+01
3.0000e+01 2.4187e+02 1.6616e+01
6.0000e+01 2.5860e+02 2.4541e+01
9.0000e+01 2.7777e+02 3.3472e+01
1.2000e+02 3.2332e+02 2.5073e+01
1.5000e+02 2.8600e+02 3.3532e+01
1.8000e+02 2.5274e+02 1.4447e+01
2.1000e+02 2.5122e+02 1.2681e+01
2.4000e+02 2.4766e+02 1.8804e+01
2.7000e+02 2.4359e+02 1.6863e+01
3.0000e+02 2.2710e+02 1.5405e+01
3.3000e+02 2.4760e+02 1.5961e+01
/newplot
/plotname baseline
0.000000e+00 2.197217e+02
3.300000e+02 2.197217e+02
