/newplot
/plotname contrast2=0.0
0.0000e+00 2.4790e+02 1.1234e+01
3.0000e+01 2.4745e+02 1.1330e+01
6.0000e+01 2.4848e+02 1.3282e+01
9.0000e+01 2.5760e+02 1.3887e+01
1.2000e+02 2.5566e+02 1.0840e+01
1.5000e+02 2.5042e+02 1.1662e+01
1.8000e+02 2.4483e+02 1.4383e+01
2.1000e+02 2.5299e+02 1.2171e+01
2.4000e+02 2.4184e+02 1.6427e+01
2.7000e+02 2.4804e+02 6.3202e+00
3.0000e+02 2.5596e+02 1.6809e+01
3.3000e+02 2.5095e+02 7.2298e+00
/newplot
/plotname contrast2=0.5
0.0000e+00 2.5018e+02 1.8738e+01
3.0000e+01 2.5978e+02 1.9833e+01
6.0000e+01 2.6356e+02 2.1838e+01
9.0000e+01 2.5108e+02 1.0262e+01
1.2000e+02 3.1396e+02 8.4357e+01
1.5000e+02 2.9467e+02 4.2812e+01
1.8000e+02 3.0722e+02 5.3493e+01
2.1000e+02 2.8050e+02 1.8498e+01
2.4000e+02 2.6775e+02 1.8506e+01
2.7000e+02 2.7975e+02 6.8895e+01
3.0000e+02 2.5022e+02 1.9060e+01
3.3000e+02 2.5630e+02 2.2297e+01
/newplot
/plotname baseline
0.000000e+00 2.474561e+02
3.300000e+02 2.474561e+02
