/newplot
/plotname contrast2=0.0
0.0000e+00 1.9761e+02 1.6196e+01
3.0000e+01 2.0217e+02 5.7118e+01
6.0000e+01 1.7899e+02 1.6647e+01
9.0000e+01 1.8076e+02 1.3625e+01
1.2000e+02 1.8422e+02 1.2962e+01
1.5000e+02 1.9980e+02 2.5154e+01
1.8000e+02 1.9861e+02 1.8103e+01
2.1000e+02 2.2793e+02 7.6683e+01
2.4000e+02 1.8316e+02 1.6228e+01
2.7000e+02 1.8229e+02 9.4474e+00
3.0000e+02 1.7441e+02 7.4797e+00
3.3000e+02 1.9505e+02 1.4015e+01
/newplot
/plotname contrast2=0.5
0.0000e+00 1.9918e+02 1.8802e+01
3.0000e+01 1.9771e+02 2.4880e+01
6.0000e+01 1.8941e+02 6.1703e+00
9.0000e+01 1.9706e+02 1.0377e+01
1.2000e+02 2.0908e+02 2.1272e+01
1.5000e+02 2.0019e+02 1.1456e+01
1.8000e+02 2.0779e+02 1.7245e+01
2.1000e+02 2.2646e+02 3.1370e+01
2.4000e+02 1.9556e+02 2.0397e+01
2.7000e+02 1.9055e+02 1.2710e+01
3.0000e+02 1.8007e+02 1.4024e+01
3.3000e+02 1.8585e+02 8.9865e+00
/newplot
/plotname baseline
0.000000e+00 1.779399e+02
3.300000e+02 1.779399e+02
