/newplot
/plotname contrast2=0.0
0.0000e+00 2.0800e+02 2.7517e+01
3.0000e+01 1.8166e+02 1.5781e+01
6.0000e+01 1.8206e+02 2.2831e+01
9.0000e+01 1.7979e+02 1.8349e+01
1.2000e+02 1.7201e+02 1.9105e+01
1.5000e+02 2.1296e+02 2.5048e+01
1.8000e+02 1.9842e+02 1.7848e+01
2.1000e+02 1.7955e+02 2.4169e+01
2.4000e+02 1.7549e+02 1.8415e+01
2.7000e+02 1.8825e+02 1.1663e+01
3.0000e+02 1.9036e+02 6.7436e+00
3.3000e+02 2.0304e+02 2.3769e+01
/newplot
/plotname contrast2=0.5
0.0000e+00 2.0198e+02 2.0524e+01
3.0000e+01 1.9656e+02 2.3336e+01
6.0000e+01 1.8910e+02 2.2216e+01
9.0000e+01 2.0324e+02 1.3987e+01
1.2000e+02 2.0738e+02 1.7673e+01
1.5000e+02 2.1389e+02 2.5892e+01
1.8000e+02 2.2031e+02 1.7632e+01
2.1000e+02 2.1267e+02 1.6485e+01
2.4000e+02 2.1302e+02 2.1628e+01
2.7000e+02 1.9221e+02 2.0258e+01
3.0000e+02 1.8386e+02 1.7401e+01
3.3000e+02 2.0008e+02 1.9597e+01
/newplot
/plotname baseline
0.000000e+00 1.800139e+02
3.300000e+02 1.800139e+02
