/newplot
/plotname contrast2=0.0
0.0000e+00 9.8937e+01 1.0010e+01
3.0000e+01 8.6594e+01 7.4667e+00
6.0000e+01 8.4424e+01 5.8075e+00
9.0000e+01 8.4385e+01 8.0615e+00
1.2000e+02 8.1624e+01 7.4749e+00
1.5000e+02 9.4239e+01 1.0991e+01
1.8000e+02 9.3624e+01 7.0302e+00
2.1000e+02 8.5949e+01 1.0506e+01
2.4000e+02 8.4849e+01 7.0972e+00
2.7000e+02 8.2597e+01 3.3684e+00
3.0000e+02 8.0863e+01 7.4865e+00
3.3000e+02 9.4369e+01 8.8786e+00
/newplot
/plotname contrast2=0.5
0.0000e+00 9.6484e+01 8.6646e+00
3.0000e+01 9.7181e+01 7.7844e+00
6.0000e+01 8.7256e+01 8.1281e+00
9.0000e+01 8.9356e+01 5.4594e+00
1.2000e+02 9.6944e+01 6.5470e+00
1.5000e+02 1.0194e+02 9.5241e+00
1.8000e+02 1.0342e+02 8.9692e+00
2.1000e+02 1.0396e+02 1.0696e+01
2.4000e+02 9.4677e+01 1.0196e+01
2.7000e+02 9.0846e+01 8.9421e+00
3.0000e+02 9.1830e+01 1.3361e+00
3.3000e+02 9.7142e+01 1.0097e+01
/newplot
/plotname baseline
0.000000e+00 8.444841e+01
3.300000e+02 8.444841e+01
