/newplot
/plotname contrast2=0.0
0.0000e+00 2.3387e+02 7.3585e+00
3.0000e+01 2.3176e+02 1.0765e+01
6.0000e+01 2.3008e+02 8.3082e+00
9.0000e+01 2.2734e+02 1.1271e+01
1.2000e+02 2.2996e+02 7.7785e+00
1.5000e+02 2.3261e+02 7.1784e+00
1.8000e+02 2.3054e+02 8.5763e+00
2.1000e+02 2.3214e+02 1.0344e+01
2.4000e+02 2.3023e+02 6.3309e+00
2.7000e+02 2.2566e+02 4.1211e+00
3.0000e+02 2.2716e+02 5.2633e+00
3.3000e+02 2.2789e+02 1.1172e+01
/newplot
/plotname contrast2=0.5
0.0000e+00 2.3415e+02 9.5938e+00
3.0000e+01 2.3413e+02 1.2356e+01
6.0000e+01 2.4131e+02 1.1829e+01
9.0000e+01 2.3456e+02 8.1839e+00
1.2000e+02 2.3743e+02 1.0614e+01
1.5000e+02 2.5173e+02 1.2286e+01
1.8000e+02 2.4663e+02 1.3677e+01
2.1000e+02 2.5150e+02 8.7385e+00
2.4000e+02 2.4606e+02 2.2553e+01
2.7000e+02 2.3194e+02 6.5203e+00
3.0000e+02 2.2908e+02 8.2647e+00
3.3000e+02 2.4150e+02 1.1709e+01
/newplot
/plotname baseline
0.000000e+00 2.297580e+02
3.300000e+02 2.297580e+02
