/newplot
/plotname contrast2=0.0
0.0000e+00 2.2082e+02 1.3873e+01
3.0000e+01 1.9196e+02 1.1226e+01
6.0000e+01 1.7771e+02 5.5824e+00
9.0000e+01 1.7469e+02 1.3989e+01
1.2000e+02 1.7935e+02 1.5122e+01
1.5000e+02 1.9756e+02 1.0323e+01
1.8000e+02 2.1899e+02 2.8258e+01
2.1000e+02 1.8650e+02 6.6123e+00
2.4000e+02 1.7738e+02 1.1941e+01
2.7000e+02 1.7515e+02 1.1511e+01
3.0000e+02 1.8112e+02 1.0015e+01
3.3000e+02 2.0886e+02 2.5055e+01
/newplot
/plotname contrast2=0.5
0.0000e+00 1.9976e+02 1.2464e+01
3.0000e+01 2.0189e+02 2.7579e+01
6.0000e+01 1.9486e+02 1.6190e+01
9.0000e+01 1.8766e+02 1.4210e+01
1.2000e+02 2.0350e+02 1.2942e+01
1.5000e+02 1.9869e+02 1.3880e+01
1.8000e+02 2.0948e+02 1.7887e+01
2.1000e+02 2.3993e+02 1.8388e+01
2.4000e+02 2.1419e+02 3.3644e+01
2.7000e+02 1.9347e+02 1.3186e+01
3.0000e+02 1.9748e+02 5.9131e+00
3.3000e+02 1.9648e+02 1.4126e+01
/newplot
/plotname baseline
0.000000e+00 1.818832e+02
3.300000e+02 1.818832e+02
