/newplot
/plotname contrast2=0.0
0.0000e+00 2.6992e+02 1.3073e+01
3.0000e+01 2.8521e+02 2.0675e+01
6.0000e+01 2.9254e+02 7.6089e+00
9.0000e+01 2.8089e+02 4.6707e+00
1.2000e+02 2.7713e+02 1.9611e+01
1.5000e+02 2.7550e+02 1.1865e+01
1.8000e+02 2.6895e+02 9.1000e+00
2.1000e+02 2.7839e+02 2.8501e+01
2.4000e+02 3.0731e+02 2.7514e+01
2.7000e+02 2.8403e+02 1.5339e+01
3.0000e+02 2.7708e+02 4.4022e+00
3.3000e+02 2.8325e+02 1.2409e+01
/newplot
/plotname contrast2=0.5
0.0000e+00 2.7736e+02 8.4471e+00
3.0000e+01 2.8931e+02 1.6098e+01
6.0000e+01 3.0630e+02 1.4878e+01
9.0000e+01 2.8474e+02 1.3531e+01
1.2000e+02 3.1816e+02 1.7939e+01
1.5000e+02 3.2917e+02 3.6314e+01
1.8000e+02 3.0228e+02 2.4060e+01
2.1000e+02 3.1006e+02 1.5877e+01
2.4000e+02 3.3685e+02 2.8897e+01
2.7000e+02 2.9515e+02 3.0523e+01
3.0000e+02 2.8085e+02 7.3302e+00
3.3000e+02 2.9906e+02 1.9861e+01
/newplot
/plotname baseline
0.000000e+00 2.731599e+02
3.300000e+02 2.731599e+02
