/newplot
/plotname contrast2=0.0
0.0000e+00 1.3473e+02 7.2346e+00
3.0000e+01 1.3719e+02 1.9663e+01
6.0000e+01 1.3291e+02 6.2141e+00
9.0000e+01 1.2907e+02 6.2902e+00
1.2000e+02 1.3891e+02 1.1163e+01
1.5000e+02 1.4076e+02 1.3200e+01
1.8000e+02 1.3207e+02 1.8225e+01
2.1000e+02 1.3579e+02 1.5566e+01
2.4000e+02 1.3116e+02 6.0810e+00
2.7000e+02 1.3282e+02 5.6260e+00
3.0000e+02 1.3204e+02 1.1084e+01
3.3000e+02 1.4200e+02 6.4804e+00
/newplot
/plotname contrast2=0.5
0.0000e+00 1.6079e+02 1.7128e+01
3.0000e+01 1.4855e+02 1.8843e+01
6.0000e+01 1.3690e+02 1.6296e+01
9.0000e+01 1.3566e+02 1.1581e+01
1.2000e+02 1.6061e+02 2.3136e+01
1.5000e+02 2.2802e+02 6.7510e+01
1.8000e+02 2.0795e+02 4.1056e+01
2.1000e+02 1.7235e+02 1.7337e+01
2.4000e+02 1.7444e+02 5.2910e+01
2.7000e+02 1.5798e+02 2.8090e+01
3.0000e+02 1.4826e+02 3.0251e+01
3.3000e+02 1.9159e+02 7.2038e+01
/newplot
/plotname baseline
0.000000e+00 1.337362e+02
3.300000e+02 1.337362e+02
