/newplot
/plotname contrast2=0.0
0.0000e+00 2.1257e+02 2.3061e+01
3.0000e+01 2.0993e+02 8.3614e+00
6.0000e+01 2.1911e+02 2.1677e+01
9.0000e+01 2.1995e+02 1.1168e+01
1.2000e+02 2.2014e+02 2.2304e+01
1.5000e+02 2.1779e+02 1.1774e+01
1.8000e+02 2.1276e+02 2.3545e+01
2.1000e+02 2.1393e+02 7.0682e+00
2.4000e+02 2.1760e+02 1.0245e+01
2.7000e+02 2.3053e+02 2.2300e+01
3.0000e+02 2.1896e+02 1.8818e+01
3.3000e+02 2.2441e+02 1.4387e+01
/newplot
/plotname contrast2=0.5
0.0000e+00 2.2763e+02 1.6437e+01
3.0000e+01 2.1741e+02 1.4712e+01
6.0000e+01 2.3321e+02 9.9813e+00
9.0000e+01 2.2537e+02 9.1085e+00
1.2000e+02 2.3971e+02 1.8436e+01
1.5000e+02 2.4038e+02 2.3031e+01
1.8000e+02 2.3657e+02 2.8827e+01
2.1000e+02 2.4686e+02 1.3125e+01
2.4000e+02 2.4476e+02 2.1307e+01
2.7000e+02 2.2851e+02 1.0563e+01
3.0000e+02 2.1881e+02 1.1508e+01
3.3000e+02 2.2993e+02 2.2737e+01
/newplot
/plotname baseline
0.000000e+00 2.095402e+02
3.300000e+02 2.095402e+02
