/newplot
/plotname contrast2=0.0
0.0000e+00 1.9007e+02 9.7941e+00
3.0000e+01 1.8765e+02 1.2390e+01
6.0000e+01 1.9009e+02 1.0355e+01
9.0000e+01 1.8871e+02 1.1503e+01
1.2000e+02 1.8962e+02 7.6975e+00
1.5000e+02 1.9492e+02 9.3671e+00
1.8000e+02 1.9632e+02 8.3717e+00
2.1000e+02 1.8455e+02 1.2874e+01
2.4000e+02 1.9806e+02 7.6766e+00
2.7000e+02 1.9010e+02 9.1208e+00
3.0000e+02 1.9430e+02 5.6256e+00
3.3000e+02 2.0123e+02 1.0141e+01
/newplot
/plotname contrast2=0.5
0.0000e+00 2.0141e+02 1.2884e+01
3.0000e+01 2.1348e+02 2.8062e+01
6.0000e+01 2.0066e+02 6.1843e+00
9.0000e+01 1.9546e+02 1.4033e+01
1.2000e+02 2.0391e+02 1.0953e+01
1.5000e+02 2.0656e+02 2.1699e+01
1.8000e+02 2.1800e+02 2.8219e+01
2.1000e+02 2.2937e+02 1.9755e+01
2.4000e+02 2.1694e+02 3.2394e+01
2.7000e+02 1.9103e+02 1.2715e+01
3.0000e+02 1.9174e+02 1.0511e+01
3.3000e+02 2.1275e+02 2.0210e+01
/newplot
/plotname baseline
0.000000e+00 1.868788e+02
3.300000e+02 1.868788e+02
