/newplot
/plotname contrast2=0.0
0.0000e+00 1.6189e+02 1.1390e+01
3.0000e+01 1.5561e+02 1.2770e+01
6.0000e+01 1.4878e+02 5.5397e+00
9.0000e+01 1.5371e+02 8.5924e+00
1.2000e+02 1.5593e+02 6.9195e+00
1.5000e+02 1.6105e+02 7.3076e+00
1.8000e+02 1.6002e+02 1.4123e+01
2.1000e+02 1.5948e+02 5.7974e+00
2.4000e+02 1.5314e+02 4.2358e+00
2.7000e+02 1.5676e+02 6.0757e+00
3.0000e+02 1.5451e+02 8.9496e+00
3.3000e+02 1.6128e+02 7.7723e+00
/newplot
/plotname contrast2=0.5
0.0000e+00 1.6181e+02 8.1926e+00
3.0000e+01 1.6563e+02 8.2296e+00
6.0000e+01 1.6772e+02 6.7971e+00
9.0000e+01 1.5936e+02 8.7891e+00
1.2000e+02 1.6609e+02 1.1926e+01
1.5000e+02 1.7083e+02 1.6113e+01
1.8000e+02 1.6713e+02 5.7314e+00
2.1000e+02 1.7677e+02 1.4408e+01
2.4000e+02 1.7255e+02 1.2419e+01
2.7000e+02 1.6537e+02 5.6069e+00
3.0000e+02 1.6158e+02 5.5294e+00
3.3000e+02 1.6861e+02 1.0867e+01
/newplot
/plotname baseline
0.000000e+00 1.517704e+02
3.300000e+02 1.517704e+02
