/newplot
/plotname contrast2=0.0
0.0000e+00 1.3156e+02 7.8827e+00
3.0000e+01 1.2374e+02 4.6066e+00
6.0000e+01 1.2184e+02 3.5997e+00
9.0000e+01 1.2106e+02 2.7427e+00
1.2000e+02 1.1748e+02 6.8660e+00
1.5000e+02 1.4022e+02 1.2494e+01
1.8000e+02 1.3113e+02 1.2709e+01
2.1000e+02 1.2989e+02 7.8803e+00
2.4000e+02 1.2201e+02 4.9812e+00
2.7000e+02 1.2008e+02 1.2445e+01
3.0000e+02 1.2481e+02 6.6932e+00
3.3000e+02 1.3376e+02 6.4594e+00
/newplot
/plotname contrast2=0.5
0.0000e+00 1.4532e+02 6.4686e+00
3.0000e+01 1.4124e+02 1.7325e+01
6.0000e+01 1.3704e+02 8.8314e+00
9.0000e+01 1.3122e+02 1.1321e+01
1.2000e+02 1.4798e+02 7.7710e+00
1.5000e+02 1.5088e+02 1.7997e+01
1.8000e+02 1.5815e+02 2.3432e+01
2.1000e+02 1.4847e+02 4.4225e+00
2.4000e+02 1.4128e+02 1.7644e+01
2.7000e+02 1.3603e+02 7.0074e+00
3.0000e+02 1.2722e+02 7.4091e+00
3.3000e+02 1.4471e+02 1.5061e+01
/newplot
/plotname baseline
0.000000e+00 1.222023e+02
3.300000e+02 1.222023e+02
