/newplot
/plotname contrast2=0.0
0.0000e+00 2.0708e+02 1.3418e+01
3.0000e+01 2.1144e+02 2.0188e+01
6.0000e+01 2.0809e+02 2.1666e+01
9.0000e+01 2.0631e+02 1.0783e+01
1.2000e+02 2.1460e+02 1.1925e+01
1.5000e+02 2.0474e+02 1.8730e+01
1.8000e+02 2.0716e+02 1.6303e+01
2.1000e+02 2.1532e+02 3.6097e+01
2.4000e+02 2.0758e+02 1.2844e+01
2.7000e+02 2.0842e+02 2.3222e+01
3.0000e+02 2.1234e+02 2.3704e+01
3.3000e+02 2.2765e+02 1.2505e+01
/newplot
/plotname contrast2=0.5
0.0000e+00 2.2786e+02 1.9325e+01
3.0000e+01 2.2308e+02 3.1336e+01
6.0000e+01 2.1149e+02 1.5409e+01
9.0000e+01 2.1890e+02 2.6688e+01
1.2000e+02 2.1169e+02 2.2875e+01
1.5000e+02 2.3249e+02 1.6490e+01
1.8000e+02 2.2545e+02 1.8249e+01
2.1000e+02 2.2627e+02 1.4581e+01
2.4000e+02 2.3184e+02 1.6694e+01
2.7000e+02 2.1755e+02 2.8028e+01
3.0000e+02 2.1850e+02 1.3197e+01
3.3000e+02 2.0536e+02 2.2098e+01
/newplot
/plotname baseline
0.000000e+00 2.025921e+02
3.300000e+02 2.025921e+02
