/newplot
/plotname contrast2=0.0
0.0000e+00 5.1229e+02 2.8699e+01
3.0000e+01 5.2334e+02 1.8065e+01
6.0000e+01 4.8753e+02 4.7317e+01
9.0000e+01 5.1925e+02 3.5278e+01
1.2000e+02 5.2025e+02 2.8403e+01
1.5000e+02 5.1074e+02 3.3592e+01
1.8000e+02 5.2255e+02 2.4699e+01
2.1000e+02 5.1777e+02 3.4242e+01
2.4000e+02 5.2618e+02 1.6461e+01
2.7000e+02 5.0343e+02 4.4190e+01
3.0000e+02 4.9380e+02 3.1883e+01
3.3000e+02 5.2111e+02 2.4074e+01
/newplot
/plotname contrast2=0.5
0.0000e+00 5.0598e+02 2.2491e+01
3.0000e+01 5.0366e+02 3.2208e+01
6.0000e+01 4.9052e+02 3.5313e+01
9.0000e+01 5.0494e+02 1.2723e+01
1.2000e+02 5.3696e+02 1.9060e+01
1.5000e+02 5.1865e+02 3.4282e+01
1.8000e+02 5.4199e+02 3.6421e+01
2.1000e+02 5.3409e+02 2.7790e+01
2.4000e+02 5.3670e+02 3.8317e+01
2.7000e+02 5.2392e+02 2.6337e+01
3.0000e+02 5.2374e+02 1.9434e+01
3.3000e+02 5.0953e+02 2.4645e+01
/newplot
/plotname baseline
0.000000e+00 4.968975e+02
3.300000e+02 4.968975e+02
