/newplot
/plotname contrast2=0.0
0.0000e+00 3.9052e+02 1.1538e+01
3.0000e+01 4.0228e+02 2.5300e+01
6.0000e+01 3.8843e+02 1.1537e+01
9.0000e+01 3.8329e+02 1.1827e+01
1.2000e+02 3.7370e+02 1.5450e+01
1.5000e+02 3.7944e+02 1.1286e+01
1.8000e+02 3.9569e+02 1.6462e+01
2.1000e+02 3.9419e+02 3.3921e+01
2.4000e+02 3.9576e+02 1.2048e+01
2.7000e+02 3.8226e+02 7.6703e+00
3.0000e+02 3.8840e+02 1.5382e+01
3.3000e+02 3.8297e+02 1.0632e+01
/newplot
/plotname contrast2=0.5
0.0000e+00 4.0300e+02 2.8889e+01
3.0000e+01 3.9571e+02 2.6736e+01
6.0000e+01 3.9933e+02 1.9603e+01
9.0000e+01 3.9761e+02 1.1290e+01
1.2000e+02 4.1538e+02 2.2473e+01
1.5000e+02 4.2817e+02 1.9209e+01
1.8000e+02 4.5190e+02 4.6289e+01
2.1000e+02 4.3045e+02 1.8232e+01
2.4000e+02 4.1587e+02 2.9184e+01
2.7000e+02 3.9444e+02 2.3150e+01
3.0000e+02 3.8388e+02 1.9387e+01
3.3000e+02 3.9450e+02 1.8672e+01
/newplot
/plotname baseline
0.000000e+00 3.837474e+02
3.300000e+02 3.837474e+02
