/newplot
/plotname contrast2=0.0
0.0000e+00 1.6679e+02 2.0690e+01
3.0000e+01 1.8287e+02 2.1782e+01
6.0000e+01 1.7374e+02 1.8430e+01
9.0000e+01 1.7429e+02 8.5069e+00
1.2000e+02 1.7892e+02 8.5181e+00
1.5000e+02 1.7945e+02 1.5521e+01
1.8000e+02 1.8268e+02 8.6295e+00
2.1000e+02 1.7999e+02 1.9209e+01
2.4000e+02 1.8563e+02 1.7456e+01
2.7000e+02 1.7726e+02 1.2624e+01
3.0000e+02 1.9629e+02 2.0803e+01
3.3000e+02 1.7760e+02 1.5995e+01
/newplot
/plotname contrast2=0.5
0.0000e+00 1.9309e+02 1.3539e+01
3.0000e+01 1.9273e+02 1.7007e+01
6.0000e+01 1.8275e+02 1.6450e+01
9.0000e+01 1.7355e+02 1.8095e+01
1.2000e+02 2.1240e+02 1.6468e+01
1.5000e+02 2.1256e+02 2.0823e+01
1.8000e+02 2.2348e+02 2.4080e+01
2.1000e+02 2.2258e+02 1.8694e+01
2.4000e+02 2.1126e+02 1.8251e+01
2.7000e+02 1.9369e+02 1.2643e+01
3.0000e+02 1.9588e+02 2.0560e+01
3.3000e+02 1.9202e+02 2.1182e+01
/newplot
/plotname baseline
0.000000e+00 1.740921e+02
3.300000e+02 1.740921e+02
