/newplot
/plotname contrast2=0.0
0.0000e+00 2.0796e+02 9.9965e+00
3.0000e+01 2.1365e+02 2.4748e+01
6.0000e+01 1.9738e+02 9.9725e+00
9.0000e+01 1.9335e+02 1.0480e+01
1.2000e+02 1.9582e+02 7.4426e+00
1.5000e+02 1.9421e+02 8.7767e+00
1.8000e+02 2.0084e+02 6.5104e+00
2.1000e+02 2.1501e+02 2.4590e+01
2.4000e+02 2.0337e+02 1.1973e+01
2.7000e+02 1.9378e+02 8.5363e+00
3.0000e+02 1.9095e+02 9.3161e+00
3.3000e+02 1.9400e+02 3.7347e+00
/newplot
/plotname contrast2=0.5
0.0000e+00 2.0827e+02 1.0155e+01
3.0000e+01 2.0584e+02 6.9765e+00
6.0000e+01 2.0933e+02 9.4197e+00
9.0000e+01 1.9796e+02 6.6722e+00
1.2000e+02 2.1445e+02 1.3773e+01
1.5000e+02 2.2350e+02 2.8817e+01
1.8000e+02 2.2654e+02 2.8807e+01
2.1000e+02 2.2029e+02 9.4333e+00
2.4000e+02 2.1864e+02 2.4874e+01
2.7000e+02 2.0884e+02 1.0909e+01
3.0000e+02 2.0004e+02 7.0005e+00
3.3000e+02 2.1548e+02 1.8479e+01
/newplot
/plotname baseline
0.000000e+00 1.954704e+02
3.300000e+02 1.954704e+02
