/newplot
/plotname contrast2=0.0
0.0000e+00 2.8162e+02 2.6959e+01
3.0000e+01 2.5007e+02 1.3310e+01
6.0000e+01 2.4446e+02 1.9670e+01
9.0000e+01 2.4115e+02 1.1005e+01
1.2000e+02 2.4965e+02 1.0605e+01
1.5000e+02 2.6648e+02 2.7630e+01
1.8000e+02 2.8203e+02 3.0490e+01
2.1000e+02 2.5205e+02 2.0527e+01
2.4000e+02 2.4420e+02 1.2150e+01
2.7000e+02 2.4663e+02 1.0138e+01
3.0000e+02 2.5094e+02 1.4162e+01
3.3000e+02 2.4987e+02 1.4771e+01
/newplot
/plotname contrast2=0.5
0.0000e+00 2.6355e+02 1.7473e+01
3.0000e+01 2.6269e+02 2.1632e+01
6.0000e+01 2.6110e+02 9.3193e+00
9.0000e+01 2.5532e+02 1.2078e+01
1.2000e+02 2.6729e+02 2.8100e+01
1.5000e+02 2.6816e+02 2.1528e+01
1.8000e+02 2.8268e+02 3.0443e+01
2.1000e+02 2.9446e+02 1.3521e+01
2.4000e+02 2.8065e+02 5.0102e+01
2.7000e+02 2.6333e+02 1.8543e+01
3.0000e+02 2.4743e+02 9.8176e+00
3.3000e+02 2.6577e+02 2.2095e+01
/newplot
/plotname baseline
0.000000e+00 2.417399e+02
3.300000e+02 2.417399e+02
