/newplot
/plotname contrast2=0.0
0.0000e+00 4.5583e+02 2.0864e+01
3.0000e+01 4.0876e+02 2.4432e+01
6.0000e+01 4.2368e+02 2.3158e+01
9.0000e+01 4.0814e+02 2.2117e+01
1.2000e+02 4.1833e+02 2.7774e+01
1.5000e+02 4.2783e+02 2.9363e+01
1.8000e+02 4.2910e+02 2.6083e+01
2.1000e+02 4.1674e+02 1.9709e+01
2.4000e+02 4.2222e+02 1.4065e+01
2.7000e+02 4.1592e+02 2.3696e+01
3.0000e+02 4.4336e+02 1.1781e+01
3.3000e+02 4.3494e+02 2.0592e+01
/newplot
/plotname contrast2=0.5
0.0000e+00 4.5032e+02 1.9071e+01
3.0000e+01 4.3439e+02 2.5918e+01
6.0000e+01 4.3804e+02 2.0195e+01
9.0000e+01 4.1050e+02 1.4714e+01
1.2000e+02 4.4815e+02 3.0986e+01
1.5000e+02 4.5292e+02 2.8528e+01
1.8000e+02 4.5425e+02 3.0838e+01
2.1000e+02 4.5339e+02 2.8880e+01
2.4000e+02 4.5585e+02 2.4964e+01
2.7000e+02 4.1162e+02 2.9858e+01
3.0000e+02 4.3075e+02 1.0598e+01
3.3000e+02 4.3415e+02 2.8196e+01
/newplot
/plotname baseline
0.000000e+00 4.280224e+02
3.300000e+02 4.280224e+02
