/newplot
/plotname contrast2=0.0
0.0000e+00 2.9554e+02 3.3833e+01
3.0000e+01 2.9621e+02 4.7912e+01
6.0000e+01 2.6079e+02 1.1214e+01
9.0000e+01 2.3960e+02 1.0217e+01
1.2000e+02 2.4507e+02 2.4918e+01
1.5000e+02 2.6742e+02 2.4699e+01
1.8000e+02 2.8375e+02 2.9709e+01
2.1000e+02 2.8322e+02 4.9459e+01
2.4000e+02 2.4938e+02 7.2434e+00
2.7000e+02 2.5861e+02 3.3929e+01
3.0000e+02 2.5610e+02 2.0944e+01
3.3000e+02 2.6147e+02 2.5184e+01
/newplot
/plotname contrast2=0.5
0.0000e+00 3.1609e+02 4.8758e+01
3.0000e+01 3.2395e+02 4.5422e+01
6.0000e+01 3.0743e+02 3.0194e+01
9.0000e+01 3.1892e+02 5.6033e+01
1.2000e+02 3.8466e+02 5.6622e+01
1.5000e+02 3.8615e+02 7.0475e+01
1.8000e+02 4.2114e+02 8.9801e+01
2.1000e+02 3.7740e+02 6.4171e+01
2.4000e+02 3.7455e+02 9.1075e+01
2.7000e+02 3.1788e+02 6.3627e+01
3.0000e+02 3.0530e+02 2.3866e+01
3.3000e+02 3.2117e+02 6.6355e+01
/newplot
/plotname baseline
0.000000e+00 2.635768e+02
3.300000e+02 2.635768e+02
