/newplot
/plotname contrast2=0.0
0.0000e+00 7.6105e+02 1.1188e+02
3.0000e+01 8.2513e+02 1.5212e+02
6.0000e+01 8.5213e+02 9.7457e+01
9.0000e+01 7.3454e+02 2.0685e+01
1.2000e+02 7.2070e+02 4.8564e+01
1.5000e+02 7.4114e+02 6.4449e+01
1.8000e+02 7.0876e+02 5.2038e+01
2.1000e+02 8.0033e+02 1.4255e+02
2.4000e+02 7.7556e+02 6.5112e+01
2.7000e+02 7.6441e+02 8.7026e+01
3.0000e+02 7.9603e+02 9.5629e+01
3.3000e+02 7.2864e+02 5.2509e+01
/newplot
/plotname contrast2=0.5
0.0000e+00 7.9133e+02 1.1296e+02
3.0000e+01 8.2107e+02 1.0745e+02
6.0000e+01 8.0678e+02 6.0329e+01
9.0000e+01 8.1961e+02 8.6268e+01
1.2000e+02 8.7163e+02 5.3945e+01
1.5000e+02 9.5502e+02 1.4298e+02
1.8000e+02 9.2887e+02 1.8475e+02
2.1000e+02 9.0674e+02 1.0756e+02
2.4000e+02 9.8594e+02 1.1279e+02
2.7000e+02 8.3109e+02 1.7919e+02
3.0000e+02 7.4893e+02 4.7919e+01
3.3000e+02 8.4666e+02 9.3270e+01
/newplot
/plotname baseline
0.000000e+00 7.684872e+02
3.300000e+02 7.684872e+02
