/newplot
/plotname contrast2=0.0
0.0000e+00 1.3987e+02 1.6756e+01
3.0000e+01 1.4404e+02 3.5508e+01
6.0000e+01 1.3272e+02 8.6944e+00
9.0000e+01 1.2983e+02 1.1789e+01
1.2000e+02 1.3944e+02 1.7927e+01
1.5000e+02 1.3440e+02 1.1036e+01
1.8000e+02 1.3320e+02 1.5203e+01
2.1000e+02 1.4775e+02 2.2110e+01
2.4000e+02 1.2558e+02 9.2609e+00
2.7000e+02 1.2370e+02 1.5045e+01
3.0000e+02 1.3228e+02 1.3672e+01
3.3000e+02 1.3161e+02 7.9934e+00
/newplot
/plotname contrast2=0.5
0.0000e+00 1.3410e+02 1.3777e+01
3.0000e+01 1.4442e+02 1.4208e+01
6.0000e+01 1.4095e+02 2.1110e+01
9.0000e+01 1.4669e+02 1.0110e+01
1.2000e+02 1.6474e+02 1.6199e+01
1.5000e+02 1.8596e+02 2.2092e+01
1.8000e+02 1.5762e+02 1.8723e+01
2.1000e+02 1.5398e+02 7.8833e+00
2.4000e+02 1.4570e+02 1.1049e+01
2.7000e+02 1.4757e+02 1.7527e+01
3.0000e+02 1.4126e+02 1.6028e+01
3.3000e+02 1.5291e+02 1.9300e+01
/newplot
/plotname baseline
0.000000e+00 1.266854e+02
3.300000e+02 1.266854e+02
