/newplot
/plotname contrast2=0.0
0.0000e+00 3.8420e+02 1.6665e+01
3.0000e+01 3.9290e+02 8.1684e+01
6.0000e+01 3.6782e+02 1.1449e+01
9.0000e+01 3.7350e+02 1.0214e+01
1.2000e+02 3.9771e+02 3.6295e+01
1.5000e+02 3.8895e+02 3.0922e+01
1.8000e+02 3.8361e+02 2.3067e+01
2.1000e+02 3.8148e+02 6.4585e+01
2.4000e+02 3.7472e+02 9.5081e+00
2.7000e+02 3.9029e+02 1.8958e+01
3.0000e+02 3.8058e+02 1.8735e+01
3.3000e+02 3.7893e+02 2.5077e+01
/newplot
/plotname contrast2=0.5
0.0000e+00 3.9284e+02 1.8049e+01
3.0000e+01 3.9652e+02 5.3074e+01
6.0000e+01 3.9231e+02 1.8516e+01
9.0000e+01 3.6618e+02 1.8346e+01
1.2000e+02 4.1539e+02 4.5692e+01
1.5000e+02 4.2332e+02 4.9427e+01
1.8000e+02 4.6766e+02 7.3179e+01
2.1000e+02 4.3946e+02 3.7112e+01
2.4000e+02 4.2992e+02 7.5668e+01
2.7000e+02 3.8678e+02 1.5324e+01
3.0000e+02 3.7154e+02 2.6974e+00
3.3000e+02 3.9722e+02 4.9166e+01
/newplot
/plotname baseline
0.000000e+00 3.669604e+02
3.300000e+02 3.669604e+02
