/newplot
/plotname contrast2=0.0
0.0000e+00 1.0246e+02 5.2347e+00
3.0000e+01 1.0301e+02 1.1497e+01
6.0000e+01 1.0144e+02 1.2332e+01
9.0000e+01 1.0568e+02 1.3181e+01
1.2000e+02 1.2841e+02 1.4972e+01
1.5000e+02 1.1649e+02 8.4805e+00
1.8000e+02 1.0664e+02 2.0644e+01
2.1000e+02 1.1103e+02 1.4402e+01
2.4000e+02 1.0249e+02 6.5844e+00
2.7000e+02 1.2138e+02 1.9143e+01
3.0000e+02 1.2962e+02 2.0048e+01
3.3000e+02 1.2759e+02 1.3448e+01
/newplot
/plotname contrast2=0.5
0.0000e+00 1.3732e+02 1.2570e+01
3.0000e+01 1.4365e+02 1.4201e+01
6.0000e+01 1.3016e+02 1.1860e+01
9.0000e+01 1.3090e+02 1.6217e+01
1.2000e+02 1.7260e+02 2.7634e+01
1.5000e+02 1.7167e+02 3.0751e+01
1.8000e+02 1.9022e+02 1.9587e+01
2.1000e+02 1.5264e+02 1.5393e+01
2.4000e+02 1.4217e+02 1.6275e+01
2.7000e+02 1.3131e+02 5.6914e+00
3.0000e+02 1.4496e+02 1.9355e+01
3.3000e+02 1.2700e+02 2.1552e+01
/newplot
/plotname baseline
0.000000e+00 1.015845e+02
3.300000e+02 1.015845e+02
