/newplot
/plotname contrast2=0.0
0.0000e+00 7.9253e+02 9.6969e+01
3.0000e+01 7.7066e+02 1.0222e+02
6.0000e+01 7.6531e+02 1.0221e+02
9.0000e+01 7.4964e+02 5.3499e+01
1.2000e+02 7.7857e+02 7.2127e+01
1.5000e+02 8.2306e+02 6.3667e+01
1.8000e+02 9.0295e+02 8.5629e+01
2.1000e+02 7.7493e+02 6.7365e+01
2.4000e+02 7.2514e+02 7.3002e+01
2.7000e+02 7.8900e+02 6.3895e+01
3.0000e+02 7.5103e+02 8.5278e+01
3.3000e+02 7.8814e+02 8.9266e+01
/newplot
/plotname contrast2=0.5
0.0000e+00 7.9219e+02 4.9350e+01
3.0000e+01 7.9143e+02 6.5191e+01
6.0000e+01 8.0925e+02 6.1019e+01
9.0000e+01 9.7611e+02 7.3300e+01
1.2000e+02 8.0635e+02 5.9524e+01
1.5000e+02 8.5201e+02 6.5679e+01
1.8000e+02 9.3706e+02 7.0830e+01
2.1000e+02 8.0999e+02 5.4718e+01
2.4000e+02 8.1890e+02 3.8958e+01
2.7000e+02 8.1742e+02 5.0478e+01
3.0000e+02 7.8569e+02 7.7237e+01
3.3000e+02 7.7897e+02 5.1648e+01
/newplot
/plotname baseline
0.000000e+00 7.580276e+02
3.300000e+02 7.580276e+02
