/newplot
/plotname contrast2=0.0
0.0000e+00 5.6692e+02 1.8212e+01
3.0000e+01 5.8928e+02 3.9867e+01
6.0000e+01 6.2085e+02 3.4036e+01
9.0000e+01 6.2125e+02 4.1530e+01
1.2000e+02 6.0365e+02 2.1462e+01
1.5000e+02 5.7336e+02 5.0380e+01
1.8000e+02 5.7786e+02 2.5296e+01
2.1000e+02 5.9236e+02 3.0680e+01
2.4000e+02 6.4929e+02 2.5512e+01
2.7000e+02 6.2442e+02 1.7822e+01
3.0000e+02 5.9108e+02 3.5747e+01
3.3000e+02 5.7102e+02 3.1528e+01
/newplot
/plotname contrast2=0.5
0.0000e+00 6.0514e+02 5.4681e+01
3.0000e+01 6.3126e+02 2.6221e+01
6.0000e+01 6.1087e+02 3.8811e+01
9.0000e+01 5.9350e+02 2.1157e+01
1.2000e+02 6.1419e+02 2.7817e+01
1.5000e+02 6.0720e+02 2.2267e+01
1.8000e+02 6.0867e+02 2.4736e+01
2.1000e+02 6.2637e+02 2.7575e+01
2.4000e+02 6.3220e+02 3.0989e+01
2.7000e+02 6.1808e+02 1.6462e+01
3.0000e+02 5.9511e+02 2.4557e+01
3.3000e+02 6.1166e+02 2.1586e+01
/newplot
/plotname baseline
0.000000e+00 5.736218e+02
3.300000e+02 5.736218e+02
