/newplot
/plotname contrast2=0.0
0.0000e+00 4.1977e+02 3.7861e+01
3.0000e+01 4.0896e+02 1.9682e+01
6.0000e+01 3.9987e+02 2.7259e+01
9.0000e+01 3.9749e+02 1.7772e+01
1.2000e+02 4.2653e+02 1.3406e+01
1.5000e+02 4.5175e+02 2.5266e+01
1.8000e+02 4.2269e+02 2.5982e+01
2.1000e+02 3.9472e+02 1.9085e+01
2.4000e+02 4.0077e+02 1.5814e+01
2.7000e+02 4.2207e+02 1.3489e+01
3.0000e+02 5.1000e+02 4.7370e+01
3.3000e+02 4.5605e+02 1.3323e+01
/newplot
/plotname contrast2=0.5
0.0000e+00 4.2649e+02 1.9642e+01
3.0000e+01 4.3657e+02 2.9778e+01
6.0000e+01 4.3993e+02 1.8791e+01
9.0000e+01 4.2654e+02 1.6987e+01
1.2000e+02 4.3521e+02 1.2920e+01
1.5000e+02 4.4521e+02 2.6399e+01
1.8000e+02 4.4396e+02 2.1062e+01
2.1000e+02 4.5004e+02 8.4613e+00
2.4000e+02 4.5681e+02 2.6680e+01
2.7000e+02 4.5056e+02 1.9813e+01
3.0000e+02 4.4376e+02 1.7813e+01
3.3000e+02 4.4608e+02 2.7887e+01
/newplot
/plotname baseline
0.000000e+00 3.882599e+02
3.300000e+02 3.882599e+02
