/newplot
/plotname contrast2=0.0
0.0000e+00 4.4496e+02 3.0251e+01
3.0000e+01 4.3515e+02 2.5840e+01
6.0000e+01 4.1615e+02 3.1666e+01
9.0000e+01 4.0888e+02 1.3993e+01
1.2000e+02 4.1720e+02 3.4665e+01
1.5000e+02 4.3836e+02 3.6616e+01
1.8000e+02 4.3028e+02 3.8281e+01
2.1000e+02 4.4570e+02 2.4672e+01
2.4000e+02 4.1052e+02 5.2702e+01
2.7000e+02 4.1749e+02 2.6176e+01
3.0000e+02 4.0707e+02 2.7160e+01
3.3000e+02 4.3538e+02 4.3404e+01
/newplot
/plotname contrast2=0.5
0.0000e+00 4.4831e+02 2.3770e+01
3.0000e+01 4.4327e+02 2.8013e+01
6.0000e+01 4.3013e+02 3.1215e+01
9.0000e+01 4.6227e+02 3.7523e+01
1.2000e+02 4.5049e+02 3.8240e+01
1.5000e+02 4.4344e+02 2.7608e+01
1.8000e+02 4.4456e+02 2.6671e+01
2.1000e+02 4.6121e+02 2.9844e+01
2.4000e+02 4.5041e+02 1.9683e+01
2.7000e+02 4.5399e+02 2.3623e+01
3.0000e+02 4.5528e+02 3.7521e+01
3.3000e+02 4.4605e+02 3.2163e+01
/newplot
/plotname baseline
0.000000e+00 4.150526e+02
3.300000e+02 4.150526e+02
