/newplot
/plotname contrast2=0.0
0.0000e+00 4.6421e+02 2.3629e+01
3.0000e+01 4.7625e+02 3.6009e+01
6.0000e+01 4.8486e+02 4.3491e+01
9.0000e+01 7.1450e+02 8.6352e+01
1.2000e+02 6.1569e+02 1.2172e+02
1.5000e+02 4.7459e+02 2.1616e+01
1.8000e+02 4.8128e+02 3.7961e+01
2.1000e+02 4.8510e+02 1.1324e+01
2.4000e+02 4.9095e+02 4.0361e+01
2.7000e+02 5.6058e+02 6.2291e+01
3.0000e+02 5.4571e+02 4.2479e+01
3.3000e+02 4.5592e+02 2.1587e+01
/newplot
/plotname contrast2=0.5
0.0000e+00 5.3968e+02 5.5607e+01
3.0000e+01 5.3025e+02 3.2082e+01
6.0000e+01 4.9572e+02 1.8096e+01
9.0000e+01 5.4914e+02 4.4672e+01
1.2000e+02 5.3366e+02 6.4045e+01
1.5000e+02 4.8669e+02 3.0965e+01
1.8000e+02 5.0626e+02 1.6066e+01
2.1000e+02 5.3771e+02 3.3770e+01
2.4000e+02 4.9545e+02 2.6193e+01
2.7000e+02 5.0833e+02 1.8684e+01
3.0000e+02 5.1906e+02 3.1630e+01
3.3000e+02 4.7946e+02 2.7190e+01
/newplot
/plotname baseline
0.000000e+00 4.720969e+02
3.300000e+02 4.720969e+02
