/newplot
/plotname contrast2=0.0
0.0000e+00 4.2244e+02 1.3075e+01
3.0000e+01 4.2664e+02 1.8082e+01
6.0000e+01 4.2272e+02 2.1526e+01
9.0000e+01 4.3446e+02 1.3136e+01
1.2000e+02 4.4910e+02 8.6733e+00
1.5000e+02 4.6755e+02 2.5403e+01
1.8000e+02 4.3083e+02 2.1878e+01
2.1000e+02 4.3565e+02 5.0164e+00
2.4000e+02 4.3195e+02 1.2151e+01
2.7000e+02 4.3753e+02 1.0834e+01
3.0000e+02 4.5416e+02 1.3607e+01
3.3000e+02 4.6779e+02 1.1579e+01
/newplot
/plotname contrast2=0.5
0.0000e+00 4.4817e+02 1.6784e+01
3.0000e+01 4.6387e+02 3.0397e+01
6.0000e+01 4.6055e+02 1.1758e+01
9.0000e+01 4.4613e+02 9.5326e+00
1.2000e+02 4.5560e+02 1.2499e+01
1.5000e+02 4.5069e+02 1.0899e+01
1.8000e+02 4.5000e+02 1.5229e+01
2.1000e+02 4.6563e+02 2.7133e+01
2.4000e+02 4.7745e+02 2.0071e+01
2.7000e+02 4.6410e+02 1.0349e+01
3.0000e+02 4.6973e+02 2.0031e+01
3.3000e+02 4.6161e+02 2.1155e+01
/newplot
/plotname baseline
0.000000e+00 4.141261e+02
3.300000e+02 4.141261e+02
