/newplot
/plotname contrast2=0.0
0.0000e+00 6.4437e+02 1.3772e+02
3.0000e+01 5.8149e+02 5.4703e+01
6.0000e+01 5.9236e+02 8.0103e+01
9.0000e+01 5.2414e+02 8.2530e+01
1.2000e+02 5.3932e+02 8.0598e+01
1.5000e+02 5.9302e+02 1.1955e+02
1.8000e+02 8.5171e+02 1.1629e+02
2.1000e+02 5.6290e+02 4.5351e+01
2.4000e+02 5.4768e+02 3.7720e+01
2.7000e+02 5.6046e+02 1.3350e+02
3.0000e+02 5.4887e+02 1.3843e+02
3.3000e+02 5.6919e+02 9.4524e+01
/newplot
/plotname contrast2=0.5
0.0000e+00 6.3666e+02 1.5309e+02
3.0000e+01 5.8808e+02 6.3435e+01
6.0000e+01 5.9379e+02 1.3995e+02
9.0000e+01 8.2872e+02 1.3343e+02
1.2000e+02 6.4234e+02 1.9817e+02
1.5000e+02 6.5467e+02 1.7687e+02
1.8000e+02 7.8555e+02 1.6887e+02
2.1000e+02 6.6615e+02 2.1608e+02
2.4000e+02 5.6724e+02 8.0208e+01
2.7000e+02 5.8346e+02 4.3749e+01
3.0000e+02 6.3961e+02 2.0926e+02
3.3000e+02 6.4689e+02 1.5138e+02
/newplot
/plotname baseline
0.000000e+00 5.684929e+02
3.300000e+02 5.684929e+02
