/newplot
/plotname contrast2=0.0
0.0000e+00 8.2911e+02 1.2242e+02
3.0000e+01 8.2861e+02 1.1661e+02
6.0000e+01 8.6882e+02 1.4388e+02
9.0000e+01 8.9812e+02 1.4836e+02
1.2000e+02 9.0752e+02 6.8916e+01
1.5000e+02 8.7647e+02 1.2744e+02
1.8000e+02 8.0948e+02 1.0082e+02
2.1000e+02 8.7942e+02 1.1840e+02
2.4000e+02 8.8026e+02 1.5389e+02
2.7000e+02 9.3230e+02 8.9370e+01
3.0000e+02 8.7550e+02 7.2095e+01
3.3000e+02 8.2827e+02 1.2282e+02
/newplot
/plotname contrast2=0.5
0.0000e+00 8.6468e+02 1.1575e+02
3.0000e+01 9.0578e+02 7.1578e+01
6.0000e+01 8.6159e+02 9.7246e+01
9.0000e+01 8.5882e+02 1.1640e+02
1.2000e+02 9.0636e+02 1.1630e+02
1.5000e+02 8.7372e+02 8.8690e+01
1.8000e+02 8.8849e+02 8.4617e+01
2.1000e+02 8.8628e+02 9.9387e+01
2.4000e+02 8.9832e+02 7.5394e+01
2.7000e+02 9.0335e+02 8.6574e+01
3.0000e+02 9.1897e+02 1.0692e+02
3.3000e+02 8.2860e+02 1.3408e+02
/newplot
/plotname baseline
0.000000e+00 8.213369e+02
3.300000e+02 8.213369e+02
