/newplot
/plotname contrast2=0.0
0.0000e+00 2.9918e+02 3.8598e+01
3.0000e+01 2.8161e+02 2.2253e+01
6.0000e+01 3.1574e+02 8.0355e+01
9.0000e+01 3.4658e+02 9.4793e+01
1.2000e+02 3.1979e+02 3.5354e+01
1.5000e+02 3.0199e+02 3.5739e+01
1.8000e+02 3.0409e+02 2.5656e+01
2.1000e+02 3.0003e+02 3.2535e+01
2.4000e+02 3.6405e+02 5.8172e+01
2.7000e+02 3.9768e+02 3.4460e+01
3.0000e+02 3.3349e+02 2.3169e+01
3.3000e+02 3.0072e+02 1.7698e+01
/newplot
/plotname contrast2=0.5
0.0000e+00 3.2850e+02 4.0413e+01
3.0000e+01 3.2569e+02 2.7563e+01
6.0000e+01 3.0505e+02 2.1896e+01
9.0000e+01 3.2462e+02 2.6909e+01
1.2000e+02 3.2725e+02 3.0673e+01
1.5000e+02 3.1175e+02 1.0765e+01
1.8000e+02 3.6424e+02 4.6926e+01
2.1000e+02 3.5853e+02 3.6030e+01
2.4000e+02 3.3556e+02 4.1686e+01
2.7000e+02 3.7156e+02 2.7940e+01
3.0000e+02 3.7362e+02 3.7161e+01
3.3000e+02 3.1090e+02 1.4812e+01
/newplot
/plotname baseline
0.000000e+00 2.995663e+02
3.300000e+02 2.995663e+02
