/newplot
/plotname contrast2=0.0
0.0000e+00 4.2940e+02 2.3400e+01
3.0000e+01 3.9715e+02 1.8743e+01
6.0000e+01 3.8897e+02 2.1904e+01
9.0000e+01 3.9220e+02 2.4217e+01
1.2000e+02 3.8981e+02 2.0372e+01
1.5000e+02 4.0474e+02 2.3995e+01
1.8000e+02 4.0867e+02 1.8462e+01
2.1000e+02 3.9422e+02 2.2140e+01
2.4000e+02 3.9324e+02 1.9137e+01
2.7000e+02 3.9521e+02 2.2492e+01
3.0000e+02 3.9316e+02 2.3164e+01
3.3000e+02 4.3235e+02 1.6185e+01
/newplot
/plotname contrast2=0.5
0.0000e+00 4.4960e+02 1.8490e+01
3.0000e+01 4.1460e+02 1.7105e+01
6.0000e+01 4.1245e+02 2.0589e+01
9.0000e+01 4.2609e+02 2.2538e+01
1.2000e+02 4.0422e+02 1.6514e+01
1.5000e+02 4.1213e+02 1.3670e+01
1.8000e+02 4.2334e+02 7.4964e+00
2.1000e+02 4.2810e+02 1.6739e+01
2.4000e+02 4.4460e+02 2.9919e+01
2.7000e+02 4.5294e+02 8.7429e+00
3.0000e+02 4.3041e+02 9.4565e+00
3.3000e+02 4.3297e+02 2.2264e+01
/newplot
/plotname baseline
0.000000e+00 3.850263e+02
3.300000e+02 3.850263e+02
