/newplot
/plotname contrast2=0.0
0.0000e+00 9.9476e+02 3.5037e+01
3.0000e+01 1.0145e+03 2.4363e+01
6.0000e+01 1.0405e+03 3.7743e+01
9.0000e+01 1.0120e+03 3.6296e+01
1.2000e+02 9.8833e+02 7.3565e+00
1.5000e+02 9.8657e+02 2.3245e+01
1.8000e+02 9.7255e+02 1.7785e+01
2.1000e+02 1.0137e+03 2.7351e+01
2.4000e+02 1.0827e+03 4.8358e+01
2.7000e+02 1.0193e+03 1.6183e+01
3.0000e+02 1.0260e+03 3.0088e+01
3.3000e+02 9.8658e+02 2.4883e+01
/newplot
/plotname contrast2=0.5
0.0000e+00 1.0151e+03 1.4977e+01
3.0000e+01 1.0056e+03 1.3451e+01
6.0000e+01 1.0285e+03 3.3272e+01
9.0000e+01 9.9743e+02 2.2111e+01
1.2000e+02 9.9622e+02 4.5116e+01
1.5000e+02 1.0122e+03 2.3131e+01
1.8000e+02 1.0166e+03 4.0566e+01
2.1000e+02 1.0280e+03 3.6472e+01
2.4000e+02 1.0442e+03 3.7772e+01
2.7000e+02 1.0302e+03 4.7481e+01
3.0000e+02 1.0215e+03 3.1087e+01
3.3000e+02 1.0099e+03 3.8055e+01
/newplot
/plotname baseline
0.000000e+00 9.758503e+02
3.300000e+02 9.758503e+02
