/newplot
/plotname contrast2=0.0
0.0000e+00 3.7743e+02 2.9158e+01
3.0000e+01 4.1460e+02 6.3599e+01
6.0000e+01 3.6152e+02 3.0088e+01
9.0000e+01 4.1005e+02 9.3888e+01
1.2000e+02 4.0466e+02 3.7464e+01
1.5000e+02 4.4063e+02 2.1572e+01
1.8000e+02 3.6390e+02 2.7622e+01
2.1000e+02 3.7640e+02 1.7517e+01
2.4000e+02 3.6847e+02 2.7572e+01
2.7000e+02 3.7183e+02 1.4495e+01
3.0000e+02 3.9994e+02 1.4160e+01
3.3000e+02 4.0118e+02 1.1966e+01
/newplot
/plotname contrast2=0.5
0.0000e+00 3.8290e+02 1.5296e+01
3.0000e+01 4.6417e+02 8.6599e+01
6.0000e+01 5.2353e+02 1.3342e+02
9.0000e+01 4.1472e+02 2.5107e+01
1.2000e+02 3.9405e+02 1.8252e+01
1.5000e+02 4.2401e+02 2.2564e+01
1.8000e+02 3.8756e+02 1.2871e+01
2.1000e+02 3.9903e+02 1.2091e+01
2.4000e+02 4.1378e+02 1.3927e+01
2.7000e+02 3.9902e+02 7.8510e+00
3.0000e+02 3.9719e+02 1.2727e+01
3.3000e+02 3.9859e+02 1.8512e+01
/newplot
/plotname baseline
0.000000e+00 3.692675e+02
3.300000e+02 3.692675e+02
