/newplot
/plotname contrast2=0.0
0.0000e+00 1.3064e+03 6.2574e+01
3.0000e+01 1.2485e+03 7.7259e+01
6.0000e+01 1.2476e+03 7.1430e+01
9.0000e+01 1.2771e+03 7.1405e+01
1.2000e+02 1.2563e+03 2.6948e+01
1.5000e+02 1.2670e+03 6.9088e+01
1.8000e+02 1.2543e+03 6.1282e+01
2.1000e+02 1.2892e+03 7.4766e+01
2.4000e+02 1.3161e+03 2.4466e+01
2.7000e+02 1.2503e+03 6.0588e+01
3.0000e+02 1.2490e+03 6.1862e+01
3.3000e+02 1.2552e+03 4.4817e+01
/newplot
/plotname contrast2=0.5
0.0000e+00 1.3155e+03 2.3498e+01
3.0000e+01 1.2777e+03 7.2720e+01
6.0000e+01 1.3319e+03 8.5465e+01
9.0000e+01 1.2672e+03 5.8578e+01
1.2000e+02 1.2650e+03 4.0641e+01
1.5000e+02 1.2845e+03 7.5848e+01
1.8000e+02 1.2640e+03 8.5400e+01
2.1000e+02 1.2655e+03 8.1194e+01
2.4000e+02 1.2744e+03 7.7641e+01
2.7000e+02 1.3293e+03 6.0485e+01
3.0000e+02 1.2616e+03 1.0602e+02
3.3000e+02 1.2786e+03 7.2701e+01
/newplot
/plotname baseline
0.000000e+00 1.274560e+03
3.300000e+02 1.274560e+03
