/newplot
/plotname contrast2=0.0
0.0000e+00 1.3812e+03 4.1742e+01
3.0000e+01 1.3980e+03 5.9741e+01
6.0000e+01 1.3681e+03 6.4870e+01
9.0000e+01 1.4203e+03 6.9278e+01
1.2000e+02 1.3782e+03 4.6890e+01
1.5000e+02 1.4587e+03 2.4644e+01
1.8000e+02 1.4070e+03 3.5196e+01
2.1000e+02 1.4278e+03 2.1131e+01
2.4000e+02 1.3660e+03 6.9090e+01
2.7000e+02 1.3953e+03 2.3352e+01
3.0000e+02 1.3925e+03 6.3859e+01
3.3000e+02 1.3934e+03 7.6597e+01
/newplot
/plotname contrast2=0.5
0.0000e+00 1.4278e+03 5.3225e+01
3.0000e+01 1.4184e+03 4.8190e+01
6.0000e+01 1.4512e+03 3.2500e+01
9.0000e+01 1.4200e+03 2.7410e+01
1.2000e+02 1.4017e+03 3.5084e+01
1.5000e+02 1.4418e+03 4.9671e+01
1.8000e+02 1.4509e+03 4.6463e+01
2.1000e+02 1.4541e+03 4.9479e+01
2.4000e+02 1.4507e+03 2.6052e+01
2.7000e+02 1.4816e+03 6.4851e+01
3.0000e+02 1.4335e+03 5.2140e+01
3.3000e+02 1.4326e+03 4.2540e+01
/newplot
/plotname baseline
0.000000e+00 1.383047e+03
3.300000e+02 1.383047e+03
