/newplot
/plotname contrast2=0.0
0.0000e+00 8.7523e+02 1.0351e+02
3.0000e+01 5.2930e+02 1.7688e+01
6.0000e+01 5.1035e+02 1.2371e+01
9.0000e+01 5.6328e+02 9.1012e+01
1.2000e+02 5.3721e+02 4.4484e+01
1.5000e+02 6.2419e+02 7.7249e+01
1.8000e+02 5.7852e+02 2.6046e+01
2.1000e+02 5.4544e+02 1.0627e+01
2.4000e+02 5.5633e+02 4.8094e+01
2.7000e+02 5.1579e+02 1.0741e+01
3.0000e+02 5.3449e+02 1.8264e+01
3.3000e+02 5.8299e+02 2.2981e+01
/newplot
/plotname contrast2=0.5
0.0000e+00 6.5285e+02 7.2869e+01
3.0000e+01 5.6496e+02 6.3865e+01
6.0000e+01 5.7601e+02 2.9467e+01
9.0000e+01 5.8384e+02 3.0783e+01
1.2000e+02 5.3414e+02 2.8498e+01
1.5000e+02 5.6109e+02 1.9858e+01
1.8000e+02 5.7607e+02 1.5437e+01
2.1000e+02 5.9414e+02 6.7880e+01
2.4000e+02 5.7329e+02 1.3143e+01
2.7000e+02 7.2473e+02 1.2251e+02
3.0000e+02 5.8012e+02 9.2616e+01
3.3000e+02 5.8026e+02 3.0876e+01
/newplot
/plotname baseline
0.000000e+00 5.376676e+02
3.300000e+02 5.376676e+02
