/newplot
/plotname contrast2=0.0
0.0000e+00 7.0690e+02 6.6058e+01
3.0000e+01 6.4639e+02 7.1527e+01
6.0000e+01 6.3007e+02 5.4838e+01
9.0000e+01 6.4266e+02 2.5682e+01
1.2000e+02 6.5147e+02 5.4586e+01
1.5000e+02 7.1681e+02 4.7009e+01
1.8000e+02 6.9052e+02 5.9124e+01
2.1000e+02 6.5764e+02 4.7873e+01
2.4000e+02 6.2025e+02 5.2614e+01
2.7000e+02 6.5845e+02 4.4997e+01
3.0000e+02 6.3736e+02 4.9601e+01
3.3000e+02 7.0423e+02 4.3444e+01
/newplot
/plotname contrast2=0.5
0.0000e+00 6.9069e+02 3.5497e+01
3.0000e+01 6.7233e+02 3.9740e+01
6.0000e+01 6.9560e+02 4.1353e+01
9.0000e+01 7.0877e+02 3.6049e+01
1.2000e+02 6.6678e+02 3.6804e+01
1.5000e+02 7.0828e+02 5.6957e+01
1.8000e+02 7.0377e+02 4.0540e+01
2.1000e+02 6.9472e+02 2.7221e+01
2.4000e+02 7.1970e+02 3.6448e+01
2.7000e+02 7.2445e+02 2.7469e+01
3.0000e+02 6.9319e+02 4.5238e+01
3.3000e+02 6.7912e+02 3.0140e+01
/newplot
/plotname baseline
0.000000e+00 6.392045e+02
3.300000e+02 6.392045e+02
