/newplot
/plotname contrast2=0.0
0.0000e+00 8.7436e+02 7.4155e+01
3.0000e+01 8.6488e+02 8.4308e+01
6.0000e+01 8.4464e+02 8.9719e+01
9.0000e+01 8.6247e+02 4.3153e+01
1.2000e+02 8.8532e+02 4.8331e+01
1.5000e+02 9.5816e+02 4.7873e+01
1.8000e+02 8.7822e+02 6.4246e+01
2.1000e+02 8.8462e+02 3.9510e+01
2.4000e+02 8.1813e+02 7.4611e+01
2.7000e+02 8.7614e+02 4.9603e+01
3.0000e+02 8.5696e+02 4.7729e+01
3.3000e+02 9.2627e+02 6.8861e+01
/newplot
/plotname contrast2=0.5
0.0000e+00 8.9435e+02 6.0465e+01
3.0000e+01 9.1693e+02 1.9393e+01
6.0000e+01 9.2224e+02 3.6189e+01
9.0000e+01 8.9920e+02 5.8178e+01
1.2000e+02 8.9633e+02 4.5357e+01
1.5000e+02 9.3002e+02 4.7236e+01
1.8000e+02 8.9181e+02 4.2857e+01
2.1000e+02 9.1657e+02 4.0777e+01
2.4000e+02 9.5401e+02 3.3006e+01
2.7000e+02 9.3878e+02 4.6937e+01
3.0000e+02 8.8507e+02 4.1076e+01
3.3000e+02 9.1719e+02 6.4457e+01
/newplot
/plotname baseline
0.000000e+00 8.555932e+02
3.300000e+02 8.555932e+02
