/newplot
/plotname contrast2=0.0
0.0000e+00 5.5124e+02 4.7035e+01
3.0000e+01 5.5639e+02 5.8984e+01
6.0000e+01 5.2229e+02 6.2795e+01
9.0000e+01 4.9647e+02 3.1352e+01
1.2000e+02 5.1121e+02 2.7389e+01
1.5000e+02 6.9702e+02 6.2757e+01
1.8000e+02 6.1403e+02 4.1856e+01
2.1000e+02 5.6265e+02 7.9050e+01
2.4000e+02 4.7249e+02 1.2299e+01
2.7000e+02 5.0557e+02 4.7311e+01
3.0000e+02 4.8994e+02 3.6180e+01
3.3000e+02 6.1063e+02 4.3572e+01
/newplot
/plotname contrast2=0.5
0.0000e+00 5.4972e+02 4.4835e+01
3.0000e+01 5.5385e+02 9.5595e+01
6.0000e+01 6.0467e+02 7.0927e+01
9.0000e+01 5.7708e+02 8.3297e+01
1.2000e+02 5.2595e+02 1.3543e+01
1.5000e+02 6.4373e+02 8.3522e+01
1.8000e+02 5.6643e+02 1.8877e+01
2.1000e+02 5.3470e+02 5.6310e+01
2.4000e+02 5.8906e+02 3.6811e+01
2.7000e+02 5.4806e+02 1.4055e+01
3.0000e+02 5.4980e+02 6.3853e+01
3.3000e+02 5.7000e+02 4.0960e+01
/newplot
/plotname baseline
0.000000e+00 5.142921e+02
3.300000e+02 5.142921e+02
