/newplot
/plotname contrast2=0.0
0.0000e+00 5.6978e+02 1.4248e+02
3.0000e+01 5.7404e+02 1.3214e+02
6.0000e+01 5.9143e+02 1.4481e+02
9.0000e+01 5.6593e+02 1.2443e+02
1.2000e+02 5.5151e+02 1.2767e+02
1.5000e+02 5.9502e+02 1.4575e+02
1.8000e+02 5.5086e+02 1.1701e+02
2.1000e+02 5.8276e+02 1.2796e+02
2.4000e+02 5.7014e+02 1.2803e+02
2.7000e+02 5.9668e+02 1.3368e+02
3.0000e+02 5.3335e+02 9.4506e+01
3.3000e+02 5.6957e+02 1.3782e+02
/newplot
/plotname contrast2=0.5
0.0000e+00 5.4984e+02 9.5548e+01
3.0000e+01 5.8291e+02 1.2452e+02
6.0000e+01 5.6738e+02 1.0935e+02
9.0000e+01 6.1476e+02 1.4537e+02
1.2000e+02 5.9571e+02 1.6332e+02
1.5000e+02 5.7615e+02 1.1018e+02
1.8000e+02 6.0347e+02 1.3655e+02
2.1000e+02 6.0213e+02 1.1605e+02
2.4000e+02 5.9342e+02 7.4959e+01
2.7000e+02 6.0054e+02 1.1061e+02
3.0000e+02 5.9361e+02 1.3479e+02
3.3000e+02 5.3859e+02 8.6165e+01
/newplot
/plotname baseline
0.000000e+00 5.460312e+02
3.300000e+02 5.460312e+02
