/newplot
/plotname contrast2=0.0
0.0000e+00 7.4119e+02 6.9964e+01
3.0000e+01 7.3730e+02 5.5687e+01
6.0000e+01 8.0907e+02 5.7825e+01
9.0000e+01 9.4808e+02 9.2597e+01
1.2000e+02 8.2379e+02 5.4612e+01
1.5000e+02 7.6700e+02 2.9788e+01
1.8000e+02 7.6136e+02 6.5622e+01
2.1000e+02 7.5535e+02 2.4585e+01
2.4000e+02 8.2792e+02 3.4351e+01
2.7000e+02 9.0290e+02 5.5961e+01
3.0000e+02 7.9349e+02 2.6289e+01
3.3000e+02 7.4730e+02 6.5877e+01
/newplot
/plotname contrast2=0.5
0.0000e+00 8.1220e+02 3.6594e+01
3.0000e+01 7.9982e+02 3.0347e+01
6.0000e+01 7.9486e+02 4.0088e+01
9.0000e+01 8.1578e+02 4.5627e+01
1.2000e+02 8.1144e+02 5.6974e+01
1.5000e+02 8.2020e+02 4.0449e+01
1.8000e+02 8.4015e+02 4.1843e+01
2.1000e+02 8.1618e+02 6.4550e+01
2.4000e+02 8.4153e+02 4.9178e+01
2.7000e+02 8.4732e+02 4.9588e+01
3.0000e+02 8.1250e+02 2.6789e+01
3.3000e+02 8.0327e+02 5.3838e+01
/newplot
/plotname baseline
0.000000e+00 7.461381e+02
3.300000e+02 7.461381e+02
