/newplot
/plotname contrast2=0.0
0.0000e+00 4.5681e+02 2.8165e+01
3.0000e+01 4.7343e+02 3.6890e+01
6.0000e+01 4.5412e+02 2.5844e+01
9.0000e+01 4.6284e+02 3.0462e+01
1.2000e+02 4.5632e+02 2.3070e+01
1.5000e+02 4.7167e+02 2.4787e+01
1.8000e+02 4.7463e+02 2.2946e+01
2.1000e+02 5.1155e+02 2.0378e+01
2.4000e+02 4.8643e+02 2.9446e+01
2.7000e+02 4.6154e+02 2.3941e+01
3.0000e+02 4.4492e+02 3.0898e+01
3.3000e+02 4.4745e+02 1.6753e+01
/newplot
/plotname contrast2=0.5
0.0000e+00 4.7346e+02 2.0696e+01
3.0000e+01 4.8492e+02 2.0641e+01
6.0000e+01 4.7848e+02 1.5185e+01
9.0000e+01 4.8319e+02 8.9815e+00
1.2000e+02 4.8891e+02 6.5993e+00
1.5000e+02 4.7222e+02 1.0392e+01
1.8000e+02 4.9509e+02 2.0144e+01
2.1000e+02 5.0925e+02 2.9123e+01
2.4000e+02 4.7958e+02 2.6088e+01
2.7000e+02 4.7422e+02 1.7668e+01
3.0000e+02 4.8111e+02 2.6543e+01
3.3000e+02 4.5514e+02 2.1134e+01
/newplot
/plotname baseline
0.000000e+00 4.461098e+02
3.300000e+02 4.461098e+02
