/newplot
/plotname contrast2=0.0
0.0000e+00 4.6785e+02 7.6293e+01
3.0000e+01 4.8397e+02 7.6303e+01
6.0000e+01 4.6587e+02 7.2256e+01
9.0000e+01 4.7717e+02 4.9759e+01
1.2000e+02 4.9865e+02 5.2093e+01
1.5000e+02 4.9457e+02 6.0625e+01
1.8000e+02 4.6530e+02 6.2310e+01
2.1000e+02 4.6832e+02 5.3297e+01
2.4000e+02 4.6595e+02 5.8448e+01
2.7000e+02 5.0577e+02 5.0052e+01
3.0000e+02 4.8335e+02 4.9113e+01
3.3000e+02 4.8303e+02 5.9067e+01
/newplot
/plotname contrast2=0.5
0.0000e+00 4.8402e+02 4.5801e+01
3.0000e+01 4.9430e+02 3.9749e+01
6.0000e+01 4.8533e+02 4.0684e+01
9.0000e+01 5.0619e+02 5.6517e+01
1.2000e+02 5.0452e+02 5.4074e+01
1.5000e+02 4.9967e+02 4.6701e+01
1.8000e+02 4.9206e+02 4.5710e+01
2.1000e+02 5.0408e+02 2.4259e+01
2.4000e+02 5.1648e+02 2.6107e+01
2.7000e+02 4.8821e+02 2.9347e+01
3.0000e+02 5.1387e+02 5.5536e+01
3.3000e+02 4.7516e+02 3.8248e+01
/newplot
/plotname baseline
0.000000e+00 4.528368e+02
3.300000e+02 4.528368e+02
