/newplot
/plotname contrast2=0.0
0.0000e+00 8.3560e+02 4.9667e+01
3.0000e+01 8.2961e+02 4.5505e+01
6.0000e+01 8.2269e+02 5.7689e+01
9.0000e+01 8.2257e+02 4.8711e+01
1.2000e+02 8.2183e+02 4.3444e+01
1.5000e+02 8.6116e+02 3.2030e+01
1.8000e+02 8.3301e+02 4.9351e+01
2.1000e+02 8.6349e+02 3.8596e+01
2.4000e+02 8.3773e+02 6.0492e+01
2.7000e+02 8.4584e+02 4.1833e+01
3.0000e+02 8.3649e+02 4.1431e+01
3.3000e+02 8.1070e+02 4.9550e+01
/newplot
/plotname contrast2=0.5
0.0000e+00 8.5120e+02 2.9653e+01
3.0000e+01 8.7551e+02 3.2936e+01
6.0000e+01 8.6397e+02 2.8947e+01
9.0000e+01 8.5103e+02 4.9236e+01
1.2000e+02 8.4284e+02 3.7317e+01
1.5000e+02 8.3667e+02 1.9249e+01
1.8000e+02 8.7319e+02 1.1312e+01
2.1000e+02 9.2940e+02 2.9636e+01
2.4000e+02 9.0254e+02 4.3615e+01
2.7000e+02 8.9162e+02 2.2798e+01
3.0000e+02 8.8601e+02 3.4325e+01
3.3000e+02 8.4487e+02 4.3681e+01
/newplot
/plotname baseline
0.000000e+00 8.143310e+02
3.300000e+02 8.143310e+02
