/newplot
/plotname contrast2=0.0
0.0000e+00 5.2640e+02 2.5629e+01
3.0000e+01 5.1692e+02 2.8199e+01
6.0000e+01 5.2602e+02 2.6401e+01
9.0000e+01 5.2001e+02 2.4255e+01
1.2000e+02 5.1307e+02 2.2984e+01
1.5000e+02 5.0356e+02 4.4695e+01
1.8000e+02 5.0869e+02 3.4434e+01
2.1000e+02 5.3044e+02 1.2883e+01
2.4000e+02 5.2200e+02 1.8583e+01
2.7000e+02 5.4723e+02 2.0262e+01
3.0000e+02 5.1988e+02 1.6698e+01
3.3000e+02 5.2680e+02 3.2732e+01
/newplot
/plotname contrast2=0.5
0.0000e+00 5.1966e+02 2.4419e+01
3.0000e+01 5.1047e+02 3.3437e+01
6.0000e+01 5.1994e+02 1.4398e+01
9.0000e+01 5.3897e+02 4.0286e+01
1.2000e+02 5.2304e+02 2.1761e+01
1.5000e+02 5.3087e+02 1.5479e+01
1.8000e+02 5.5136e+02 3.0367e+01
2.1000e+02 5.3891e+02 1.8103e+01
2.4000e+02 5.4023e+02 1.9200e+01
2.7000e+02 5.3868e+02 4.3184e+00
3.0000e+02 5.4832e+02 2.8554e+01
3.3000e+02 5.2082e+02 4.8888e+01
/newplot
/plotname baseline
0.000000e+00 5.124068e+02
3.300000e+02 5.124068e+02
