/newplot
/plotname contrast2=0.0
0.0000e+00 5.7221e+02 5.3542e+01
3.0000e+01 5.6729e+02 6.4238e+01
6.0000e+01 5.5844e+02 4.7071e+01
9.0000e+01 5.7377e+02 3.6970e+01
1.2000e+02 5.6935e+02 3.7257e+01
1.5000e+02 6.1264e+02 5.1040e+01
1.8000e+02 5.7760e+02 4.1516e+01
2.1000e+02 5.7340e+02 4.7004e+01
2.4000e+02 5.3991e+02 3.5015e+01
2.7000e+02 5.7607e+02 4.2217e+01
3.0000e+02 5.7648e+02 3.9840e+01
3.3000e+02 6.3496e+02 4.3016e+01
/newplot
/plotname contrast2=0.5
0.0000e+00 5.8243e+02 2.2051e+01
3.0000e+01 5.7550e+02 1.4643e+01
6.0000e+01 5.9578e+02 3.8776e+01
9.0000e+01 5.6462e+02 3.3378e+01
1.2000e+02 5.7337e+02 3.1105e+01
1.5000e+02 6.0987e+02 4.6905e+01
1.8000e+02 5.8419e+02 4.2200e+01
2.1000e+02 6.0508e+02 3.8016e+01
2.4000e+02 6.4881e+02 1.9369e+01
2.7000e+02 6.0121e+02 3.4197e+01
3.0000e+02 5.9284e+02 1.8213e+01
3.3000e+02 6.0277e+02 4.6909e+01
/newplot
/plotname baseline
0.000000e+00 5.537935e+02
3.300000e+02 5.537935e+02
