/newplot
/plotname contrast2=0.0
0.0000e+00 5.9179e+02 5.3301e+01
3.0000e+01 5.8702e+02 5.8169e+01
6.0000e+01 5.7483e+02 6.1975e+01
9.0000e+01 5.7873e+02 5.5881e+01
1.2000e+02 5.7585e+02 3.6564e+01
1.5000e+02 6.9207e+02 4.2815e+01
1.8000e+02 6.0232e+02 4.9812e+01
2.1000e+02 6.2156e+02 8.9008e+01
2.4000e+02 5.3785e+02 4.0482e+01
2.7000e+02 5.8707e+02 4.8823e+01
3.0000e+02 5.6000e+02 3.6397e+01
3.3000e+02 6.3460e+02 4.7449e+01
/newplot
/plotname contrast2=0.5
0.0000e+00 6.1564e+02 4.7004e+01
3.0000e+01 6.1134e+02 6.9227e+01
6.0000e+01 6.3481e+02 6.6375e+01
9.0000e+01 6.0271e+02 6.4145e+01
1.2000e+02 5.9111e+02 2.2707e+01
1.5000e+02 6.8712e+02 6.6229e+01
1.8000e+02 5.9758e+02 3.1571e+01
2.1000e+02 5.8568e+02 2.7305e+01
2.4000e+02 6.3427e+02 3.5478e+01
2.7000e+02 6.1104e+02 1.9649e+01
3.0000e+02 5.9224e+02 3.6650e+01
3.3000e+02 6.1424e+02 3.2571e+01
/newplot
/plotname baseline
0.000000e+00 5.650536e+02
3.300000e+02 5.650536e+02
