/newplot
/plotname contrast2=0.0
0.0000e+00 5.3233e+02 5.2268e+01
3.0000e+01 6.0953e+02 6.0212e+01
6.0000e+01 5.0460e+02 1.0980e+02
9.0000e+01 5.5802e+02 1.5594e+02
1.2000e+02 4.6859e+02 5.6074e+01
1.5000e+02 6.0167e+02 1.2893e+02
1.8000e+02 5.5899e+02 5.2677e+01
2.1000e+02 6.6884e+02 8.2121e+01
2.4000e+02 5.3063e+02 1.1716e+02
2.7000e+02 5.7171e+02 1.4866e+02
3.0000e+02 4.5053e+02 2.5947e+01
3.3000e+02 4.5215e+02 4.4868e+01
/newplot
/plotname contrast2=0.5
0.0000e+00 5.7830e+02 1.1320e+02
3.0000e+01 6.0086e+02 1.8841e+02
6.0000e+01 5.7238e+02 8.8671e+01
9.0000e+01 5.1264e+02 5.0682e+01
1.2000e+02 6.2153e+02 1.0932e+02
1.5000e+02 5.1073e+02 4.6373e+01
1.8000e+02 5.3235e+02 7.1171e+01
2.1000e+02 7.6011e+02 1.2816e+02
2.4000e+02 5.4465e+02 4.8892e+01
2.7000e+02 6.0696e+02 1.6988e+02
3.0000e+02 5.6230e+02 1.1354e+02
3.3000e+02 4.8817e+02 7.0269e+01
/newplot
/plotname baseline
0.000000e+00 5.116322e+02
3.300000e+02 5.116322e+02
