/newplot
/plotname contrast2=0.0
0.0000e+00 5.1469e+02 1.5246e+01
3.0000e+01 4.9607e+02 1.2286e+01
6.0000e+01 4.7550e+02 1.0506e+01
9.0000e+01 4.7033e+02 2.0223e+01
1.2000e+02 4.6993e+02 2.1982e+01
1.5000e+02 5.0396e+02 2.4793e+01
1.8000e+02 5.4441e+02 3.2877e+01
2.1000e+02 5.0550e+02 1.4279e+01
2.4000e+02 4.8513e+02 1.3865e+01
2.7000e+02 4.7770e+02 2.0561e+01
3.0000e+02 4.6769e+02 2.0595e+01
3.3000e+02 4.8056e+02 1.1207e+01
/newplot
/plotname contrast2=0.5
0.0000e+00 5.2173e+02 3.6637e+01
3.0000e+01 4.9795e+02 1.0211e+01
6.0000e+01 5.2424e+02 2.5766e+01
9.0000e+01 5.3440e+02 1.2150e+01
1.2000e+02 5.1347e+02 1.0286e+01
1.5000e+02 5.1580e+02 2.7579e+01
1.8000e+02 5.6186e+02 2.5049e+01
2.1000e+02 5.4821e+02 2.7130e+01
2.4000e+02 5.1064e+02 1.8406e+01
2.7000e+02 5.2456e+02 1.7989e+01
3.0000e+02 5.0142e+02 2.5363e+01
3.3000e+02 4.9725e+02 1.7359e+01
/newplot
/plotname baseline
0.000000e+00 4.731169e+02
3.300000e+02 4.731169e+02
