/newplot
/plotname contrast2=0.0
0.0000e+00 5.0994e+02 3.0135e+01
3.0000e+01 5.1065e+02 3.3837e+01
6.0000e+01 5.0313e+02 3.3373e+01
9.0000e+01 5.1575e+02 3.3334e+01
1.2000e+02 5.1651e+02 1.8280e+01
1.5000e+02 5.2220e+02 3.2572e+01
1.8000e+02 4.9961e+02 2.4214e+01
2.1000e+02 5.1540e+02 2.2212e+01
2.4000e+02 4.9773e+02 3.9988e+01
2.7000e+02 5.2695e+02 2.8325e+01
3.0000e+02 5.2094e+02 2.3420e+01
3.3000e+02 5.4229e+02 3.9860e+01
/newplot
/plotname contrast2=0.5
0.0000e+00 5.2064e+02 3.1767e+01
3.0000e+01 5.4072e+02 2.3824e+01
6.0000e+01 5.3207e+02 4.3625e+01
9.0000e+01 5.3488e+02 3.2026e+01
1.2000e+02 5.3087e+02 2.2162e+01
1.5000e+02 5.2681e+02 2.8331e+01
1.8000e+02 5.1677e+02 2.0015e+01
2.1000e+02 5.3463e+02 2.1587e+01
2.4000e+02 5.4381e+02 1.3625e+01
2.7000e+02 5.3791e+02 2.0714e+01
3.0000e+02 5.3696e+02 2.1934e+01
3.3000e+02 5.3319e+02 3.3175e+01
/newplot
/plotname baseline
0.000000e+00 4.966734e+02
3.300000e+02 4.966734e+02
