/newplot
/plotname contrast2=0.0
0.0000e+00 4.6617e+02 3.3100e+01
3.0000e+01 4.2706e+02 1.4378e+01
6.0000e+01 3.9316e+02 2.7255e+01
9.0000e+01 3.9328e+02 2.0600e+01
1.2000e+02 3.8767e+02 1.6938e+01
1.5000e+02 4.1043e+02 1.3031e+01
1.8000e+02 4.6690e+02 1.8109e+01
2.1000e+02 4.3215e+02 1.0969e+01
2.4000e+02 4.0526e+02 2.2714e+01
2.7000e+02 4.0420e+02 8.0120e+00
3.0000e+02 3.8948e+02 1.9022e+01
3.3000e+02 4.0146e+02 1.4176e+01
/newplot
/plotname contrast2=0.5
0.0000e+00 4.5412e+02 1.3207e+01
3.0000e+01 4.3028e+02 9.7767e+00
6.0000e+01 4.1598e+02 1.6417e+01
9.0000e+01 4.5893e+02 8.0471e+00
1.2000e+02 4.2230e+02 9.7525e+00
1.5000e+02 4.1303e+02 1.2051e+01
1.8000e+02 4.5814e+02 8.6573e+00
2.1000e+02 4.4898e+02 2.0190e+01
2.4000e+02 4.2296e+02 5.0222e+00
2.7000e+02 4.7159e+02 8.5071e+00
3.0000e+02 4.3663e+02 1.6780e+01
3.3000e+02 4.1524e+02 1.7101e+01
/newplot
/plotname baseline
0.000000e+00 3.945813e+02
3.300000e+02 3.945813e+02
