/newplot
/plotname contrast2=0.0
0.0000e+00 7.3852e+02 3.8779e+01
3.0000e+01 6.5044e+02 2.4200e+01
6.0000e+01 6.5206e+02 2.4416e+01
9.0000e+01 6.1841e+02 3.1349e+01
1.2000e+02 6.4504e+02 2.7901e+01
1.5000e+02 6.7415e+02 2.5812e+01
1.8000e+02 6.8576e+02 2.4012e+01
2.1000e+02 6.4566e+02 1.6296e+01
2.4000e+02 6.5264e+02 2.8442e+01
2.7000e+02 6.3646e+02 1.1791e+01
3.0000e+02 6.5489e+02 2.3810e+01
3.3000e+02 6.8127e+02 2.3823e+01
/newplot
/plotname contrast2=0.5
0.0000e+00 7.5048e+02 2.2413e+01
3.0000e+01 6.7969e+02 2.8511e+01
6.0000e+01 6.7765e+02 1.3237e+01
9.0000e+01 7.0319e+02 1.2678e+01
1.2000e+02 6.5273e+02 2.5272e+01
1.5000e+02 6.6632e+02 1.5565e+01
1.8000e+02 6.7136e+02 2.3281e+01
2.1000e+02 6.8801e+02 2.9431e+01
2.4000e+02 6.9231e+02 1.5431e+01
2.7000e+02 7.4739e+02 2.6117e+01
3.0000e+02 7.0742e+02 1.7127e+01
3.3000e+02 7.0936e+02 1.8851e+01
/newplot
/plotname baseline
0.000000e+00 6.344748e+02
3.300000e+02 6.344748e+02
