/newplot
/plotname contrast2=0.0
0.0000e+00 1.5299e+03 1.2483e+02
3.0000e+01 1.4691e+03 9.5353e+01
6.0000e+01 1.4873e+03 7.1887e+01
9.0000e+01 1.4518e+03 6.5333e+01
1.2000e+02 1.5075e+03 7.8632e+01
1.5000e+02 1.5602e+03 9.0970e+01
1.8000e+02 1.5718e+03 9.7937e+01
2.1000e+02 1.4994e+03 6.6667e+01
2.4000e+02 1.4351e+03 5.2289e+01
2.7000e+02 1.5539e+03 7.9075e+01
3.0000e+02 1.4892e+03 9.4341e+01
3.3000e+02 1.5167e+03 4.3405e+01
/newplot
/plotname contrast2=0.5
0.0000e+00 1.4576e+03 6.2772e+01
3.0000e+01 1.5460e+03 9.8013e+01
6.0000e+01 1.5226e+03 3.6162e+01
9.0000e+01 1.4869e+03 7.3103e+01
1.2000e+02 1.5133e+03 1.1919e+02
1.5000e+02 1.4959e+03 1.0385e+02
1.8000e+02 1.4706e+03 8.1594e+01
2.1000e+02 1.5237e+03 8.4423e+01
2.4000e+02 1.5210e+03 7.7860e+01
2.7000e+02 1.5223e+03 1.1308e+02
3.0000e+02 1.5361e+03 6.3697e+01
3.3000e+02 1.5140e+03 7.0472e+01
/newplot
/plotname baseline
0.000000e+00 1.457015e+03
3.300000e+02 1.457015e+03
