/newplot
/plotname contrast2=0.0
0.0000e+00 5.1582e+02 2.3236e+01
3.0000e+01 5.2983e+02 6.8032e+00
6.0000e+01 5.3958e+02 3.5470e+01
9.0000e+01 4.9328e+02 2.8074e+01
1.2000e+02 5.0491e+02 1.5871e+01
1.5000e+02 5.0611e+02 1.6830e+01
1.8000e+02 5.0895e+02 2.6458e+01
2.1000e+02 5.3023e+02 1.0109e+01
2.4000e+02 5.2407e+02 1.2637e+01
2.7000e+02 5.1716e+02 2.4425e+01
3.0000e+02 5.1057e+02 3.5475e+01
3.3000e+02 5.1037e+02 1.3667e+01
/newplot
/plotname contrast2=0.5
0.0000e+00 5.2159e+02 2.9696e+01
3.0000e+01 5.5403e+02 2.8431e+01
6.0000e+01 5.5216e+02 2.8474e+01
9.0000e+01 5.1510e+02 2.1799e+01
1.2000e+02 5.2095e+02 1.4348e+01
1.5000e+02 5.2265e+02 3.0792e+01
1.8000e+02 5.3107e+02 1.0501e+01
2.1000e+02 5.4145e+02 1.8327e+01
2.4000e+02 5.1628e+02 7.7296e+00
2.7000e+02 5.1872e+02 2.7938e+01
3.0000e+02 5.4463e+02 1.7344e+01
3.3000e+02 5.3780e+02 8.6214e+00
/newplot
/plotname baseline
0.000000e+00 4.921691e+02
3.300000e+02 4.921691e+02
