/newplot
/plotname contrast2=0.0
0.0000e+00 5.6477e+02 1.9613e+01
3.0000e+01 5.3296e+02 1.4104e+01
6.0000e+01 5.3190e+02 1.0015e+01
9.0000e+01 5.2981e+02 2.8615e+01
1.2000e+02 5.5749e+02 2.4471e+01
1.5000e+02 6.1700e+02 3.4252e+01
1.8000e+02 5.8590e+02 1.7595e+01
2.1000e+02 5.3712e+02 2.7713e+01
2.4000e+02 5.2914e+02 6.3451e+00
2.7000e+02 5.4094e+02 3.5642e+01
3.0000e+02 5.5364e+02 1.3163e+01
3.3000e+02 6.4799e+02 1.9911e+01
/newplot
/plotname contrast2=0.5
0.0000e+00 5.8424e+02 2.2365e+01
3.0000e+01 5.8154e+02 2.8115e+01
6.0000e+01 5.8113e+02 2.0650e+01
9.0000e+01 5.9599e+02 4.3018e+01
1.2000e+02 5.3837e+02 1.9656e+01
1.5000e+02 5.9492e+02 3.1983e+01
1.8000e+02 5.7919e+02 2.0249e+01
2.1000e+02 5.6398e+02 1.9028e+01
2.4000e+02 6.5212e+02 2.5069e+01
2.7000e+02 5.6999e+02 3.3287e+01
3.0000e+02 5.8289e+02 2.9080e+01
3.3000e+02 6.3802e+02 3.4720e+01
/newplot
/plotname baseline
0.000000e+00 5.291915e+02
3.300000e+02 5.291915e+02
