/newplot
/plotname contrast2=0.0
0.0000e+00 5.9038e+02 1.2283e+01
3.0000e+01 5.5118e+02 7.9867e+00
6.0000e+01 5.2472e+02 2.2648e+01
9.0000e+01 5.3909e+02 2.1626e+01
1.2000e+02 5.5746e+02 2.3244e+01
1.5000e+02 6.4682e+02 1.4653e+01
1.8000e+02 5.6923e+02 2.2117e+01
2.1000e+02 5.5063e+02 1.8070e+01
2.4000e+02 5.3252e+02 2.2306e+01
2.7000e+02 5.4637e+02 2.3336e+01
3.0000e+02 5.4882e+02 1.5718e+01
3.3000e+02 6.1792e+02 1.9437e+01
/newplot
/plotname contrast2=0.5
0.0000e+00 5.8374e+02 3.1304e+01
3.0000e+01 5.5967e+02 1.8325e+01
6.0000e+01 5.9755e+02 3.8393e+01
9.0000e+01 5.8137e+02 1.7850e+01
1.2000e+02 5.3658e+02 2.3551e+01
1.5000e+02 5.9377e+02 3.0579e+01
1.8000e+02 5.7932e+02 2.5065e+01
2.1000e+02 5.4876e+02 1.9747e+01
2.4000e+02 6.0402e+02 2.8964e+01
2.7000e+02 5.8366e+02 3.1854e+01
3.0000e+02 5.5403e+02 1.9394e+01
3.3000e+02 6.1488e+02 9.3270e+00
/newplot
/plotname baseline
0.000000e+00 5.256071e+02
3.300000e+02 5.256071e+02
