/newplot
/plotname contrast2=0.0
0.0000e+00 6.1750e+02 2.4011e+01
3.0000e+01 6.2546e+02 2.6593e+01
6.0000e+01 6.8127e+02 1.3521e+01
9.0000e+01 6.6614e+02 2.6446e+01
1.2000e+02 6.5816e+02 2.5618e+01
1.5000e+02 6.2558e+02 1.1739e+01
1.8000e+02 6.3605e+02 4.4232e+01
2.1000e+02 6.2710e+02 1.4299e+01
2.4000e+02 6.7957e+02 1.9170e+01
2.7000e+02 6.9930e+02 2.7236e+01
3.0000e+02 6.4833e+02 2.5691e+01
3.3000e+02 6.3323e+02 1.3197e+01
/newplot
/plotname contrast2=0.5
0.0000e+00 6.7434e+02 2.9418e+01
3.0000e+01 6.8241e+02 2.1451e+01
6.0000e+01 6.7561e+02 2.9260e+01
9.0000e+01 6.7232e+02 2.9981e+01
1.2000e+02 6.7100e+02 1.2543e+01
1.5000e+02 6.5704e+02 4.3116e+01
1.8000e+02 6.8054e+02 2.6904e+01
2.1000e+02 6.7471e+02 3.2986e+01
2.4000e+02 6.6520e+02 1.7577e+01
2.7000e+02 6.5721e+02 3.1109e+01
3.0000e+02 6.6116e+02 2.5629e+01
3.3000e+02 6.7571e+02 1.6562e+01
/newplot
/plotname baseline
0.000000e+00 6.114207e+02
3.300000e+02 6.114207e+02
