/newplot
/plotname contrast2=0.0
0.0000e+00 5.8555e+02 1.6959e+01
3.0000e+01 5.3247e+02 9.0314e+00
6.0000e+01 5.1422e+02 1.2624e+01
9.0000e+01 5.0030e+02 2.1197e+01
1.2000e+02 5.0239e+02 2.2771e+01
1.5000e+02 5.1554e+02 1.6430e+01
1.8000e+02 5.7950e+02 3.6886e+01
2.1000e+02 5.2536e+02 3.0047e+01
2.4000e+02 5.1729e+02 1.5187e+01
2.7000e+02 5.0762e+02 1.9341e+01
3.0000e+02 5.0232e+02 2.7770e+01
3.3000e+02 5.3620e+02 2.4951e+01
/newplot
/plotname contrast2=0.5
0.0000e+00 6.0075e+02 2.4445e+01
3.0000e+01 5.6524e+02 1.6572e+01
6.0000e+01 5.0114e+02 1.3932e+01
9.0000e+01 5.7286e+02 1.9778e+01
1.2000e+02 5.1672e+02 1.3716e+01
1.5000e+02 5.1735e+02 2.1898e+01
1.8000e+02 5.6867e+02 2.5256e+01
2.1000e+02 5.3686e+02 3.0319e+01
2.4000e+02 5.3037e+02 2.1011e+01
2.7000e+02 5.7962e+02 3.5907e+01
3.0000e+02 5.4124e+02 1.5580e+01
3.3000e+02 5.3765e+02 1.8059e+01
/newplot
/plotname baseline
0.000000e+00 4.997551e+02
3.300000e+02 4.997551e+02
