/newplot
/plotname contrast2=0.0
0.0000e+00 8.4033e+02 5.7097e+01
3.0000e+01 8.2549e+02 5.3845e+01
6.0000e+01 8.9429e+02 3.2089e+01
9.0000e+01 8.7229e+02 4.0671e+01
1.2000e+02 8.8852e+02 3.1741e+01
1.5000e+02 8.4042e+02 3.0238e+01
1.8000e+02 8.6269e+02 5.6914e+01
2.1000e+02 8.4876e+02 3.5418e+01
2.4000e+02 8.7244e+02 4.2417e+01
2.7000e+02 9.2925e+02 4.1086e+01
3.0000e+02 8.8619e+02 3.8952e+01
3.3000e+02 8.4418e+02 2.2130e+01
/newplot
/plotname contrast2=0.5
0.0000e+00 8.7641e+02 4.5304e+01
3.0000e+01 8.9522e+02 3.0353e+01
6.0000e+01 8.8155e+02 2.4661e+01
9.0000e+01 8.6768e+02 3.7868e+01
1.2000e+02 8.8037e+02 3.5812e+01
1.5000e+02 8.5676e+02 5.6057e+01
1.8000e+02 8.7928e+02 2.6649e+01
2.1000e+02 8.7831e+02 4.5550e+01
2.4000e+02 8.6843e+02 2.7140e+01
2.7000e+02 8.7638e+02 5.8479e+01
3.0000e+02 8.8432e+02 3.6798e+01
3.3000e+02 8.7218e+02 2.8596e+01
/newplot
/plotname baseline
0.000000e+00 8.175552e+02
3.300000e+02 8.175552e+02
