/newplot
/plotname contrast2=0.0
0.0000e+00 7.1758e+02 1.3808e+01
3.0000e+01 7.1397e+02 2.2965e+01
6.0000e+01 6.9878e+02 5.9313e+00
9.0000e+01 7.0795e+02 2.3478e+01
1.2000e+02 7.0974e+02 1.1849e+01
1.5000e+02 7.2234e+02 1.5497e+01
1.8000e+02 7.3208e+02 2.8406e+01
2.1000e+02 7.2347e+02 1.9006e+01
2.4000e+02 7.1126e+02 3.0153e+01
2.7000e+02 7.1069e+02 2.3671e+01
3.0000e+02 6.9163e+02 2.3955e+01
3.3000e+02 7.1171e+02 2.9531e+01
/newplot
/plotname contrast2=0.5
0.0000e+00 7.2896e+02 3.0539e+01
3.0000e+01 7.3524e+02 1.5585e+01
6.0000e+01 7.0951e+02 1.5357e+01
9.0000e+01 7.1543e+02 4.8239e+00
1.2000e+02 7.0832e+02 1.9796e+01
1.5000e+02 7.2161e+02 2.0830e+01
1.8000e+02 7.1679e+02 1.2128e+01
2.1000e+02 7.1964e+02 1.1222e+01
2.4000e+02 7.2489e+02 2.6074e+01
2.7000e+02 7.0697e+02 1.7510e+01
3.0000e+02 7.2755e+02 1.7370e+01
3.3000e+02 7.2656e+02 1.9500e+01
/newplot
/plotname baseline
0.000000e+00 7.011407e+02
3.300000e+02 7.011407e+02
