/newplot
/plotname contrast2=0.0
0.0000e+00 4.2365e+02 1.4133e+01
3.0000e+01 4.1164e+02 1.4585e+01
6.0000e+01 4.0765e+02 6.3841e+00
9.0000e+01 4.1398e+02 1.9560e+01
1.2000e+02 4.0852e+02 1.0174e+01
1.5000e+02 4.1792e+02 9.7706e+00
1.8000e+02 4.1764e+02 1.3118e+01
2.1000e+02 4.0965e+02 1.6132e+01
2.4000e+02 4.0867e+02 1.2090e+01
2.7000e+02 4.1726e+02 2.1164e+01
3.0000e+02 4.0122e+02 1.9760e+01
3.3000e+02 4.1115e+02 6.1454e+00
/newplot
/plotname contrast2=0.5
0.0000e+00 4.2507e+02 1.7820e+01
3.0000e+01 4.2284e+02 1.3342e+01
6.0000e+01 4.1158e+02 1.5246e+01
9.0000e+01 4.1809e+02 1.7313e+01
1.2000e+02 4.0844e+02 2.0272e+01
1.5000e+02 4.1422e+02 1.3849e+01
1.8000e+02 4.1285e+02 8.9058e+00
2.1000e+02 4.2401e+02 2.2771e+01
2.4000e+02 4.2342e+02 9.5673e+00
2.7000e+02 4.1943e+02 2.0152e+01
3.0000e+02 4.1424e+02 2.0003e+01
3.3000e+02 4.1669e+02 1.6441e+01
/newplot
/plotname baseline
0.000000e+00 4.075100e+02
3.300000e+02 4.075100e+02
