/newplot
/plotname contrast2=0.0
0.0000e+00 5.4693e+02 2.0058e+01
3.0000e+01 5.0528e+02 1.3703e+01
6.0000e+01 5.1473e+02 1.2651e+01
9.0000e+01 5.0890e+02 1.7884e+01
1.2000e+02 5.3313e+02 2.2438e+01
1.5000e+02 5.8561e+02 2.5348e+01
1.8000e+02 5.4962e+02 1.7380e+01
2.1000e+02 5.2637e+02 1.4918e+01
2.4000e+02 5.1263e+02 6.8117e+00
2.7000e+02 5.2244e+02 2.4537e+01
3.0000e+02 5.2134e+02 1.1364e+01
3.3000e+02 5.8454e+02 2.1842e+01
/newplot
/plotname contrast2=0.5
0.0000e+00 5.5809e+02 2.7617e+01
3.0000e+01 5.5652e+02 2.4556e+01
6.0000e+01 5.6435e+02 1.9200e+01
9.0000e+01 5.5598e+02 2.5128e+01
1.2000e+02 5.2698e+02 1.7527e+01
1.5000e+02 5.6809e+02 2.3173e+01
1.8000e+02 5.6113e+02 2.1219e+01
2.1000e+02 5.4696e+02 1.9549e+01
2.4000e+02 5.8559e+02 2.2640e+01
2.7000e+02 5.4783e+02 2.1540e+01
3.0000e+02 5.3907e+02 2.5020e+01
3.3000e+02 5.8516e+02 1.5445e+01
/newplot
/plotname baseline
0.000000e+00 5.095337e+02
3.300000e+02 5.095337e+02
