/newplot
/plotname contrast2=0.0
0.0000e+00 6.5871e+02 2.9687e+01
3.0000e+01 6.5850e+02 1.7473e+01
6.0000e+01 6.9160e+02 2.4379e+01
9.0000e+01 6.6539e+02 2.0821e+01
1.2000e+02 6.7214e+02 3.0575e+01
1.5000e+02 6.6258e+02 2.9077e+01
1.8000e+02 6.7271e+02 2.0475e+01
2.1000e+02 6.7804e+02 1.3729e+01
2.4000e+02 6.9654e+02 2.7826e+01
2.7000e+02 6.9284e+02 1.6824e+01
3.0000e+02 6.8566e+02 3.1170e+01
3.3000e+02 6.6690e+02 1.1758e+01
/newplot
/plotname contrast2=0.5
0.0000e+00 6.7748e+02 3.0805e+01
3.0000e+01 7.0664e+02 1.9126e+01
6.0000e+01 6.9728e+02 2.2755e+01
9.0000e+01 6.8366e+02 2.4003e+01
1.2000e+02 6.9601e+02 2.5550e+01
1.5000e+02 6.9092e+02 3.7865e+01
1.8000e+02 6.9645e+02 2.0449e+01
2.1000e+02 7.0692e+02 2.0892e+01
2.4000e+02 7.1299e+02 2.1465e+01
2.7000e+02 6.9073e+02 3.5074e+01
3.0000e+02 7.0525e+02 1.5888e+01
3.3000e+02 6.9501e+02 2.1871e+01
/newplot
/plotname baseline
0.000000e+00 6.396656e+02
3.300000e+02 6.396656e+02
