/newplot
/plotname contrast2=0.0
0.0000e+00 5.5084e+02 1.5465e+01
3.0000e+01 5.2497e+02 1.0309e+01
6.0000e+01 5.3400e+02 1.1444e+01
9.0000e+01 5.2351e+02 7.8946e+00
1.2000e+02 5.7605e+02 2.3192e+01
1.5000e+02 5.9656e+02 1.3738e+01
1.8000e+02 5.5510e+02 1.9949e+01
2.1000e+02 5.3604e+02 1.2829e+01
2.4000e+02 5.3956e+02 1.4251e+01
2.7000e+02 5.4854e+02 2.0548e+01
3.0000e+02 5.7263e+02 1.4804e+01
3.3000e+02 6.0192e+02 1.6555e+01
/newplot
/plotname contrast2=0.5
0.0000e+00 5.4801e+02 2.0377e+01
3.0000e+01 5.7319e+02 2.6179e+01
6.0000e+01 5.7337e+02 1.9282e+01
9.0000e+01 5.4843e+02 1.1325e+01
1.2000e+02 5.5055e+02 7.2986e+00
1.5000e+02 5.7679e+02 1.9579e+01
1.8000e+02 5.5804e+02 1.6630e+01
2.1000e+02 5.7548e+02 1.7879e+01
2.4000e+02 5.8738e+02 8.3488e+00
2.7000e+02 5.7398e+02 1.3203e+01
3.0000e+02 5.6575e+02 1.8760e+01
3.3000e+02 5.9276e+02 1.2775e+01
/newplot
/plotname baseline
0.000000e+00 5.187520e+02
3.300000e+02 5.187520e+02
