/newplot
/plotname contrast2=0.0
0.0000e+00 6.7126e+02 4.4677e+01
3.0000e+01 7.0382e+02 4.3238e+01
6.0000e+01 7.2985e+02 4.4788e+01
9.0000e+01 6.6213e+02 2.6057e+01
1.2000e+02 6.6384e+02 1.3886e+01
1.5000e+02 6.6770e+02 2.4543e+01
1.8000e+02 6.6977e+02 4.8076e+01
2.1000e+02 6.7478e+02 3.2390e+01
2.4000e+02 7.4295e+02 2.6952e+01
2.7000e+02 7.1312e+02 3.4939e+01
3.0000e+02 6.7124e+02 3.0448e+01
3.3000e+02 6.6061e+02 2.6132e+01
/newplot
/plotname contrast2=0.5
0.0000e+00 6.8555e+02 3.3769e+01
3.0000e+01 7.0047e+02 3.0342e+01
6.0000e+01 7.0230e+02 3.7110e+01
9.0000e+01 7.0328e+02 3.2660e+01
1.2000e+02 7.0543e+02 3.4710e+01
1.5000e+02 7.0849e+02 4.4007e+01
1.8000e+02 7.1159e+02 3.4292e+01
2.1000e+02 6.8577e+02 2.7886e+01
2.4000e+02 7.0646e+02 2.1749e+01
2.7000e+02 7.0503e+02 3.8015e+01
3.0000e+02 7.2620e+02 2.4594e+01
3.3000e+02 7.1066e+02 3.0951e+01
/newplot
/plotname baseline
0.000000e+00 6.466575e+02
3.300000e+02 6.466575e+02
