/newplot
/plotname contrast2=0.0
0.0000e+00 3.7804e+02 2.0881e+01
3.0000e+01 3.6275e+02 2.0505e+01
6.0000e+01 3.9132e+02 2.1356e+01
9.0000e+01 3.7207e+02 1.9318e+01
1.2000e+02 3.7666e+02 2.6082e+01
1.5000e+02 3.6383e+02 2.5212e+01
1.8000e+02 3.7770e+02 2.4646e+01
2.1000e+02 3.6353e+02 2.0371e+01
2.4000e+02 3.7755e+02 1.7937e+01
2.7000e+02 3.9584e+02 2.0500e+01
3.0000e+02 4.1401e+02 2.5798e+01
3.3000e+02 3.7471e+02 2.8916e+01
/newplot
/plotname contrast2=0.5
0.0000e+00 3.8707e+02 2.4955e+01
3.0000e+01 3.9818e+02 2.1889e+01
6.0000e+01 3.6636e+02 1.2331e+01
9.0000e+01 3.8251e+02 8.0203e+00
1.2000e+02 3.7391e+02 1.5618e+01
1.5000e+02 3.8430e+02 3.2862e+01
1.8000e+02 4.0691e+02 2.1807e+01
2.1000e+02 4.1037e+02 2.6137e+01
2.4000e+02 3.9448e+02 1.7378e+01
2.7000e+02 3.8959e+02 2.5620e+01
3.0000e+02 4.0262e+02 2.1132e+01
3.3000e+02 3.7852e+02 1.1284e+01
/newplot
/plotname baseline
0.000000e+00 3.612856e+02
3.300000e+02 3.612856e+02
