/newplot
/plotname contrast2=0.0
0.0000e+00 4.2050e+02 2.3296e+01
3.0000e+01 4.0721e+02 1.5467e+01
6.0000e+01 4.0973e+02 2.0051e+01
9.0000e+01 4.1519e+02 1.8239e+01
1.2000e+02 4.4286e+02 1.7753e+01
1.5000e+02 4.1696e+02 1.6595e+01
1.8000e+02 4.1777e+02 1.0055e+01
2.1000e+02 4.1383e+02 1.8750e+01
2.4000e+02 4.1907e+02 1.7102e+01
2.7000e+02 4.2756e+02 1.9506e+01
3.0000e+02 4.6380e+02 9.0004e+00
3.3000e+02 4.2902e+02 1.5430e+01
/newplot
/plotname contrast2=0.5
0.0000e+00 4.3512e+02 1.8386e+01
3.0000e+01 4.5090e+02 1.4873e+01
6.0000e+01 4.3249e+02 1.5035e+01
9.0000e+01 4.2569e+02 1.3449e+01
1.2000e+02 4.2324e+02 2.3963e+01
1.5000e+02 4.3004e+02 2.0573e+01
1.8000e+02 4.3742e+02 2.1680e+01
2.1000e+02 4.5362e+02 2.5675e+01
2.4000e+02 4.4666e+02 1.2586e+01
2.7000e+02 4.4085e+02 2.5678e+01
3.0000e+02 4.3979e+02 1.5705e+01
3.3000e+02 4.3298e+02 1.9912e+01
/newplot
/plotname baseline
0.000000e+00 3.990704e+02
3.300000e+02 3.990704e+02
