/newplot
/plotname contrast2=0.0
0.0000e+00 7.4867e+02 2.4564e+01
3.0000e+01 6.9365e+02 2.7887e+01
6.0000e+01 6.9164e+02 2.0337e+01
9.0000e+01 6.7833e+02 3.5236e+01
1.2000e+02 6.8912e+02 1.2784e+01
1.5000e+02 7.7040e+02 2.7873e+01
1.8000e+02 7.4980e+02 2.2848e+01
2.1000e+02 7.0260e+02 1.4667e+01
2.4000e+02 6.9600e+02 1.4411e+01
2.7000e+02 6.9675e+02 1.4594e+01
3.0000e+02 7.0091e+02 1.4355e+01
3.3000e+02 7.4692e+02 2.2847e+01
/newplot
/plotname contrast2=0.5
0.0000e+00 7.6153e+02 2.2803e+01
3.0000e+01 7.2106e+02 2.0377e+01
6.0000e+01 7.5637e+02 2.1518e+01
9.0000e+01 7.5676e+02 2.7529e+01
1.2000e+02 7.1834e+02 2.2605e+01
1.5000e+02 7.3501e+02 2.2706e+01
1.8000e+02 7.5661e+02 2.6776e+01
2.1000e+02 7.3178e+02 4.0704e+01
2.4000e+02 7.4246e+02 1.5004e+01
2.7000e+02 7.5626e+02 2.1588e+01
3.0000e+02 7.3552e+02 2.0165e+01
3.3000e+02 7.6472e+02 1.7572e+01
/newplot
/plotname baseline
0.000000e+00 6.783346e+02
3.300000e+02 6.783346e+02
