/newplot
/plotname contrast2=0.0
0.0000e+00 9.7624e+02 3.0554e+01
3.0000e+01 9.7503e+02 7.3410e+01
6.0000e+01 9.8582e+02 1.8064e+01
9.0000e+01 9.7803e+02 4.7050e+01
1.2000e+02 9.0794e+02 4.1980e+01
1.5000e+02 9.1364e+02 6.1568e+01
1.8000e+02 9.8679e+02 5.3764e+01
2.1000e+02 9.6737e+02 6.1425e+01
2.4000e+02 1.0091e+03 4.1950e+01
2.7000e+02 1.0763e+03 4.9352e+01
3.0000e+02 9.9327e+02 5.6066e+01
3.3000e+02 9.1623e+02 3.9014e+01
/newplot
/plotname contrast2=0.5
0.0000e+00 9.5509e+02 4.7287e+01
3.0000e+01 9.6967e+02 3.1428e+01
6.0000e+01 9.3930e+02 4.4967e+01
9.0000e+01 1.0054e+03 4.5776e+01
1.2000e+02 9.4377e+02 3.1615e+01
1.5000e+02 9.7803e+02 7.3973e+01
1.8000e+02 1.0247e+03 5.3189e+01
2.1000e+02 9.9479e+02 8.7058e+01
2.4000e+02 1.0910e+03 2.1240e+01
2.7000e+02 9.9728e+02 8.6039e+01
3.0000e+02 1.0207e+03 2.3868e+01
3.3000e+02 9.4446e+02 2.2158e+01
/newplot
/plotname baseline
0.000000e+00 8.974380e+02
3.300000e+02 8.974380e+02
