/newplot
/plotname contrast2=0.0
0.0000e+00 7.6973e+02 2.5882e+01
3.0000e+01 7.2989e+02 3.0739e+01
6.0000e+01 7.0137e+02 2.7153e+01
9.0000e+01 6.9127e+02 1.5589e+01
1.2000e+02 7.0276e+02 1.1445e+01
1.5000e+02 7.5142e+02 3.0068e+01
1.8000e+02 7.8092e+02 2.2205e+01
2.1000e+02 7.2499e+02 1.2482e+01
2.4000e+02 7.2049e+02 1.0969e+01
2.7000e+02 7.0309e+02 2.4025e+01
3.0000e+02 7.1635e+02 2.9072e+01
3.3000e+02 7.3624e+02 1.9799e+01
/newplot
/plotname contrast2=0.5
0.0000e+00 7.7495e+02 2.0504e+01
3.0000e+01 7.7379e+02 1.9981e+01
6.0000e+01 7.6535e+02 7.9627e+00
9.0000e+01 7.8117e+02 2.3755e+01
1.2000e+02 7.3236e+02 2.5790e+01
1.5000e+02 7.5387e+02 2.4897e+01
1.8000e+02 7.7215e+02 3.3000e+01
2.1000e+02 7.5680e+02 1.4438e+01
2.4000e+02 7.5565e+02 1.7645e+01
2.7000e+02 7.6108e+02 2.1450e+01
3.0000e+02 7.7381e+02 2.1988e+01
3.3000e+02 7.7042e+02 2.4065e+01
/newplot
/plotname baseline
0.000000e+00 7.001949e+02
3.300000e+02 7.001949e+02
