/newplot
/plotname contrast2=0.0
0.0000e+00 6.3236e+02 2.5095e+01
3.0000e+01 5.8516e+02 1.3790e+01
6.0000e+01 5.7118e+02 1.0630e+01
9.0000e+01 5.7042e+02 2.6019e+01
1.2000e+02 5.8030e+02 2.2845e+01
1.5000e+02 6.0984e+02 2.8330e+01
1.8000e+02 6.2279e+02 1.4576e+01
2.1000e+02 5.7492e+02 7.5112e+00
2.4000e+02 5.6796e+02 1.3760e+01
2.7000e+02 5.6201e+02 1.2220e+01
3.0000e+02 5.7377e+02 1.6807e+01
3.3000e+02 6.3075e+02 1.8443e+01
/newplot
/plotname contrast2=0.5
0.0000e+00 6.4820e+02 1.9123e+01
3.0000e+01 6.2936e+02 2.4685e+01
6.0000e+01 6.0341e+02 1.0649e+01
9.0000e+01 6.2681e+02 2.7745e+01
1.2000e+02 5.7304e+02 9.3435e+00
1.5000e+02 5.9719e+02 2.7059e+01
1.8000e+02 6.0367e+02 1.6190e+01
2.1000e+02 6.0744e+02 3.2562e+01
2.4000e+02 6.4130e+02 2.6153e+01
2.7000e+02 6.6199e+02 1.9971e+01
3.0000e+02 6.1114e+02 2.5230e+01
3.3000e+02 6.4473e+02 1.9780e+01
/newplot
/plotname baseline
0.000000e+00 5.724243e+02
3.300000e+02 5.724243e+02
