/newplot
/plotname contrast2=0.0
0.0000e+00 5.4630e+02 2.3623e+01
3.0000e+01 5.6172e+02 2.1932e+01
6.0000e+01 5.2268e+02 2.3181e+01
9.0000e+01 5.4817e+02 2.9200e+01
1.2000e+02 5.1733e+02 3.5421e+01
1.5000e+02 5.4200e+02 1.6211e+01
1.8000e+02 5.6902e+02 4.7063e+01
2.1000e+02 5.8220e+02 5.1410e+01
2.4000e+02 5.3632e+02 4.2357e+01
2.7000e+02 5.2794e+02 4.8301e+01
3.0000e+02 5.1621e+02 1.9700e+01
3.3000e+02 5.3881e+02 4.0452e+01
/newplot
/plotname contrast2=0.5
0.0000e+00 5.5204e+02 2.7820e+01
3.0000e+01 5.5771e+02 3.2808e+01
6.0000e+01 5.4384e+02 2.5793e+01
9.0000e+01 5.8153e+02 2.9154e+01
1.2000e+02 5.5682e+02 3.7775e+01
1.5000e+02 5.6639e+02 3.6071e+01
1.8000e+02 5.7904e+02 3.6511e+01
2.1000e+02 5.7722e+02 2.4899e+01
2.4000e+02 5.5482e+02 2.5401e+01
2.7000e+02 5.3696e+02 2.4076e+01
3.0000e+02 5.5359e+02 3.8614e+01
3.3000e+02 5.2193e+02 3.3999e+01
/newplot
/plotname baseline
0.000000e+00 5.222609e+02
3.300000e+02 5.222609e+02
