/newplot
/plotname contrast2=0.0
0.0000e+00 4.7617e+02 2.8009e+01
3.0000e+01 4.8780e+02 9.7585e+00
6.0000e+01 4.9047e+02 2.0506e+01
9.0000e+01 4.5668e+02 1.0396e+01
1.2000e+02 4.6556e+02 2.3871e+01
1.5000e+02 4.7179e+02 1.9679e+01
1.8000e+02 4.9356e+02 1.9002e+01
2.1000e+02 5.1231e+02 1.1413e+01
2.4000e+02 5.0791e+02 2.9734e+01
2.7000e+02 4.8555e+02 2.6467e+01
3.0000e+02 4.6783e+02 1.9369e+01
3.3000e+02 4.7128e+02 7.6569e+00
/newplot
/plotname contrast2=0.5
0.0000e+00 5.0031e+02 2.3922e+01
3.0000e+01 5.2543e+02 1.7974e+01
6.0000e+01 4.8522e+02 1.2797e+01
9.0000e+01 4.9468e+02 2.3564e+01
1.2000e+02 4.9851e+02 2.6357e+01
1.5000e+02 4.9824e+02 2.7327e+01
1.8000e+02 5.0880e+02 1.4580e+01
2.1000e+02 5.1098e+02 2.3036e+01
2.4000e+02 4.9298e+02 2.1899e+01
2.7000e+02 4.9469e+02 2.5612e+01
3.0000e+02 5.2311e+02 1.7902e+01
3.3000e+02 5.0000e+02 1.6453e+01
/newplot
/plotname baseline
0.000000e+00 4.581949e+02
3.300000e+02 4.581949e+02
