/newplot
/plotname contrast2=0.0
0.0000e+00 5.8574e+02 2.8970e+01
3.0000e+01 5.3920e+02 2.5114e+01
6.0000e+01 5.4227e+02 3.5231e+01
9.0000e+01 5.4661e+02 3.3097e+01
1.2000e+02 6.0138e+02 4.6885e+01
1.5000e+02 7.8743e+02 3.9853e+01
1.8000e+02 6.0405e+02 6.0351e+01
2.1000e+02 5.6842e+02 2.8189e+01
2.4000e+02 5.5693e+02 2.0157e+01
2.7000e+02 6.0657e+02 6.1170e+01
3.0000e+02 5.9974e+02 6.9666e+01
3.3000e+02 6.3893e+02 1.7652e+01
/newplot
/plotname contrast2=0.5
0.0000e+00 5.9627e+02 3.2691e+01
3.0000e+01 5.7724e+02 3.1926e+01
6.0000e+01 6.9360e+02 2.1185e+01
9.0000e+01 5.8679e+02 2.9529e+01
1.2000e+02 5.5945e+02 2.9859e+01
1.5000e+02 7.2089e+02 1.3615e+01
1.8000e+02 6.2443e+02 5.9722e+01
2.1000e+02 5.9223e+02 7.2976e+01
2.4000e+02 6.7638e+02 8.2509e+01
2.7000e+02 6.1704e+02 6.1601e+01
3.0000e+02 6.1300e+02 7.3754e+01
3.3000e+02 6.3625e+02 1.4875e+01
/newplot
/plotname baseline
0.000000e+00 5.574592e+02
3.300000e+02 5.574592e+02
