/newplot
/plotname contrast2=0.0
0.0000e+00 7.5330e+02 3.1746e+01
3.0000e+01 7.6875e+02 4.6014e+01
6.0000e+01 8.0105e+02 2.3878e+01
9.0000e+01 8.0775e+02 6.7397e+01
1.2000e+02 7.6038e+02 1.7814e+01
1.5000e+02 7.4319e+02 1.6815e+01
1.8000e+02 7.7929e+02 5.9947e+01
2.1000e+02 8.0162e+02 5.6053e+01
2.4000e+02 8.1723e+02 3.2739e+01
2.7000e+02 7.9711e+02 5.9467e+01
3.0000e+02 7.5736e+02 4.6031e+01
3.3000e+02 7.5846e+02 6.1349e+01
/newplot
/plotname contrast2=0.5
0.0000e+00 7.7892e+02 3.0233e+01
3.0000e+01 8.0158e+02 3.7404e+01
6.0000e+01 7.7938e+02 4.1599e+01
9.0000e+01 7.6440e+02 2.2240e+01
1.2000e+02 7.7126e+02 3.4876e+01
1.5000e+02 7.9593e+02 5.7311e+01
1.8000e+02 7.9144e+02 4.4601e+01
2.1000e+02 7.9515e+02 3.8468e+01
2.4000e+02 8.1092e+02 3.5326e+01
2.7000e+02 7.7749e+02 2.6059e+01
3.0000e+02 7.7011e+02 4.5665e+01
3.3000e+02 7.9332e+02 4.4595e+01
/newplot
/plotname baseline
0.000000e+00 7.341903e+02
3.300000e+02 7.341903e+02
