/newplot
/plotname contrast2=0.0
0.0000e+00 4.6520e+02 2.3863e+01
3.0000e+01 4.7595e+02 1.6350e+01
6.0000e+01 5.2040e+02 7.2663e+00
9.0000e+01 5.3063e+02 2.2870e+01
1.2000e+02 4.9236e+02 2.0106e+01
1.5000e+02 4.8341e+02 1.3809e+01
1.8000e+02 4.7871e+02 1.8560e+01
2.1000e+02 5.0144e+02 1.0774e+01
2.4000e+02 5.4184e+02 1.9380e+01
2.7000e+02 5.0796e+02 1.5697e+01
3.0000e+02 4.9771e+02 2.2607e+01
3.3000e+02 4.8178e+02 1.4153e+01
/newplot
/plotname contrast2=0.5
0.0000e+00 5.1452e+02 1.9221e+01
3.0000e+01 5.2743e+02 2.9080e+01
6.0000e+01 5.1854e+02 2.5548e+01
9.0000e+01 5.0617e+02 1.1176e+01
1.2000e+02 5.0916e+02 2.1010e+01
1.5000e+02 5.1783e+02 2.1819e+01
1.8000e+02 5.1905e+02 2.5200e+01
2.1000e+02 5.2708e+02 2.3471e+01
2.4000e+02 5.3362e+02 1.1260e+01
2.7000e+02 4.9832e+02 3.2736e+01
3.0000e+02 5.1697e+02 1.8658e+01
3.3000e+02 5.1219e+02 1.5183e+01
/newplot
/plotname baseline
0.000000e+00 4.607153e+02
3.300000e+02 4.607153e+02
