/newplot
/plotname contrast2=0.0
0.0000e+00 5.6538e+02 2.3424e+01
3.0000e+01 5.3008e+02 1.2841e+01
6.0000e+01 5.5119e+02 1.8065e+01
9.0000e+01 5.4540e+02 3.7105e+01
1.2000e+02 5.5681e+02 2.3548e+01
1.5000e+02 6.2329e+02 3.5345e+01
1.8000e+02 5.7831e+02 2.8802e+01
2.1000e+02 5.5183e+02 1.6512e+01
2.4000e+02 5.4117e+02 3.0350e+01
2.7000e+02 5.2640e+02 3.1676e+01
3.0000e+02 5.7161e+02 2.2724e+01
3.3000e+02 6.7993e+02 3.4263e+01
/newplot
/plotname contrast2=0.5
0.0000e+00 5.8482e+02 2.0351e+01
3.0000e+01 5.7828e+02 3.8687e+01
6.0000e+01 5.8145e+02 2.4654e+01
9.0000e+01 6.0120e+02 6.3807e+01
1.2000e+02 5.2586e+02 2.8536e+01
1.5000e+02 6.0032e+02 4.2192e+01
1.8000e+02 5.8177e+02 2.0906e+01
2.1000e+02 5.7672e+02 2.3903e+01
2.4000e+02 6.5610e+02 2.9775e+01
2.7000e+02 5.7989e+02 2.5097e+01
3.0000e+02 5.9317e+02 1.9410e+01
3.3000e+02 6.6506e+02 4.7530e+01
/newplot
/plotname baseline
0.000000e+00 5.418391e+02
3.300000e+02 5.418391e+02
