/newplot
/plotname contrast2=0.0
0.0000e+00 8.1378e+02 4.0355e+01
3.0000e+01 7.5919e+02 5.7412e+01
6.0000e+01 7.4457e+02 4.0311e+01
9.0000e+01 7.2861e+02 3.3892e+01
1.2000e+02 7.3048e+02 3.0938e+01
1.5000e+02 7.9702e+02 3.9653e+01
1.8000e+02 8.0647e+02 1.6320e+01
2.1000e+02 7.4363e+02 1.2966e+01
2.4000e+02 7.4462e+02 2.6377e+01
2.7000e+02 7.4381e+02 2.4823e+01
3.0000e+02 7.3616e+02 2.8573e+01
3.3000e+02 7.7149e+02 3.6174e+01
/newplot
/plotname contrast2=0.5
0.0000e+00 8.0716e+02 3.6812e+01
3.0000e+01 7.7985e+02 2.9514e+01
6.0000e+01 7.7894e+02 1.5596e+01
9.0000e+01 8.2124e+02 3.6209e+01
1.2000e+02 7.6501e+02 1.5477e+01
1.5000e+02 7.6029e+02 3.8796e+01
1.8000e+02 8.1622e+02 3.1823e+01
2.1000e+02 7.8078e+02 3.9301e+01
2.4000e+02 7.6254e+02 1.9651e+01
2.7000e+02 7.9229e+02 3.5992e+01
3.0000e+02 7.9709e+02 4.9736e+01
3.3000e+02 7.7626e+02 2.0528e+01
/newplot
/plotname baseline
0.000000e+00 7.351377e+02
3.300000e+02 7.351377e+02
