/newplot
/plotname contrast2=0.0
0.0000e+00 1.3687e+03 2.0990e+01
3.0000e+01 1.3435e+03 2.9086e+01
6.0000e+01 1.3279e+03 2.8119e+01
9.0000e+01 1.3203e+03 2.0812e+01
1.2000e+02 1.2896e+03 4.2038e+01
1.5000e+02 1.3350e+03 3.7284e+01
1.8000e+02 1.3826e+03 2.5032e+01
2.1000e+02 1.3595e+03 2.1570e+01
2.4000e+02 1.3269e+03 4.4717e+01
2.7000e+02 1.3135e+03 1.4837e+01
3.0000e+02 1.3246e+03 4.2925e+01
3.3000e+02 1.3205e+03 1.9614e+01
/newplot
/plotname contrast2=0.5
0.0000e+00 1.3615e+03 3.5610e+01
3.0000e+01 1.3401e+03 2.9498e+01
6.0000e+01 1.3275e+03 3.5386e+01
9.0000e+01 1.3915e+03 3.7812e+01
1.2000e+02 1.3429e+03 4.1148e+01
1.5000e+02 1.3585e+03 2.9499e+01
1.8000e+02 1.3760e+03 3.3505e+01
2.1000e+02 1.3576e+03 2.9327e+01
2.4000e+02 1.3365e+03 3.4445e+01
2.7000e+02 1.3304e+03 3.0215e+01
3.0000e+02 1.3743e+03 2.1171e+01
3.3000e+02 1.3365e+03 3.0634e+01
/newplot
/plotname baseline
0.000000e+00 1.307257e+03
3.300000e+02 1.307257e+03
