/newplot
/plotname contrast2=0.0
0.0000e+00 5.1064e+02 2.6780e+01
3.0000e+01 5.3235e+02 2.8129e+01
6.0000e+01 5.5998e+02 2.7634e+01
9.0000e+01 5.0890e+02 6.6785e+00
1.2000e+02 5.0529e+02 1.6987e+01
1.5000e+02 5.0198e+02 1.3401e+01
1.8000e+02 5.0641e+02 1.4900e+01
2.1000e+02 5.3775e+02 2.3089e+01
2.4000e+02 5.4338e+02 1.7179e+01
2.7000e+02 5.1953e+02 2.9235e+01
3.0000e+02 5.1640e+02 3.2429e+01
3.3000e+02 4.9585e+02 2.1721e+01
/newplot
/plotname contrast2=0.5
0.0000e+00 5.2626e+02 2.5838e+01
3.0000e+01 5.4125e+02 9.2496e+00
6.0000e+01 5.3052e+02 1.1521e+01
9.0000e+01 5.1247e+02 2.3471e+01
1.2000e+02 5.3270e+02 1.9756e+01
1.5000e+02 5.1722e+02 1.0237e+01
1.8000e+02 5.3735e+02 1.9715e+01
2.1000e+02 5.2923e+02 1.7414e+01
2.4000e+02 5.1821e+02 1.5439e+01
2.7000e+02 5.1971e+02 2.3663e+01
3.0000e+02 5.3975e+02 2.0305e+01
3.3000e+02 5.2627e+02 2.4002e+01
/newplot
/plotname baseline
0.000000e+00 4.897083e+02
3.300000e+02 4.897083e+02
