/newplot
/plotname contrast2=0.0
0.0000e+00 4.5885e+02 3.8253e+01
3.0000e+01 4.5069e+02 3.7423e+01
6.0000e+01 4.6575e+02 2.8603e+01
9.0000e+01 4.5822e+02 2.8274e+01
1.2000e+02 4.6452e+02 5.6518e+01
1.5000e+02 4.7101e+02 4.0031e+01
1.8000e+02 4.7115e+02 3.9427e+01
2.1000e+02 4.6282e+02 3.5876e+01
2.4000e+02 4.5553e+02 3.8821e+01
2.7000e+02 4.8397e+02 4.4502e+01
3.0000e+02 4.8325e+02 3.6564e+01
3.3000e+02 4.6580e+02 2.2111e+01
/newplot
/plotname contrast2=0.5
0.0000e+00 4.7807e+02 3.6242e+01
3.0000e+01 4.8395e+02 4.0887e+01
6.0000e+01 4.7463e+02 3.3209e+01
9.0000e+01 4.6392e+02 4.1258e+01
1.2000e+02 4.6228e+02 3.3992e+01
1.5000e+02 4.5185e+02 4.8972e+01
1.8000e+02 4.7321e+02 5.5953e+01
2.1000e+02 4.9375e+02 3.8160e+01
2.4000e+02 4.8968e+02 4.9552e+01
2.7000e+02 4.7467e+02 3.3579e+01
3.0000e+02 5.0135e+02 3.9632e+01
3.3000e+02 4.5316e+02 3.3242e+01
/newplot
/plotname baseline
0.000000e+00 4.547938e+02
3.300000e+02 4.547938e+02
