/newplot
/plotname contrast2=0.0
0.0000e+00 7.0189e+02 3.3145e+01
3.0000e+01 6.8933e+02 2.6655e+01
6.0000e+01 7.3628e+02 2.6613e+01
9.0000e+01 7.0107e+02 3.8594e+01
1.2000e+02 7.4082e+02 2.8549e+01
1.5000e+02 7.3904e+02 2.9123e+01
1.8000e+02 7.0422e+02 1.8419e+01
2.1000e+02 7.1169e+02 2.1462e+01
2.4000e+02 7.3654e+02 2.4296e+01
2.7000e+02 7.1847e+02 2.5942e+01
3.0000e+02 7.3401e+02 5.0368e+01
3.3000e+02 7.3171e+02 2.6602e+01
/newplot
/plotname contrast2=0.5
0.0000e+00 7.2979e+02 3.8734e+01
3.0000e+01 7.6621e+02 2.4571e+01
6.0000e+01 7.3351e+02 2.4588e+01
9.0000e+01 7.3073e+02 4.0233e+01
1.2000e+02 7.3152e+02 4.1718e+01
1.5000e+02 7.1716e+02 3.4857e+01
1.8000e+02 7.4562e+02 3.4271e+01
2.1000e+02 7.3897e+02 3.0347e+01
2.4000e+02 7.2506e+02 4.6278e+01
2.7000e+02 7.3669e+02 6.4049e+01
3.0000e+02 7.4046e+02 2.9095e+01
3.3000e+02 7.2310e+02 4.0199e+01
/newplot
/plotname baseline
0.000000e+00 6.825757e+02
3.300000e+02 6.825757e+02
