/newplot
/plotname contrast2=0.0
0.0000e+00 9.0939e+02 5.2596e+01
3.0000e+01 8.6265e+02 4.5422e+01
6.0000e+01 8.1947e+02 2.4844e+01
9.0000e+01 8.3889e+02 2.3049e+01
1.2000e+02 8.3108e+02 1.9927e+01
1.5000e+02 8.5515e+02 2.3390e+01
1.8000e+02 8.9302e+02 5.0654e+01
2.1000e+02 8.4628e+02 2.9547e+01
2.4000e+02 8.3126e+02 2.8518e+01
2.7000e+02 8.0873e+02 3.8247e+01
3.0000e+02 8.1511e+02 4.3332e+01
3.3000e+02 8.4989e+02 3.1936e+01
/newplot
/plotname contrast2=0.5
0.0000e+00 8.9872e+02 2.6970e+01
3.0000e+01 8.6344e+02 2.3755e+01
6.0000e+01 8.3631e+02 2.3464e+01
9.0000e+01 9.1199e+02 4.3046e+01
1.2000e+02 8.1842e+02 5.0864e+01
1.5000e+02 8.5425e+02 5.8499e+01
1.8000e+02 8.9313e+02 3.0623e+01
2.1000e+02 8.5940e+02 3.6477e+01
2.4000e+02 8.6794e+02 3.2081e+01
2.7000e+02 8.8802e+02 8.5778e+01
3.0000e+02 8.4410e+02 2.2256e+01
3.3000e+02 8.3714e+02 2.7923e+01
/newplot
/plotname baseline
0.000000e+00 8.225023e+02
3.300000e+02 8.225023e+02
