/newplot
/plotname contrast2=0.0
0.0000e+00 5.9887e+02 8.1552e+01
3.0000e+01 5.8127e+02 9.1665e+01
6.0000e+01 6.0743e+02 7.0450e+01
9.0000e+01 5.7427e+02 5.2087e+01
1.2000e+02 6.1226e+02 5.7579e+01
1.5000e+02 6.2670e+02 6.2132e+01
1.8000e+02 6.3041e+02 8.4259e+01
2.1000e+02 5.9028e+02 4.2473e+01
2.4000e+02 5.9058e+02 4.4057e+01
2.7000e+02 6.3860e+02 8.3151e+01
3.0000e+02 6.6654e+02 6.6132e+01
3.3000e+02 6.1126e+02 3.3032e+01
/newplot
/plotname contrast2=0.5
0.0000e+00 5.8998e+02 5.3045e+01
3.0000e+01 6.3265e+02 3.9002e+01
6.0000e+01 6.0958e+02 5.2761e+01
9.0000e+01 6.0655e+02 6.4970e+01
1.2000e+02 6.1980e+02 7.3453e+01
1.5000e+02 6.1783e+02 7.7794e+01
1.8000e+02 6.1181e+02 6.4540e+01
2.1000e+02 6.4115e+02 7.7748e+01
2.4000e+02 6.2540e+02 6.0563e+01
2.7000e+02 6.1052e+02 8.1134e+01
3.0000e+02 6.4955e+02 6.0795e+01
3.3000e+02 6.2361e+02 6.6451e+01
/newplot
/plotname baseline
0.000000e+00 5.944902e+02
3.300000e+02 5.944902e+02
