/newplot
/plotname contrast2=0.0
0.0000e+00 5.8162e+02 4.8927e+01
3.0000e+01 5.6188e+02 3.2916e+01
6.0000e+01 5.7594e+02 2.9432e+01
9.0000e+01 5.5689e+02 3.9013e+01
1.2000e+02 5.8950e+02 2.7261e+01
1.5000e+02 6.3893e+02 4.6786e+01
1.8000e+02 6.1975e+02 3.3413e+01
2.1000e+02 5.7450e+02 2.3552e+01
2.4000e+02 5.7808e+02 3.8420e+01
2.7000e+02 5.9624e+02 2.8880e+01
3.0000e+02 6.1075e+02 2.9304e+01
3.3000e+02 6.4046e+02 2.0528e+01
/newplot
/plotname contrast2=0.5
0.0000e+00 6.0205e+02 4.0073e+01
3.0000e+01 5.8167e+02 2.6507e+01
6.0000e+01 6.0098e+02 2.6201e+01
9.0000e+01 5.9138e+02 4.2819e+01
1.2000e+02 5.7262e+02 2.0988e+01
1.5000e+02 6.1645e+02 3.7772e+01
1.8000e+02 6.1042e+02 4.1519e+01
2.1000e+02 5.9785e+02 4.0469e+01
2.4000e+02 6.2306e+02 2.5787e+01
2.7000e+02 5.9392e+02 3.5368e+01
3.0000e+02 6.0974e+02 3.5487e+01
3.3000e+02 6.4173e+02 4.4485e+01
/newplot
/plotname baseline
0.000000e+00 5.698263e+02
3.300000e+02 5.698263e+02
