/newplot
/plotname contrast2=0.0
0.0000e+00 4.9288e+02 2.4969e+01
3.0000e+01 5.0716e+02 1.8162e+01
6.0000e+01 5.1041e+02 1.7497e+01
9.0000e+01 4.6691e+02 1.7891e+01
1.2000e+02 4.5953e+02 1.8116e+01
1.5000e+02 4.7469e+02 2.6414e+01
1.8000e+02 5.1951e+02 2.2430e+01
2.1000e+02 5.4103e+02 2.3390e+01
2.4000e+02 5.2952e+02 1.9190e+01
2.7000e+02 4.9414e+02 1.7339e+01
3.0000e+02 4.6857e+02 2.0445e+01
3.3000e+02 4.6822e+02 1.3289e+01
/newplot
/plotname contrast2=0.5
0.0000e+00 5.0273e+02 1.9265e+01
3.0000e+01 5.2934e+02 1.1326e+01
6.0000e+01 4.9107e+02 4.9531e+00
9.0000e+01 4.9567e+02 2.1284e+01
1.2000e+02 5.2093e+02 2.2396e+01
1.5000e+02 5.1995e+02 4.3652e+01
1.8000e+02 5.2226e+02 2.7316e+01
2.1000e+02 5.2635e+02 1.9114e+01
2.4000e+02 5.2590e+02 2.8805e+01
2.7000e+02 4.9037e+02 2.3914e+01
3.0000e+02 5.1934e+02 3.2616e+01
3.3000e+02 5.0632e+02 2.0166e+01
/newplot
/plotname baseline
0.000000e+00 4.583535e+02
3.300000e+02 4.583535e+02
