/newplot
/plotname contrast2=0.0
0.0000e+00 7.0506e+02 2.6124e+01
3.0000e+01 7.0211e+02 2.8396e+01
6.0000e+01 7.7273e+02 3.6537e+01
9.0000e+01 7.7010e+02 3.5678e+01
1.2000e+02 7.8944e+02 2.5637e+01
1.5000e+02 7.3256e+02 1.8877e+01
1.8000e+02 7.3491e+02 4.3920e+01
2.1000e+02 7.2832e+02 3.2199e+01
2.4000e+02 7.5699e+02 2.6387e+01
2.7000e+02 7.7980e+02 2.2675e+01
3.0000e+02 7.8647e+02 3.3120e+01
3.3000e+02 7.3088e+02 1.7027e+01
/newplot
/plotname contrast2=0.5
0.0000e+00 7.8420e+02 4.9730e+01
3.0000e+01 7.7458e+02 2.4565e+01
6.0000e+01 7.9014e+02 3.0787e+01
9.0000e+01 7.6437e+02 4.7912e+01
1.2000e+02 7.8640e+02 3.1070e+01
1.5000e+02 7.4894e+02 2.5432e+01
1.8000e+02 7.8476e+02 4.6371e+01
2.1000e+02 7.6079e+02 2.7668e+01
2.4000e+02 7.5180e+02 4.0730e+01
2.7000e+02 7.7310e+02 4.7066e+01
3.0000e+02 7.6707e+02 2.3528e+01
3.3000e+02 7.6415e+02 1.3818e+01
/newplot
/plotname baseline
0.000000e+00 7.077271e+02
3.300000e+02 7.077271e+02
