/newplot
/plotname contrast2=0.0
0.0000e+00 7.1424e+02 3.6744e+01
3.0000e+01 6.7349e+02 3.5928e+01
6.0000e+01 7.0095e+02 3.4322e+01
9.0000e+01 6.7937e+02 3.5737e+01
1.2000e+02 7.3153e+02 5.0977e+01
1.5000e+02 7.0600e+02 2.4779e+01
1.8000e+02 7.1411e+02 3.0944e+01
2.1000e+02 6.8956e+02 2.7909e+01
2.4000e+02 6.9408e+02 1.4070e+01
2.7000e+02 7.0662e+02 3.7477e+01
3.0000e+02 6.8871e+02 3.7264e+01
3.3000e+02 7.0322e+02 2.4565e+01
/newplot
/plotname contrast2=0.5
0.0000e+00 7.2438e+02 3.5215e+01
3.0000e+01 7.7013e+02 7.4914e+01
6.0000e+01 7.5206e+02 5.1504e+01
9.0000e+01 7.5387e+02 4.6744e+01
1.2000e+02 7.6384e+02 6.6996e+01
1.5000e+02 7.0829e+02 1.9943e+01
1.8000e+02 7.1448e+02 2.1765e+01
2.1000e+02 7.3283e+02 2.3948e+01
2.4000e+02 7.1018e+02 2.3035e+01
2.7000e+02 7.5972e+02 6.4248e+01
3.0000e+02 7.5752e+02 3.5019e+01
3.3000e+02 7.0951e+02 2.4866e+01
/newplot
/plotname baseline
0.000000e+00 6.838317e+02
3.300000e+02 6.838317e+02
