/newplot
/plotname contrast2=0.0
0.0000e+00 8.4160e+02 4.2106e+01
3.0000e+01 7.9464e+02 1.7096e+01
6.0000e+01 7.9529e+02 3.1045e+01
9.0000e+01 7.9131e+02 3.6273e+01
1.2000e+02 7.7782e+02 2.8018e+01
1.5000e+02 8.0854e+02 2.3796e+01
1.8000e+02 8.9075e+02 6.0292e+01
2.1000e+02 7.9977e+02 2.0651e+01
2.4000e+02 8.0940e+02 4.5428e+01
2.7000e+02 7.8551e+02 3.1695e+01
3.0000e+02 7.6800e+02 3.2856e+01
3.3000e+02 8.0940e+02 2.5292e+01
/newplot
/plotname contrast2=0.5
0.0000e+00 8.9812e+02 3.4682e+01
3.0000e+01 8.2653e+02 3.0276e+01
6.0000e+01 8.0026e+02 2.4252e+01
9.0000e+01 8.8685e+02 4.7633e+01
1.2000e+02 8.0392e+02 2.3745e+01
1.5000e+02 8.0197e+02 2.6216e+01
1.8000e+02 8.7308e+02 2.6188e+01
2.1000e+02 8.2247e+02 2.5737e+01
2.4000e+02 8.2699e+02 3.5511e+01
2.7000e+02 8.3757e+02 4.0036e+01
3.0000e+02 8.3239e+02 2.0816e+01
3.3000e+02 8.2424e+02 3.7132e+01
/newplot
/plotname baseline
0.000000e+00 7.905551e+02
3.300000e+02 7.905551e+02
