/newplot
/plotname contrast2=0.0
0.0000e+00 1.1830e+03 6.7126e+01
3.0000e+01 1.1851e+03 4.9167e+01
6.0000e+01 1.2424e+03 2.8980e+01
9.0000e+01 1.1610e+03 5.9352e+01
1.2000e+02 1.2195e+03 3.6638e+01
1.5000e+02 1.2101e+03 4.2868e+01
1.8000e+02 1.2089e+03 6.8294e+01
2.1000e+02 1.1927e+03 5.4095e+01
2.4000e+02 1.2336e+03 4.5832e+01
2.7000e+02 1.2256e+03 3.3839e+01
3.0000e+02 1.2050e+03 4.6898e+01
3.3000e+02 1.1802e+03 3.5053e+01
/newplot
/plotname contrast2=0.5
0.0000e+00 1.2200e+03 5.1966e+01
3.0000e+01 1.2107e+03 5.8918e+01
6.0000e+01 1.2088e+03 3.6542e+01
9.0000e+01 1.2244e+03 3.2698e+01
1.2000e+02 1.1918e+03 3.6639e+01
1.5000e+02 1.2149e+03 5.8177e+01
1.8000e+02 1.2061e+03 6.3750e+01
2.1000e+02 1.2135e+03 5.0864e+01
2.4000e+02 1.1891e+03 4.4192e+01
2.7000e+02 1.1939e+03 4.9063e+01
3.0000e+02 1.2395e+03 3.4851e+01
3.3000e+02 1.2281e+03 4.6710e+01
/newplot
/plotname baseline
0.000000e+00 1.165030e+03
3.300000e+02 1.165030e+03
