/newplot
/plotname contrast2=0.0
0.0000e+00 7.6542e+02 3.6511e+01
3.0000e+01 7.7583e+02 3.9425e+01
6.0000e+01 8.5470e+02 3.7799e+01
9.0000e+01 8.2737e+02 6.0464e+01
1.2000e+02 7.8175e+02 4.5898e+01
1.5000e+02 7.6185e+02 3.6078e+01
1.8000e+02 7.7934e+02 4.3429e+01
2.1000e+02 8.1906e+02 6.6824e+01
2.4000e+02 9.0041e+02 2.8778e+01
2.7000e+02 8.6944e+02 5.8081e+01
3.0000e+02 7.8534e+02 4.4534e+01
3.3000e+02 7.8352e+02 5.6491e+01
/newplot
/plotname contrast2=0.5
0.0000e+00 8.0990e+02 4.4798e+01
3.0000e+01 8.2312e+02 7.8283e+01
6.0000e+01 8.2374e+02 4.5660e+01
9.0000e+01 8.1497e+02 4.4351e+01
1.2000e+02 8.3429e+02 5.3296e+01
1.5000e+02 8.6570e+02 6.2993e+01
1.8000e+02 8.4614e+02 7.1664e+01
2.1000e+02 8.6001e+02 5.9679e+01
2.4000e+02 8.7581e+02 4.9757e+01
2.7000e+02 8.3237e+02 4.3960e+01
3.0000e+02 8.1000e+02 4.3698e+01
3.3000e+02 8.2994e+02 4.8869e+01
/newplot
/plotname baseline
0.000000e+00 7.622581e+02
3.300000e+02 7.622581e+02
