/newplot
/plotname contrast2=0.0
0.0000e+00 4.6877e+02 1.8870e+01
3.0000e+01 4.7448e+02 2.9836e+01
6.0000e+01 5.2058e+02 4.5099e+01
9.0000e+01 5.2565e+02 4.2041e+01
1.2000e+02 4.9207e+02 1.6018e+01
1.5000e+02 4.6981e+02 4.0312e+01
1.8000e+02 4.8319e+02 3.1010e+01
2.1000e+02 5.1290e+02 3.9430e+01
2.4000e+02 5.2876e+02 4.3227e+01
2.7000e+02 5.8204e+02 3.6666e+01
3.0000e+02 4.9448e+02 2.3279e+01
3.3000e+02 4.7965e+02 2.6823e+01
/newplot
/plotname contrast2=0.5
0.0000e+00 5.1514e+02 4.1015e+01
3.0000e+01 5.4500e+02 4.5262e+01
6.0000e+01 5.2957e+02 4.9484e+01
9.0000e+01 5.2651e+02 4.1464e+01
1.2000e+02 5.3449e+02 4.3987e+01
1.5000e+02 5.5954e+02 5.0827e+01
1.8000e+02 5.5824e+02 5.7916e+01
2.1000e+02 5.4651e+02 4.7608e+01
2.4000e+02 5.5089e+02 5.2226e+01
2.7000e+02 5.1645e+02 3.5182e+01
3.0000e+02 5.1826e+02 2.5655e+01
3.3000e+02 5.1617e+02 3.4281e+01
/newplot
/plotname baseline
0.000000e+00 4.693381e+02
3.300000e+02 4.693381e+02
