/newplot
/plotname contrast2=0.0
0.0000e+00 4.8993e+02 5.5841e+01
3.0000e+01 4.6114e+02 3.9999e+01
6.0000e+01 4.5592e+02 3.4279e+01
9.0000e+01 4.5965e+02 2.8542e+01
1.2000e+02 4.8451e+02 3.8709e+01
1.5000e+02 4.8255e+02 3.6733e+01
1.8000e+02 4.5844e+02 3.3278e+01
2.1000e+02 4.6609e+02 3.1892e+01
2.4000e+02 4.4695e+02 2.2628e+01
2.7000e+02 4.7293e+02 2.8324e+01
3.0000e+02 4.9558e+02 4.1865e+01
3.3000e+02 4.9331e+02 2.1339e+01
/newplot
/plotname contrast2=0.5
0.0000e+00 4.9504e+02 5.6444e+01
3.0000e+01 4.9711e+02 2.5192e+01
6.0000e+01 5.0355e+02 1.7556e+01
9.0000e+01 4.9800e+02 2.9524e+01
1.2000e+02 5.0246e+02 4.2274e+01
1.5000e+02 5.1953e+02 3.5770e+01
1.8000e+02 4.9341e+02 3.3185e+01
2.1000e+02 5.0320e+02 5.9103e+01
2.4000e+02 5.1639e+02 4.9370e+01
2.7000e+02 5.0204e+02 5.0672e+01
3.0000e+02 4.9151e+02 2.2941e+01
3.3000e+02 5.1130e+02 2.9495e+01
/newplot
/plotname baseline
0.000000e+00 4.497337e+02
3.300000e+02 4.497337e+02
