/newplot
/plotname contrast2=0.0
0.0000e+00 5.7190e+02 4.9237e+01
3.0000e+01 5.2264e+02 2.1226e+01
6.0000e+01 5.3713e+02 2.4217e+01
9.0000e+01 5.2370e+02 2.6021e+01
1.2000e+02 5.5852e+02 1.7999e+01
1.5000e+02 5.6255e+02 3.0152e+01
1.8000e+02 5.6273e+02 2.9521e+01
2.1000e+02 5.3362e+02 3.9070e+01
2.4000e+02 5.3227e+02 1.4819e+01
2.7000e+02 5.4353e+02 1.9664e+01
3.0000e+02 5.5907e+02 2.5126e+01
3.3000e+02 5.8432e+02 3.2983e+01
/newplot
/plotname contrast2=0.5
0.0000e+00 5.7028e+02 4.4396e+01
3.0000e+01 5.7239e+02 3.4267e+01
6.0000e+01 5.8596e+02 1.9159e+01
9.0000e+01 5.5797e+02 2.2133e+01
1.2000e+02 5.8768e+02 3.8235e+01
1.5000e+02 5.8164e+02 2.8517e+01
1.8000e+02 5.6160e+02 2.3724e+01
2.1000e+02 5.7855e+02 4.0052e+01
2.4000e+02 6.0332e+02 2.8294e+01
2.7000e+02 5.8745e+02 4.5574e+01
3.0000e+02 5.7926e+02 3.0322e+01
3.3000e+02 5.7863e+02 3.4783e+01
/newplot
/plotname baseline
0.000000e+00 5.168300e+02
3.300000e+02 5.168300e+02
