/newplot
/plotname contrast2=0.0
0.0000e+00 4.7457e+02 1.8054e+01
3.0000e+01 4.6538e+02 1.3626e+01
6.0000e+01 4.3386e+02 1.9029e+01
9.0000e+01 4.1986e+02 1.8088e+01
1.2000e+02 4.2235e+02 1.4239e+01
1.5000e+02 4.2563e+02 1.6271e+01
1.8000e+02 5.1222e+02 4.9122e+01
2.1000e+02 5.1667e+02 3.0531e+01
2.4000e+02 4.3252e+02 2.7756e+01
2.7000e+02 4.1695e+02 1.7861e+01
3.0000e+02 4.1884e+02 1.5169e+01
3.3000e+02 4.3629e+02 1.7543e+01
/newplot
/plotname contrast2=0.5
0.0000e+00 4.6516e+02 2.9784e+01
3.0000e+01 4.7318e+02 3.1223e+01
6.0000e+01 4.4844e+02 2.3110e+01
9.0000e+01 4.7868e+02 2.1782e+01
1.2000e+02 5.0138e+02 3.9583e+01
1.5000e+02 4.4814e+02 1.2608e+01
1.8000e+02 4.9687e+02 3.6047e+01
2.1000e+02 5.0757e+02 2.9308e+01
2.4000e+02 4.5942e+02 1.9785e+01
2.7000e+02 4.7647e+02 2.6919e+01
3.0000e+02 4.6730e+02 3.0589e+01
3.3000e+02 4.4353e+02 1.6598e+01
/newplot
/plotname baseline
0.000000e+00 4.202659e+02
3.300000e+02 4.202659e+02
