/newplot
/plotname contrast2=0.0
0.0000e+00 5.0081e+02 3.9092e+01
3.0000e+01 4.7155e+02 1.2853e+01
6.0000e+01 4.8330e+02 2.6021e+01
9.0000e+01 4.7649e+02 1.9736e+01
1.2000e+02 5.2064e+02 1.2840e+01
1.5000e+02 5.1575e+02 1.7166e+01
1.8000e+02 4.8997e+02 2.2234e+01
2.1000e+02 4.8016e+02 1.9607e+01
2.4000e+02 4.9635e+02 5.0396e+00
2.7000e+02 4.9361e+02 1.5773e+01
3.0000e+02 5.2099e+02 1.4597e+01
3.3000e+02 5.3471e+02 2.7061e+01
/newplot
/plotname contrast2=0.5
0.0000e+00 5.1801e+02 2.2237e+01
3.0000e+01 5.2551e+02 3.4688e+01
6.0000e+01 5.3914e+02 2.6762e+01
9.0000e+01 5.1170e+02 1.7378e+01
1.2000e+02 5.3119e+02 3.5803e+01
1.5000e+02 5.2456e+02 1.7923e+01
1.8000e+02 5.1566e+02 3.8056e+01
2.1000e+02 5.4661e+02 3.7527e+01
2.4000e+02 5.6311e+02 1.7427e+01
2.7000e+02 5.2580e+02 2.9506e+01
3.0000e+02 5.1561e+02 9.6512e+00
3.3000e+02 5.3113e+02 3.4111e+01
/newplot
/plotname baseline
0.000000e+00 4.686364e+02
3.300000e+02 4.686364e+02
