/newplot
/plotname contrast2=0.0
0.0000e+00 5.5445e+02 1.9482e+01
3.0000e+01 4.9557e+02 2.4134e+01
6.0000e+01 4.9606e+02 2.3261e+01
9.0000e+01 4.8415e+02 2.0826e+01
1.2000e+02 4.7708e+02 2.0119e+01
1.5000e+02 4.9479e+02 2.5182e+01
1.8000e+02 5.5160e+02 3.6996e+01
2.1000e+02 4.9769e+02 3.2834e+01
2.4000e+02 4.9205e+02 1.8596e+01
2.7000e+02 4.8739e+02 1.0103e+01
3.0000e+02 4.8681e+02 2.9633e+01
3.3000e+02 5.1988e+02 2.1037e+01
/newplot
/plotname contrast2=0.5
0.0000e+00 5.5031e+02 3.5399e+01
3.0000e+01 5.1702e+02 1.6372e+01
6.0000e+01 5.1628e+02 2.0046e+01
9.0000e+01 5.2448e+02 2.7306e+01
1.2000e+02 5.1470e+02 3.5024e+01
1.5000e+02 5.3196e+02 2.8500e+01
1.8000e+02 5.7123e+02 5.1722e+01
2.1000e+02 5.0731e+02 1.2117e+01
2.4000e+02 5.1517e+02 1.5446e+01
2.7000e+02 5.4635e+02 4.1332e+01
3.0000e+02 4.9473e+02 1.4191e+01
3.3000e+02 5.0151e+02 2.9768e+01
/newplot
/plotname baseline
0.000000e+00 4.939933e+02
3.300000e+02 4.939933e+02
