/newplot
/plotname contrast2=0.0
0.0000e+00 7.4121e+02 4.5324e+01
3.0000e+01 6.6059e+02 3.6949e+01
6.0000e+01 6.3545e+02 3.5649e+01
9.0000e+01 6.2462e+02 3.9798e+01
1.2000e+02 6.5427e+02 4.5363e+01
1.5000e+02 6.6523e+02 4.7561e+01
1.8000e+02 7.6207e+02 7.9709e+01
2.1000e+02 7.1201e+02 5.8977e+01
2.4000e+02 6.5672e+02 2.9313e+01
2.7000e+02 6.3487e+02 3.7657e+01
3.0000e+02 6.4148e+02 5.7124e+01
3.3000e+02 6.9252e+02 4.2900e+01
/newplot
/plotname contrast2=0.5
0.0000e+00 7.1783e+02 5.2568e+01
3.0000e+01 7.0244e+02 4.3559e+01
6.0000e+01 7.0196e+02 2.1329e+01
9.0000e+01 7.3621e+02 4.3497e+01
1.2000e+02 7.2843e+02 6.7759e+01
1.5000e+02 6.9731e+02 3.8606e+01
1.8000e+02 7.3296e+02 5.6446e+01
2.1000e+02 7.0653e+02 3.4023e+01
2.4000e+02 6.9530e+02 4.6842e+01
2.7000e+02 7.3588e+02 6.1327e+01
3.0000e+02 7.0073e+02 5.3921e+01
3.3000e+02 6.7179e+02 4.1067e+01
/newplot
/plotname baseline
0.000000e+00 6.334570e+02
3.300000e+02 6.334570e+02
