/newplot
/plotname contrast2=0.0
0.0000e+00 8.0615e+02 3.9038e+01
3.0000e+01 7.4611e+02 1.8445e+01
6.0000e+01 7.6414e+02 4.2478e+01
9.0000e+01 7.4196e+02 3.2516e+01
1.2000e+02 7.5339e+02 8.5997e+00
1.5000e+02 7.8550e+02 2.2704e+01
1.8000e+02 7.9420e+02 3.4511e+01
2.1000e+02 7.8192e+02 3.3945e+01
2.4000e+02 7.6484e+02 2.1305e+01
2.7000e+02 7.6353e+02 1.4828e+01
3.0000e+02 7.7747e+02 2.5910e+01
3.3000e+02 7.8102e+02 1.0469e+01
/newplot
/plotname contrast2=0.5
0.0000e+00 7.7749e+02 2.5903e+01
3.0000e+01 7.9590e+02 4.1556e+01
6.0000e+01 8.0496e+02 2.6606e+01
9.0000e+01 7.9724e+02 2.1118e+01
1.2000e+02 7.9481e+02 4.1281e+01
1.5000e+02 8.0780e+02 3.4347e+01
1.8000e+02 7.9550e+02 2.8152e+01
2.1000e+02 8.0437e+02 3.3080e+01
2.4000e+02 8.0793e+02 2.7937e+01
2.7000e+02 7.9882e+02 4.0334e+01
3.0000e+02 7.9182e+02 2.2645e+01
3.3000e+02 7.9112e+02 3.4537e+01
/newplot
/plotname baseline
0.000000e+00 7.439095e+02
3.300000e+02 7.439095e+02
