/newplot
/plotname contrast2=0.0
0.0000e+00 5.9995e+02 3.7370e+01
3.0000e+01 5.9663e+02 3.4721e+01
6.0000e+01 6.3212e+02 3.3445e+01
9.0000e+01 5.9962e+02 4.8437e+01
1.2000e+02 5.9532e+02 4.1941e+01
1.5000e+02 5.7811e+02 4.9263e+01
1.8000e+02 6.0731e+02 4.9489e+01
2.1000e+02 6.3492e+02 5.4224e+01
2.4000e+02 6.5609e+02 3.4185e+01
2.7000e+02 6.2831e+02 4.7952e+01
3.0000e+02 6.0598e+02 4.0319e+01
3.3000e+02 6.0062e+02 3.5234e+01
/newplot
/plotname contrast2=0.5
0.0000e+00 6.1415e+02 3.7220e+01
3.0000e+01 6.3271e+02 5.6711e+01
6.0000e+01 6.2342e+02 3.6805e+01
9.0000e+01 6.3125e+02 2.6564e+01
1.2000e+02 6.4697e+02 4.5438e+01
1.5000e+02 6.4857e+02 4.4429e+01
1.8000e+02 6.2041e+02 5.2631e+01
2.1000e+02 6.4817e+02 6.0969e+01
2.4000e+02 6.7155e+02 4.1241e+01
2.7000e+02 6.3442e+02 3.7987e+01
3.0000e+02 6.2541e+02 3.9523e+01
3.3000e+02 6.3147e+02 3.8853e+01
/newplot
/plotname baseline
0.000000e+00 5.881001e+02
3.300000e+02 5.881001e+02
