/newplot
/plotname contrast2=0.0
0.0000e+00 5.9372e+02 3.0177e+01
3.0000e+01 5.2557e+02 2.1173e+01
6.0000e+01 5.2341e+02 1.1618e+01
9.0000e+01 5.1089e+02 2.1118e+01
1.2000e+02 5.3743e+02 2.1779e+01
1.5000e+02 5.8936e+02 4.1610e+01
1.8000e+02 6.5079e+02 5.2041e+01
2.1000e+02 5.6766e+02 2.3423e+01
2.4000e+02 5.2502e+02 2.0945e+01
2.7000e+02 5.2589e+02 2.3900e+01
3.0000e+02 5.2603e+02 2.3555e+01
3.3000e+02 5.6994e+02 2.7818e+01
/newplot
/plotname contrast2=0.5
0.0000e+00 5.7203e+02 2.9028e+01
3.0000e+01 5.6957e+02 3.0571e+01
6.0000e+01 5.9177e+02 3.0490e+01
9.0000e+01 6.1405e+02 2.6590e+01
1.2000e+02 5.8033e+02 4.3345e+01
1.5000e+02 5.9928e+02 1.2211e+01
1.8000e+02 6.2019e+02 4.1422e+01
2.1000e+02 5.7519e+02 2.7378e+01
2.4000e+02 5.8713e+02 3.4283e+01
2.7000e+02 5.7283e+02 3.6612e+01
3.0000e+02 5.6229e+02 3.0643e+01
3.3000e+02 5.6024e+02 2.3778e+01
/newplot
/plotname baseline
0.000000e+00 5.126186e+02
3.300000e+02 5.126186e+02
