/newplot
/plotname contrast2=0.0
0.0000e+00 4.9837e+02 1.2424e+01
3.0000e+01 4.9291e+02 9.7836e+00
6.0000e+01 5.2099e+02 1.3576e+01
9.0000e+01 5.5167e+02 2.5791e+01
1.2000e+02 5.3786e+02 1.8437e+01
1.5000e+02 4.9409e+02 1.6243e+01
1.8000e+02 5.0065e+02 2.3836e+01
2.1000e+02 5.1999e+02 3.3922e+01
2.4000e+02 5.3162e+02 2.9171e+01
2.7000e+02 5.4516e+02 1.9295e+01
3.0000e+02 5.2710e+02 3.2337e+01
3.3000e+02 5.1263e+02 2.0060e+01
/newplot
/plotname contrast2=0.5
0.0000e+00 5.3338e+02 2.9346e+01
3.0000e+01 5.4546e+02 3.8282e+01
6.0000e+01 5.3326e+02 2.1314e+01
9.0000e+01 5.3459e+02 1.9732e+01
1.2000e+02 5.5582e+02 3.7063e+01
1.5000e+02 5.3297e+02 2.6381e+01
1.8000e+02 5.5264e+02 2.4091e+01
2.1000e+02 5.7217e+02 3.9823e+01
2.4000e+02 5.6164e+02 3.0750e+01
2.7000e+02 5.4082e+02 2.3792e+01
3.0000e+02 5.3143e+02 1.1683e+01
3.3000e+02 5.3234e+02 2.6502e+01
/newplot
/plotname baseline
0.000000e+00 4.830241e+02
3.300000e+02 4.830241e+02
