/newplot
/plotname contrast2=0.0
0.0000e+00 6.3055e+02 4.3145e+01
3.0000e+01 6.3760e+02 5.4558e+01
6.0000e+01 6.4206e+02 3.2724e+01
9.0000e+01 6.4756e+02 5.9247e+01
1.2000e+02 6.3492e+02 4.5918e+01
1.5000e+02 6.2841e+02 5.2038e+01
1.8000e+02 6.3030e+02 6.7460e+01
2.1000e+02 6.5846e+02 8.1111e+01
2.4000e+02 6.6575e+02 5.7606e+01
2.7000e+02 6.5669e+02 5.9887e+01
3.0000e+02 6.3084e+02 3.6517e+01
3.3000e+02 6.5395e+02 5.9800e+01
/newplot
/plotname contrast2=0.5
0.0000e+00 6.6511e+02 4.9107e+01
3.0000e+01 6.7144e+02 6.9763e+01
6.0000e+01 6.6196e+02 4.2556e+01
9.0000e+01 6.5755e+02 3.5339e+01
1.2000e+02 6.7910e+02 4.6949e+01
1.5000e+02 6.8580e+02 7.1759e+01
1.8000e+02 6.6210e+02 7.3159e+01
2.1000e+02 6.7573e+02 5.0230e+01
2.4000e+02 6.8730e+02 4.0761e+01
2.7000e+02 6.6542e+02 2.6201e+01
3.0000e+02 6.5902e+02 6.7237e+01
3.3000e+02 6.5749e+02 7.2916e+01
/newplot
/plotname baseline
0.000000e+00 6.225121e+02
3.300000e+02 6.225121e+02
