/newplot
/plotname contrast2=0.0
0.0000e+00 7.6544e+02 7.2530e+01
3.0000e+01 7.3056e+02 6.5757e+01
6.0000e+01 7.1026e+02 7.3071e+01
9.0000e+01 6.9774e+02 7.5957e+01
1.2000e+02 7.1059e+02 7.8861e+01
1.5000e+02 7.3045e+02 7.9956e+01
1.8000e+02 8.6197e+02 1.1840e+02
2.1000e+02 8.1150e+02 1.1572e+02
2.4000e+02 7.2558e+02 9.1181e+01
2.7000e+02 7.0598e+02 8.0320e+01
3.0000e+02 7.0099e+02 1.0858e+02
3.3000e+02 7.0504e+02 5.8793e+01
/newplot
/plotname contrast2=0.5
0.0000e+00 7.5349e+02 9.2375e+01
3.0000e+01 7.5684e+02 8.6811e+01
6.0000e+01 7.5767e+02 6.6532e+01
9.0000e+01 8.2323e+02 7.9238e+01
1.2000e+02 8.0917e+02 8.5145e+01
1.5000e+02 7.7146e+02 8.1239e+01
1.8000e+02 8.4231e+02 1.0200e+02
2.1000e+02 7.7245e+02 7.7224e+01
2.4000e+02 7.4321e+02 6.6083e+01
2.7000e+02 7.6303e+02 6.9856e+01
3.0000e+02 7.7874e+02 1.1718e+02
3.3000e+02 7.2735e+02 6.0945e+01
/newplot
/plotname baseline
0.000000e+00 6.877742e+02
3.300000e+02 6.877742e+02
