/newplot
/plotname contrast2=0.0
0.0000e+00 5.4529e+02 8.4670e+01
3.0000e+01 5.2963e+02 3.0641e+01
6.0000e+01 6.3186e+02 1.0995e+02
9.0000e+01 5.9297e+02 7.5242e+01
1.2000e+02 5.7527e+02 1.0788e+02
1.5000e+02 5.5431e+02 8.7096e+01
1.8000e+02 5.5997e+02 8.2444e+01
2.1000e+02 5.7137e+02 7.6947e+01
2.4000e+02 6.5275e+02 7.5092e+01
2.7000e+02 6.1513e+02 7.3272e+01
3.0000e+02 5.6925e+02 7.7887e+01
3.3000e+02 5.4338e+02 5.5196e+01
/newplot
/plotname contrast2=0.5
0.0000e+00 5.9607e+02 8.0840e+01
3.0000e+01 5.8578e+02 9.5192e+01
6.0000e+01 6.1315e+02 6.0729e+01
9.0000e+01 6.0108e+02 9.4530e+01
1.2000e+02 6.0615e+02 1.1880e+02
1.5000e+02 6.1190e+02 7.6028e+01
1.8000e+02 6.2199e+02 9.6612e+01
2.1000e+02 6.3249e+02 1.2497e+02
2.4000e+02 6.6134e+02 1.0433e+02
2.7000e+02 6.0712e+02 9.6432e+01
3.0000e+02 5.7800e+02 8.1914e+01
3.3000e+02 5.8652e+02 5.5962e+01
/newplot
/plotname baseline
0.000000e+00 5.431996e+02
3.300000e+02 5.431996e+02
