/newplot
/plotname contrast2=0.0
0.0000e+00 6.4511e+02 2.1884e+01
3.0000e+01 6.2907e+02 6.7816e+00
6.0000e+01 6.8304e+02 3.4557e+01
9.0000e+01 7.3231e+02 1.6272e+01
1.2000e+02 6.7280e+02 1.0998e+01
1.5000e+02 6.3191e+02 3.0886e+01
1.8000e+02 6.3585e+02 2.4716e+01
2.1000e+02 6.4529e+02 3.8024e+01
2.4000e+02 6.8909e+02 3.1730e+01
2.7000e+02 7.3591e+02 3.1445e+01
3.0000e+02 6.5461e+02 2.6309e+01
3.3000e+02 6.4900e+02 2.0860e+01
/newplot
/plotname contrast2=0.5
0.0000e+00 6.8292e+02 2.6995e+01
3.0000e+01 6.8129e+02 3.6055e+01
6.0000e+01 6.7881e+02 1.3187e+01
9.0000e+01 6.8810e+02 2.6585e+01
1.2000e+02 7.0008e+02 5.1453e+01
1.5000e+02 6.9329e+02 2.8027e+01
1.8000e+02 7.2061e+02 3.1613e+01
2.1000e+02 7.2025e+02 3.1758e+01
2.4000e+02 7.1804e+02 2.7574e+01
2.7000e+02 7.0391e+02 3.5497e+01
3.0000e+02 6.6944e+02 1.5206e+01
3.3000e+02 6.7961e+02 1.5748e+01
/newplot
/plotname baseline
0.000000e+00 6.268622e+02
3.300000e+02 6.268622e+02
