/newplot
/plotname contrast2=0.0
0.0000e+00 6.6630e+02 1.7421e+01
3.0000e+01 5.9238e+02 2.6381e+01
6.0000e+01 5.8455e+02 2.4495e+01
9.0000e+01 5.8187e+02 2.9784e+01
1.2000e+02 6.0862e+02 3.3036e+01
1.5000e+02 6.6990e+02 4.6050e+01
1.8000e+02 6.8039e+02 4.8330e+01
2.1000e+02 6.2116e+02 3.6737e+01
2.4000e+02 5.9482e+02 1.6787e+01
2.7000e+02 5.9323e+02 2.8348e+01
3.0000e+02 6.0414e+02 2.7574e+01
3.3000e+02 6.4585e+02 2.4507e+01
/newplot
/plotname contrast2=0.5
0.0000e+00 6.3920e+02 2.3956e+01
3.0000e+01 6.3693e+02 3.1664e+01
6.0000e+01 6.6875e+02 1.4059e+01
9.0000e+01 6.6390e+02 3.5517e+01
1.2000e+02 6.6388e+02 5.4572e+01
1.5000e+02 6.7059e+02 2.4685e+01
1.8000e+02 6.8143e+02 3.9778e+01
2.1000e+02 6.4851e+02 3.2794e+01
2.4000e+02 6.5331e+02 1.8743e+01
2.7000e+02 6.4478e+02 2.3620e+01
3.0000e+02 6.4127e+02 3.3041e+01
3.3000e+02 6.3802e+02 3.1608e+01
/newplot
/plotname baseline
0.000000e+00 5.841394e+02
3.300000e+02 5.841394e+02
