/newplot
/plotname contrast2=0.0
0.0000e+00 6.2285e+02 5.2917e+01
3.0000e+01 5.9427e+02 5.4422e+01
6.0000e+01 6.0211e+02 5.2002e+01
9.0000e+01 6.0058e+02 6.9917e+01
1.2000e+02 6.4380e+02 4.1011e+01
1.5000e+02 6.3060e+02 5.7595e+01
1.8000e+02 6.4879e+02 5.6960e+01
2.1000e+02 6.2722e+02 8.3869e+01
2.4000e+02 6.1246e+02 4.3560e+01
2.7000e+02 6.1204e+02 6.0537e+01
3.0000e+02 6.0616e+02 5.6725e+01
3.3000e+02 6.2650e+02 5.1275e+01
/newplot
/plotname contrast2=0.5
0.0000e+00 6.3058e+02 6.1935e+01
3.0000e+01 6.3370e+02 5.5640e+01
6.0000e+01 6.3499e+02 5.5626e+01
9.0000e+01 6.5560e+02 5.4569e+01
1.2000e+02 6.6421e+02 6.0156e+01
1.5000e+02 6.6771e+02 6.1907e+01
1.8000e+02 6.5822e+02 1.0244e+02
2.1000e+02 6.3799e+02 6.6650e+01
2.4000e+02 6.4056e+02 3.2761e+01
2.7000e+02 6.4219e+02 4.9850e+01
3.0000e+02 6.3325e+02 7.6029e+01
3.3000e+02 6.2066e+02 6.1376e+01
/newplot
/plotname baseline
0.000000e+00 5.882457e+02
3.300000e+02 5.882457e+02
