/newplot
/plotname contrast2=0.0
0.0000e+00 5.1481e+02 1.1826e+01
3.0000e+01 4.5791e+02 1.5883e+01
6.0000e+01 4.4443e+02 1.0449e+01
9.0000e+01 4.3813e+02 1.4792e+01
1.2000e+02 4.3985e+02 1.3500e+01
1.5000e+02 4.5807e+02 1.9728e+01
1.8000e+02 5.3126e+02 3.9113e+01
2.1000e+02 4.8821e+02 3.4343e+01
2.4000e+02 4.5598e+02 1.8635e+01
2.7000e+02 4.4450e+02 3.0865e+01
3.0000e+02 4.4899e+02 1.9558e+01
3.3000e+02 4.7148e+02 1.7284e+01
/newplot
/plotname contrast2=0.5
0.0000e+00 5.0133e+02 3.0308e+01
3.0000e+01 4.9171e+02 2.5993e+01
6.0000e+01 4.8591e+02 1.3532e+01
9.0000e+01 5.1588e+02 2.1821e+01
1.2000e+02 4.9041e+02 3.6790e+01
1.5000e+02 4.7266e+02 8.9746e+00
1.8000e+02 5.3280e+02 3.1353e+01
2.1000e+02 5.0705e+02 2.9030e+01
2.4000e+02 4.8513e+02 1.6224e+01
2.7000e+02 5.1646e+02 3.6629e+01
3.0000e+02 4.8427e+02 1.5353e+01
3.3000e+02 4.7182e+02 1.4236e+01
/newplot
/plotname baseline
0.000000e+00 4.319066e+02
3.300000e+02 4.319066e+02
