/newplot
/plotname contrast2=0.0
0.0000e+00 5.8867e+02 2.8268e+01
3.0000e+01 5.8115e+02 8.1580e+00
6.0000e+01 6.2978e+02 2.4432e+01
9.0000e+01 6.8003e+02 2.6843e+01
1.2000e+02 6.5148e+02 2.1711e+01
1.5000e+02 5.8903e+02 2.0304e+01
1.8000e+02 5.9204e+02 2.3751e+01
2.1000e+02 5.9878e+02 3.2311e+01
2.4000e+02 6.4537e+02 2.6867e+01
2.7000e+02 6.7606e+02 3.2508e+01
3.0000e+02 6.2393e+02 1.6384e+01
3.3000e+02 6.0503e+02 1.7678e+01
/newplot
/plotname contrast2=0.5
0.0000e+00 6.3789e+02 2.5397e+01
3.0000e+01 6.5084e+02 4.2991e+01
6.0000e+01 6.3265e+02 1.4645e+01
9.0000e+01 6.3333e+02 2.8851e+01
1.2000e+02 6.4869e+02 4.9891e+01
1.5000e+02 6.4258e+02 2.7089e+01
1.8000e+02 6.5413e+02 3.1695e+01
2.1000e+02 6.6967e+02 4.5574e+01
2.4000e+02 6.6146e+02 2.9365e+01
2.7000e+02 6.3984e+02 3.8422e+01
3.0000e+02 6.3044e+02 1.8549e+01
3.3000e+02 6.2345e+02 3.2616e+01
/newplot
/plotname baseline
0.000000e+00 5.826660e+02
3.300000e+02 5.826660e+02
