/newplot
/plotname contrast2=0.0
0.0000e+00 6.3295e+02 1.9736e+01
3.0000e+01 5.8546e+02 2.2683e+01
6.0000e+01 5.7993e+02 1.6821e+01
9.0000e+01 5.6805e+02 2.9894e+01
1.2000e+02 5.7691e+02 1.8309e+01
1.5000e+02 6.2535e+02 2.6155e+01
1.8000e+02 6.5398e+02 3.8381e+01
2.1000e+02 6.0945e+02 4.7812e+01
2.4000e+02 5.7797e+02 2.8957e+01
2.7000e+02 5.8445e+02 2.9277e+01
3.0000e+02 5.7988e+02 3.1602e+01
3.3000e+02 6.5577e+02 1.7466e+01
/newplot
/plotname contrast2=0.5
0.0000e+00 6.3419e+02 2.7648e+01
3.0000e+01 6.2250e+02 3.6453e+01
6.0000e+01 6.4943e+02 2.7111e+01
9.0000e+01 6.4139e+02 1.3027e+01
1.2000e+02 6.2074e+02 5.2340e+01
1.5000e+02 6.3230e+02 3.0004e+01
1.8000e+02 6.5638e+02 4.5192e+01
2.1000e+02 6.3095e+02 2.9311e+01
2.4000e+02 6.5220e+02 1.8156e+01
2.7000e+02 6.4046e+02 2.1794e+01
3.0000e+02 6.1521e+02 3.5596e+01
3.3000e+02 6.3174e+02 2.5297e+01
/newplot
/plotname baseline
0.000000e+00 5.622943e+02
3.300000e+02 5.622943e+02
