/newplot
/plotname contrast2=0.0
0.0000e+00 7.4023e+02 5.2439e+01
3.0000e+01 7.1048e+02 3.1662e+01
6.0000e+01 7.0937e+02 5.1573e+01
9.0000e+01 6.7911e+02 4.1492e+01
1.2000e+02 6.8705e+02 3.7771e+01
1.5000e+02 7.1657e+02 5.1570e+01
1.8000e+02 8.1611e+02 8.4554e+01
2.1000e+02 7.6838e+02 6.3537e+01
2.4000e+02 7.1027e+02 4.9103e+01
2.7000e+02 6.8838e+02 4.6416e+01
3.0000e+02 7.1322e+02 6.1047e+01
3.3000e+02 7.0606e+02 5.4688e+01
/newplot
/plotname contrast2=0.5
0.0000e+00 7.3201e+02 5.3388e+01
3.0000e+01 7.4949e+02 5.6114e+01
6.0000e+01 7.4172e+02 4.4972e+01
9.0000e+01 7.7992e+02 5.5916e+01
1.2000e+02 7.8163e+02 7.2467e+01
1.5000e+02 7.7408e+02 3.9126e+01
1.8000e+02 7.9903e+02 8.2464e+01
2.1000e+02 7.4839e+02 5.5593e+01
2.4000e+02 7.4084e+02 4.6617e+01
2.7000e+02 7.4310e+02 5.3492e+01
3.0000e+02 7.4001e+02 6.2069e+01
3.3000e+02 7.1804e+02 4.7720e+01
/newplot
/plotname baseline
0.000000e+00 6.887563e+02
3.300000e+02 6.887563e+02
