/newplot
/plotname contrast2=0.0
0.0000e+00 6.8837e+02 1.6887e+01
3.0000e+01 6.9404e+02 3.0607e+01
6.0000e+01 7.3005e+02 4.0212e+01
9.0000e+01 7.8852e+02 2.6153e+01
1.2000e+02 7.5478e+02 2.5990e+01
1.5000e+02 6.8438e+02 2.3432e+01
1.8000e+02 6.9263e+02 1.9148e+01
2.1000e+02 6.9913e+02 3.8323e+01
2.4000e+02 7.3611e+02 2.4978e+01
2.7000e+02 8.1397e+02 4.4320e+01
3.0000e+02 7.6616e+02 3.5516e+01
3.3000e+02 7.0266e+02 1.2491e+01
/newplot
/plotname contrast2=0.5
0.0000e+00 7.3867e+02 4.4985e+01
3.0000e+01 7.5600e+02 4.5508e+01
6.0000e+01 7.4536e+02 3.1091e+01
9.0000e+01 7.3901e+02 2.3628e+01
1.2000e+02 7.3316e+02 4.1443e+01
1.5000e+02 7.4764e+02 4.2350e+01
1.8000e+02 7.6211e+02 4.6710e+01
2.1000e+02 7.7996e+02 3.1485e+01
2.4000e+02 7.6309e+02 2.8424e+01
2.7000e+02 7.4856e+02 3.8659e+01
3.0000e+02 7.4650e+02 1.9916e+01
3.3000e+02 7.0973e+02 2.5131e+01
/newplot
/plotname baseline
0.000000e+00 6.906436e+02
3.300000e+02 6.906436e+02
