/newplot
/plotname contrast2=0.0
0.0000e+00 7.2503e+02 6.6046e+01
3.0000e+01 6.7494e+02 5.7115e+01
6.0000e+01 6.7740e+02 5.9072e+01
9.0000e+01 6.5335e+02 6.2058e+01
1.2000e+02 6.9044e+02 5.4578e+01
1.5000e+02 7.2969e+02 7.1442e+01
1.8000e+02 7.6308e+02 9.5076e+01
2.1000e+02 7.1453e+02 7.8253e+01
2.4000e+02 6.7896e+02 5.6848e+01
2.7000e+02 6.7164e+02 4.4648e+01
3.0000e+02 6.8743e+02 6.7399e+01
3.3000e+02 7.1447e+02 7.1000e+01
/newplot
/plotname contrast2=0.5
0.0000e+00 7.1522e+02 6.7120e+01
3.0000e+01 7.2102e+02 6.1017e+01
6.0000e+01 7.3016e+02 5.6956e+01
9.0000e+01 7.4347e+02 5.9207e+01
1.2000e+02 7.3431e+02 7.5975e+01
1.5000e+02 7.4338e+02 7.0058e+01
1.8000e+02 7.4145e+02 8.2407e+01
2.1000e+02 7.2176e+02 6.2833e+01
2.4000e+02 7.3466e+02 4.9975e+01
2.7000e+02 7.2477e+02 5.5541e+01
3.0000e+02 7.2067e+02 6.5835e+01
3.3000e+02 7.0240e+02 6.4205e+01
/newplot
/plotname baseline
0.000000e+00 6.625586e+02
3.300000e+02 6.625586e+02
