/newplot
/plotname contrast2=0.0
0.0000e+00 6.0699e+02 2.6171e+01
3.0000e+01 5.6295e+02 4.5108e+01
6.0000e+01 5.6059e+02 2.3782e+01
9.0000e+01 5.3540e+02 2.2764e+01
1.2000e+02 5.4613e+02 1.7326e+01
1.5000e+02 5.9991e+02 2.5754e+01
1.8000e+02 5.9203e+02 3.1864e+01
2.1000e+02 5.9587e+02 7.7594e+01
2.4000e+02 5.7061e+02 5.5851e+01
2.7000e+02 5.4135e+02 1.8730e+01
3.0000e+02 5.7996e+02 3.9328e+01
3.3000e+02 7.0451e+02 2.5181e+01
/newplot
/plotname contrast2=0.5
0.0000e+00 5.9673e+02 2.9111e+01
3.0000e+01 5.9396e+02 3.3761e+01
6.0000e+01 6.1441e+02 3.7551e+01
9.0000e+01 5.9493e+02 1.7924e+01
1.2000e+02 5.9279e+02 2.9431e+01
1.5000e+02 6.0407e+02 1.8189e+01
1.8000e+02 5.8745e+02 2.7033e+01
2.1000e+02 6.0715e+02 5.1442e+01
2.4000e+02 7.2395e+02 8.1470e+01
2.7000e+02 6.2385e+02 5.2085e+01
3.0000e+02 5.7820e+02 2.7404e+01
3.3000e+02 6.7684e+02 7.0051e+01
/newplot
/plotname baseline
0.000000e+00 5.453939e+02
3.300000e+02 5.453939e+02
