/newplot
/plotname contrast2=0.0
0.0000e+00 5.0609e+02 6.6550e+01
3.0000e+01 4.3229e+02 1.4214e+01
6.0000e+01 4.2834e+02 6.6313e+01
9.0000e+01 3.9732e+02 2.6335e+01
1.2000e+02 4.2440e+02 5.2960e+01
1.5000e+02 4.3359e+02 6.3531e+01
1.8000e+02 5.3760e+02 6.2630e+01
2.1000e+02 4.8404e+02 4.3267e+01
2.4000e+02 4.1224e+02 2.9579e+01
2.7000e+02 4.0851e+02 2.5125e+01
3.0000e+02 4.1514e+02 4.9651e+01
3.3000e+02 4.1940e+02 2.3269e+01
/newplot
/plotname contrast2=0.5
0.0000e+00 4.6756e+02 3.9336e+01
3.0000e+01 4.6821e+02 2.9702e+01
6.0000e+01 4.4768e+02 2.8732e+01
9.0000e+01 4.9855e+02 4.7224e+01
1.2000e+02 4.9447e+02 7.6708e+01
1.5000e+02 4.3184e+02 2.2170e+01
1.8000e+02 4.9885e+02 3.7698e+01
2.1000e+02 5.0292e+02 5.6705e+01
2.4000e+02 4.6422e+02 5.2912e+01
2.7000e+02 4.8830e+02 7.9113e+01
3.0000e+02 4.5944e+02 3.3615e+01
3.3000e+02 4.2927e+02 2.0062e+01
/newplot
/plotname baseline
0.000000e+00 4.078406e+02
3.300000e+02 4.078406e+02
