/newplot
/plotname contrast2=0.0
0.0000e+00 5.6887e+02 4.0184e+01
3.0000e+01 5.5050e+02 1.8134e+01
6.0000e+01 6.1874e+02 4.6291e+01
9.0000e+01 6.2981e+02 5.3992e+01
1.2000e+02 5.9197e+02 2.2352e+01
1.5000e+02 5.5545e+02 2.8734e+01
1.8000e+02 5.5947e+02 3.3294e+01
2.1000e+02 5.7589e+02 3.4318e+01
2.4000e+02 6.1848e+02 4.0465e+01
2.7000e+02 6.7717e+02 4.6639e+01
3.0000e+02 5.8577e+02 3.7396e+01
3.3000e+02 5.5153e+02 2.8914e+01
/newplot
/plotname contrast2=0.5
0.0000e+00 6.0078e+02 4.3261e+01
3.0000e+01 6.2270e+02 4.9937e+01
6.0000e+01 6.1062e+02 3.6141e+01
9.0000e+01 6.0786e+02 2.5439e+01
1.2000e+02 6.2386e+02 5.6733e+01
1.5000e+02 6.2388e+02 3.8533e+01
1.8000e+02 6.4967e+02 6.3614e+01
2.1000e+02 6.6006e+02 6.1221e+01
2.4000e+02 6.4952e+02 5.6112e+01
2.7000e+02 6.4281e+02 5.7622e+01
3.0000e+02 6.0419e+02 2.7352e+01
3.3000e+02 5.9504e+02 1.8105e+01
/newplot
/plotname baseline
0.000000e+00 5.539528e+02
3.300000e+02 5.539528e+02
