/newplot
/plotname contrast2=0.0
0.0000e+00 5.5657e+02 5.9648e+01
3.0000e+01 5.3673e+02 2.5914e+01
6.0000e+01 5.8126e+02 5.0833e+01
9.0000e+01 6.1060e+02 4.6133e+01
1.2000e+02 6.2030e+02 3.4455e+01
1.5000e+02 5.6058e+02 4.2263e+01
1.8000e+02 5.4991e+02 4.1360e+01
2.1000e+02 5.6265e+02 5.7919e+01
2.4000e+02 5.8896e+02 3.1876e+01
2.7000e+02 6.2697e+02 4.2596e+01
3.0000e+02 5.9579e+02 4.3141e+01
3.3000e+02 5.5918e+02 4.2040e+01
/newplot
/plotname contrast2=0.5
0.0000e+00 5.9172e+02 3.9641e+01
3.0000e+01 6.2229e+02 5.5155e+01
6.0000e+01 5.9001e+02 3.6319e+01
9.0000e+01 6.0452e+02 3.5186e+01
1.2000e+02 6.3115e+02 7.2534e+01
1.5000e+02 6.0449e+02 5.2701e+01
1.8000e+02 6.0748e+02 5.5987e+01
2.1000e+02 6.3021e+02 6.5235e+01
2.4000e+02 6.1675e+02 5.0944e+01
2.7000e+02 6.0056e+02 6.2484e+01
3.0000e+02 5.9215e+02 3.6255e+01
3.3000e+02 5.8385e+02 3.8544e+01
/newplot
/plotname baseline
0.000000e+00 5.383637e+02
3.300000e+02 5.383637e+02
