/newplot
/plotname contrast2=0.0
0.0000e+00 6.0665e+02 2.1305e+01
3.0000e+01 6.0244e+02 2.8031e+01
6.0000e+01 6.1077e+02 1.4181e+01
9.0000e+01 5.7209e+02 2.4665e+01
1.2000e+02 5.9111e+02 1.5948e+01
1.5000e+02 5.8079e+02 2.4044e+01
1.8000e+02 6.1011e+02 3.4395e+01
2.1000e+02 6.3199e+02 3.3418e+01
2.4000e+02 6.1556e+02 2.6749e+01
2.7000e+02 5.9383e+02 2.2493e+01
3.0000e+02 5.8528e+02 2.3416e+01
3.3000e+02 6.0114e+02 1.6207e+01
/newplot
/plotname contrast2=0.5
0.0000e+00 6.2018e+02 2.6111e+01
3.0000e+01 6.4372e+02 4.6875e+01
6.0000e+01 6.0963e+02 1.8329e+01
9.0000e+01 6.3766e+02 3.0275e+01
1.2000e+02 6.4546e+02 3.7753e+01
1.5000e+02 6.3258e+02 1.7954e+01
1.8000e+02 6.3461e+02 4.2806e+01
2.1000e+02 6.7407e+02 5.7916e+01
2.4000e+02 6.4804e+02 2.8744e+01
2.7000e+02 6.2429e+02 2.5656e+01
3.0000e+02 6.2868e+02 2.2661e+01
3.3000e+02 6.3700e+02 2.7701e+01
/newplot
/plotname baseline
0.000000e+00 5.708696e+02
3.300000e+02 5.708696e+02
