/newplot
/plotname contrast2=0.0
0.0000e+00 6.3590e+02 3.7101e+01
3.0000e+01 5.2439e+02 1.7513e+01
6.0000e+01 5.1548e+02 2.5447e+01
9.0000e+01 4.9539e+02 2.4325e+01
1.2000e+02 5.1845e+02 1.6685e+01
1.5000e+02 5.3780e+02 2.6217e+01
1.8000e+02 5.6548e+02 3.3298e+01
2.1000e+02 5.4858e+02 3.7761e+01
2.4000e+02 5.2365e+02 3.1083e+01
2.7000e+02 5.1989e+02 2.4419e+01
3.0000e+02 5.1606e+02 2.0763e+01
3.3000e+02 5.9652e+02 2.6669e+01
/newplot
/plotname contrast2=0.5
0.0000e+00 5.9472e+02 3.0333e+01
3.0000e+01 5.6425e+02 3.3244e+01
6.0000e+01 5.5804e+02 2.3757e+01
9.0000e+01 5.5616e+02 1.3415e+01
1.2000e+02 5.6799e+02 5.5498e+01
1.5000e+02 5.5079e+02 1.1679e+01
1.8000e+02 5.5877e+02 2.1291e+01
2.1000e+02 5.7072e+02 4.7197e+01
2.4000e+02 5.8652e+02 2.2358e+01
2.7000e+02 6.1330e+02 6.7077e+01
3.0000e+02 5.6462e+02 1.6482e+01
3.3000e+02 5.6798e+02 2.7208e+01
/newplot
/plotname baseline
0.000000e+00 5.051623e+02
3.300000e+02 5.051623e+02
