/newplot
/plotname contrast2=0.0
0.0000e+00 4.8975e+02 1.2069e+01
3.0000e+01 4.8076e+02 2.5518e+01
6.0000e+01 5.0836e+02 2.1110e+01
9.0000e+01 5.7509e+02 1.6251e+01
1.2000e+02 6.2292e+02 4.5686e+01
1.5000e+02 4.9012e+02 2.4142e+01
1.8000e+02 4.7592e+02 1.7126e+01
2.1000e+02 4.9316e+02 2.9721e+01
2.4000e+02 5.2901e+02 2.7434e+01
2.7000e+02 6.0336e+02 5.1389e+01
3.0000e+02 5.5495e+02 3.0206e+01
3.3000e+02 4.9257e+02 1.0856e+01
/newplot
/plotname contrast2=0.5
0.0000e+00 5.4057e+02 3.5269e+01
3.0000e+01 6.1082e+02 4.7742e+01
6.0000e+01 5.3443e+02 2.7163e+01
9.0000e+01 5.3789e+02 4.2476e+01
1.2000e+02 5.5742e+02 5.4878e+01
1.5000e+02 5.3032e+02 3.5001e+01
1.8000e+02 5.5647e+02 4.0170e+01
2.1000e+02 5.6808e+02 2.9264e+01
2.4000e+02 5.5022e+02 1.9212e+01
2.7000e+02 5.2577e+02 3.2574e+01
3.0000e+02 5.2729e+02 2.0528e+01
3.3000e+02 5.1007e+02 1.6595e+01
/newplot
/plotname baseline
0.000000e+00 4.844672e+02
3.300000e+02 4.844672e+02
