/newplot
/plotname contrast2=0.0
0.0000e+00 5.6209e+02 2.5693e+01
3.0000e+01 5.2521e+02 2.7295e+01
6.0000e+01 5.4194e+02 9.1690e+00
9.0000e+01 5.2419e+02 2.6085e+01
1.2000e+02 5.2557e+02 2.3994e+01
1.5000e+02 5.8109e+02 2.6257e+01
1.8000e+02 5.5914e+02 1.9200e+01
2.1000e+02 5.4087e+02 2.9424e+01
2.4000e+02 5.2853e+02 1.9973e+01
2.7000e+02 5.3671e+02 1.0969e+01
3.0000e+02 5.4037e+02 2.3777e+01
3.3000e+02 5.9864e+02 2.2265e+01
/newplot
/plotname contrast2=0.5
0.0000e+00 5.4999e+02 2.8677e+01
3.0000e+01 5.6820e+02 2.7734e+01
6.0000e+01 5.8136e+02 2.4622e+01
9.0000e+01 5.5650e+02 8.6871e+00
1.2000e+02 5.5814e+02 2.1759e+01
1.5000e+02 5.7036e+02 2.3794e+01
1.8000e+02 5.6264e+02 3.0752e+01
2.1000e+02 5.6574e+02 2.2093e+01
2.4000e+02 5.9493e+02 2.1171e+01
2.7000e+02 5.6719e+02 2.9055e+01
3.0000e+02 5.6608e+02 2.4962e+01
3.3000e+02 5.8414e+02 3.0221e+01
/newplot
/plotname baseline
0.000000e+00 5.123978e+02
3.300000e+02 5.123978e+02
