/newplot
/plotname contrast2=0.0
0.0000e+00 5.3850e+02 3.4166e+01
3.0000e+01 5.2881e+02 1.8684e+01
6.0000e+01 5.6180e+02 3.0348e+01
9.0000e+01 5.3417e+02 3.2120e+01
1.2000e+02 5.4492e+02 2.1557e+01
1.5000e+02 5.2510e+02 3.0164e+01
1.8000e+02 5.3815e+02 3.1494e+01
2.1000e+02 5.6902e+02 3.9105e+01
2.4000e+02 5.6828e+02 2.7714e+01
2.7000e+02 5.5326e+02 3.1825e+01
3.0000e+02 5.4596e+02 3.7348e+01
3.3000e+02 5.4273e+02 1.8832e+01
/newplot
/plotname contrast2=0.5
0.0000e+00 5.6415e+02 2.8175e+01
3.0000e+01 5.8459e+02 5.7497e+01
6.0000e+01 5.8036e+02 2.9710e+01
9.0000e+01 5.7067e+02 3.2660e+01
1.2000e+02 5.9592e+02 5.7408e+01
1.5000e+02 5.8600e+02 3.9422e+01
1.8000e+02 5.9182e+02 4.6405e+01
2.1000e+02 6.1925e+02 6.9588e+01
2.4000e+02 6.1157e+02 2.5943e+01
2.7000e+02 5.7830e+02 4.1867e+01
3.0000e+02 5.7433e+02 3.1410e+01
3.3000e+02 5.7736e+02 3.1986e+01
/newplot
/plotname baseline
0.000000e+00 5.133282e+02
3.300000e+02 5.133282e+02
