/newplot
/plotname contrast2=0.0
0.0000e+00 4.8815e+02 2.5104e+01
3.0000e+01 4.7968e+02 9.7376e+00
6.0000e+01 5.1503e+02 1.6072e+01
9.0000e+01 5.2270e+02 2.0384e+01
1.2000e+02 5.4409e+02 3.6655e+01
1.5000e+02 4.7254e+02 3.5343e+01
1.8000e+02 4.7682e+02 1.9763e+01
2.1000e+02 5.0627e+02 4.2286e+01
2.4000e+02 5.1400e+02 2.8376e+01
2.7000e+02 5.2680e+02 3.6454e+01
3.0000e+02 5.4353e+02 2.4636e+01
3.3000e+02 4.9190e+02 1.7346e+01
/newplot
/plotname contrast2=0.5
0.0000e+00 5.2570e+02 3.7264e+01
3.0000e+01 5.6935e+02 5.5068e+01
6.0000e+01 5.0650e+02 2.7223e+01
9.0000e+01 5.2577e+02 2.4733e+01
1.2000e+02 5.5487e+02 4.1519e+01
1.5000e+02 5.3099e+02 3.0175e+01
1.8000e+02 5.1265e+02 3.3978e+01
2.1000e+02 5.7307e+02 4.8974e+01
2.4000e+02 5.4915e+02 3.4511e+01
2.7000e+02 5.2341e+02 3.9479e+01
3.0000e+02 5.3907e+02 1.6387e+01
3.3000e+02 5.2705e+02 3.4481e+01
/newplot
/plotname baseline
0.000000e+00 4.677757e+02
3.300000e+02 4.677757e+02
