/newplot
/plotname contrast2=0.0
0.0000e+00 5.9062e+02 1.1371e+02
3.0000e+01 5.2392e+02 3.1474e+01
6.0000e+01 5.5854e+02 7.6525e+01
9.0000e+01 5.3443e+02 5.1156e+01
1.2000e+02 5.8808e+02 9.3993e+01
1.5000e+02 6.1706e+02 1.0646e+02
1.8000e+02 5.7374e+02 7.7114e+01
2.1000e+02 5.4606e+02 6.7600e+01
2.4000e+02 5.4128e+02 5.7659e+01
2.7000e+02 5.4857e+02 5.3301e+01
3.0000e+02 5.8237e+02 8.1692e+01
3.3000e+02 5.8310e+02 4.4676e+01
/newplot
/plotname contrast2=0.5
0.0000e+00 5.6317e+02 7.9981e+01
3.0000e+01 5.8599e+02 7.7469e+01
6.0000e+01 6.0199e+02 5.4569e+01
9.0000e+01 5.7963e+02 6.9981e+01
1.2000e+02 5.9965e+02 1.0270e+02
1.5000e+02 5.9349e+02 3.9656e+01
1.8000e+02 5.6772e+02 5.6575e+01
2.1000e+02 6.0775e+02 1.1831e+02
2.4000e+02 6.4230e+02 1.1616e+02
2.7000e+02 5.9894e+02 1.1511e+02
3.0000e+02 6.0128e+02 6.7564e+01
3.3000e+02 5.8117e+02 7.0997e+01
/newplot
/plotname baseline
0.000000e+00 5.403649e+02
3.300000e+02 5.403649e+02
