/newplot
/plotname contrast2=0.0
0.0000e+00 5.2066e+02 3.9640e+01
3.0000e+01 4.6206e+02 1.3754e+01
6.0000e+01 4.3884e+02 4.1369e+01
9.0000e+01 4.1937e+02 2.0920e+01
1.2000e+02 4.3675e+02 3.2017e+01
1.5000e+02 4.5080e+02 3.0254e+01
1.8000e+02 5.4274e+02 5.3627e+01
2.1000e+02 5.0608e+02 3.6353e+01
2.4000e+02 4.4449e+02 3.5917e+01
2.7000e+02 4.3202e+02 2.4386e+01
3.0000e+02 4.3185e+02 3.7368e+01
3.3000e+02 4.5340e+02 2.8553e+01
/newplot
/plotname contrast2=0.5
0.0000e+00 4.9412e+02 3.2301e+01
3.0000e+01 4.9115e+02 2.4681e+01
6.0000e+01 4.5560e+02 1.9332e+01
9.0000e+01 5.1079e+02 3.0324e+01
1.2000e+02 4.9653e+02 5.6417e+01
1.5000e+02 4.5771e+02 2.3161e+01
1.8000e+02 5.2108e+02 4.7134e+01
2.1000e+02 5.1044e+02 5.0149e+01
2.4000e+02 4.8129e+02 4.3487e+01
2.7000e+02 5.0382e+02 5.3995e+01
3.0000e+02 4.7488e+02 3.0295e+01
3.3000e+02 4.5174e+02 2.3679e+01
/newplot
/plotname baseline
0.000000e+00 4.239939e+02
3.300000e+02 4.239939e+02
