/newplot
/plotname contrast2=0.0
0.0000e+00 5.1131e+02 1.9118e+01
3.0000e+01 5.0210e+02 1.7332e+01
6.0000e+01 4.9383e+02 1.4187e+01
9.0000e+01 5.0305e+02 1.4754e+01
1.2000e+02 5.0197e+02 1.1826e+01
1.5000e+02 5.0217e+02 1.1505e+01
1.8000e+02 4.9274e+02 1.5430e+01
2.1000e+02 5.0401e+02 1.3489e+01
2.4000e+02 5.0182e+02 1.2255e+01
2.7000e+02 5.1138e+02 2.0502e+01
3.0000e+02 5.2157e+02 1.4583e+01
3.3000e+02 5.0559e+02 1.8070e+01
/newplot
/plotname contrast2=0.5
0.0000e+00 5.1604e+02 8.4536e+00
3.0000e+01 5.0365e+02 1.6072e+01
6.0000e+01 4.9852e+02 1.1854e+01
9.0000e+01 5.0825e+02 1.5513e+01
1.2000e+02 5.1198e+02 1.9677e+01
1.5000e+02 4.9996e+02 1.4615e+01
1.8000e+02 5.2102e+02 6.9731e+00
2.1000e+02 5.2381e+02 1.0940e+01
2.4000e+02 5.2209e+02 1.5749e+01
2.7000e+02 5.1650e+02 1.2961e+01
3.0000e+02 5.1585e+02 1.4204e+01
3.3000e+02 5.0880e+02 1.5977e+01
/newplot
/plotname baseline
0.000000e+00 4.856379e+02
3.300000e+02 4.856379e+02
