/newplot
/plotname contrast2=0.0
0.0000e+00 9.1857e+02 2.4798e+01
3.0000e+01 8.9872e+02 2.4526e+01
6.0000e+01 9.0413e+02 2.0583e+01
9.0000e+01 9.1720e+02 1.6045e+01
1.2000e+02 9.1411e+02 3.0819e+01
1.5000e+02 9.3160e+02 2.2411e+01
1.8000e+02 9.2152e+02 2.4989e+01
2.1000e+02 9.0568e+02 2.1607e+01
2.4000e+02 9.2019e+02 3.1630e+01
2.7000e+02 9.2292e+02 4.1858e+01
3.0000e+02 8.9852e+02 2.3530e+01
3.3000e+02 9.0493e+02 4.0210e+01
/newplot
/plotname contrast2=0.5
0.0000e+00 9.1840e+02 1.6537e+01
3.0000e+01 9.3158e+02 1.5136e+01
6.0000e+01 9.1300e+02 2.8030e+01
9.0000e+01 9.2098e+02 2.3071e+01
1.2000e+02 9.0992e+02 4.3177e+01
1.5000e+02 9.0513e+02 2.1820e+01
1.8000e+02 9.1618e+02 2.4690e+01
2.1000e+02 9.3234e+02 2.6512e+01
2.4000e+02 9.3250e+02 1.8535e+01
2.7000e+02 9.3862e+02 3.0302e+01
3.0000e+02 9.0248e+02 2.2626e+01
3.3000e+02 9.1499e+02 2.8950e+01
/newplot
/plotname baseline
0.000000e+00 9.079543e+02
3.300000e+02 9.079543e+02
