/newplot
/plotname contrast2=0.0
0.0000e+00 6.8280e+02 2.6230e+01
3.0000e+01 6.5288e+02 1.5444e+01
6.0000e+01 6.4421e+02 2.6034e+01
9.0000e+01 6.2082e+02 2.1789e+01
1.2000e+02 6.4012e+02 1.7244e+01
1.5000e+02 6.7276e+02 3.7394e+01
1.8000e+02 6.7024e+02 2.3625e+01
2.1000e+02 6.4716e+02 1.8449e+01
2.4000e+02 6.6643e+02 2.7749e+01
2.7000e+02 6.5034e+02 2.8582e+01
3.0000e+02 6.6768e+02 2.0670e+01
3.3000e+02 6.8963e+02 3.4104e+01
/newplot
/plotname contrast2=0.5
0.0000e+00 6.6704e+02 2.6694e+01
3.0000e+01 6.6708e+02 1.7006e+01
6.0000e+01 6.4285e+02 1.2734e+01
9.0000e+01 6.4683e+02 1.9563e+01
1.2000e+02 6.6043e+02 2.3214e+01
1.5000e+02 6.4714e+02 5.0893e+01
1.8000e+02 6.6447e+02 2.3622e+01
2.1000e+02 6.8415e+02 4.7055e+01
2.4000e+02 6.7045e+02 4.2943e+01
2.7000e+02 6.7072e+02 3.9082e+01
3.0000e+02 6.6262e+02 2.7139e+01
3.3000e+02 6.7681e+02 2.0126e+01
/newplot
/plotname baseline
0.000000e+00 6.354158e+02
3.300000e+02 6.354158e+02
