/newplot
/plotname contrast2=0.0
0.0000e+00 5.6594e+02 2.6249e+01
3.0000e+01 5.3168e+02 1.9539e+01
6.0000e+01 4.9537e+02 2.3541e+01
9.0000e+01 5.0365e+02 2.2816e+01
1.2000e+02 5.0793e+02 2.8493e+01
1.5000e+02 5.5023e+02 9.1229e+00
1.8000e+02 5.8331e+02 2.2332e+01
2.1000e+02 5.2939e+02 1.0294e+01
2.4000e+02 5.1417e+02 2.1084e+01
2.7000e+02 5.0062e+02 1.2906e+01
3.0000e+02 5.0622e+02 1.3129e+01
3.3000e+02 5.2111e+02 2.2219e+01
/newplot
/plotname contrast2=0.5
0.0000e+00 5.4724e+02 2.6299e+01
3.0000e+01 5.1715e+02 8.2825e+00
6.0000e+01 5.2818e+02 5.8783e+00
9.0000e+01 5.6483e+02 1.9623e+01
1.2000e+02 5.2320e+02 3.3013e+01
1.5000e+02 5.2744e+02 1.9161e+01
1.8000e+02 5.6524e+02 1.8086e+01
2.1000e+02 5.2689e+02 1.7970e+01
2.4000e+02 5.0899e+02 1.9060e+01
2.7000e+02 5.3315e+02 1.3026e+01
3.0000e+02 5.1108e+02 1.0186e+01
3.3000e+02 5.1337e+02 1.0958e+01
/newplot
/plotname baseline
0.000000e+00 5.018830e+02
3.300000e+02 5.018830e+02
