/newplot
/plotname contrast2=0.0
0.0000e+00 6.3686e+02 1.4948e+01
3.0000e+01 6.4724e+02 1.2133e+01
6.0000e+01 6.6446e+02 3.1865e+01
9.0000e+01 6.5195e+02 2.1866e+01
1.2000e+02 6.4008e+02 1.1633e+01
1.5000e+02 6.3776e+02 1.4017e+01
1.8000e+02 6.3997e+02 9.8858e+00
2.1000e+02 6.4389e+02 1.1287e+01
2.4000e+02 6.7310e+02 2.4752e+01
2.7000e+02 6.5539e+02 1.6377e+01
3.0000e+02 6.4239e+02 9.5629e+00
3.3000e+02 6.4309e+02 1.8910e+01
/newplot
/plotname contrast2=0.5
0.0000e+00 6.5315e+02 1.3523e+01
3.0000e+01 6.4856e+02 1.0443e+01
6.0000e+01 6.4216e+02 1.7642e+01
9.0000e+01 6.5141e+02 1.4700e+01
1.2000e+02 6.4875e+02 2.1196e+01
1.5000e+02 6.6689e+02 1.2267e+01
1.8000e+02 6.5534e+02 1.6743e+01
2.1000e+02 6.4878e+02 1.6172e+01
2.4000e+02 6.5963e+02 1.8235e+01
2.7000e+02 6.5314e+02 1.7668e+01
3.0000e+02 6.4433e+02 2.1554e+01
3.3000e+02 6.5073e+02 2.1870e+01
/newplot
/plotname baseline
0.000000e+00 6.352963e+02
3.300000e+02 6.352963e+02
