/newplot
/plotname contrast2=0.0
0.0000e+00 8.7057e+02 2.6972e+01
3.0000e+01 8.3123e+02 2.4647e+01
6.0000e+01 8.2316e+02 3.1015e+01
9.0000e+01 8.2752e+02 1.2302e+01
1.2000e+02 8.3215e+02 2.2214e+01
1.5000e+02 8.5299e+02 1.9624e+01
1.8000e+02 8.5566e+02 1.4872e+01
2.1000e+02 8.4119e+02 1.5532e+01
2.4000e+02 8.3312e+02 1.9066e+01
2.7000e+02 8.2403e+02 2.3969e+01
3.0000e+02 8.4444e+02 2.8428e+01
3.3000e+02 8.6369e+02 2.6730e+01
/newplot
/plotname contrast2=0.5
0.0000e+00 8.5289e+02 2.3438e+01
3.0000e+01 8.2904e+02 1.5661e+01
6.0000e+01 8.3922e+02 6.6704e+00
9.0000e+01 8.4211e+02 1.9233e+01
1.2000e+02 8.2741e+02 3.3991e+01
1.5000e+02 8.3565e+02 3.1096e+01
1.8000e+02 8.4699e+02 2.1922e+01
2.1000e+02 8.5201e+02 1.1218e+01
2.4000e+02 8.5798e+02 3.0287e+01
2.7000e+02 8.6412e+02 8.5158e+00
3.0000e+02 8.5420e+02 1.5448e+01
3.3000e+02 8.4617e+02 1.4950e+01
/newplot
/plotname baseline
0.000000e+00 8.217040e+02
3.300000e+02 8.217040e+02
