/newplot
/plotname contrast2=0.0
0.0000e+00 5.4898e+02 1.5864e+01
3.0000e+01 5.3953e+02 1.1793e+01
6.0000e+01 5.5602e+02 2.4152e+01
9.0000e+01 5.7637e+02 4.1668e+01
1.2000e+02 5.3929e+02 2.1108e+01
1.5000e+02 5.4866e+02 2.2613e+01
1.8000e+02 5.4307e+02 2.1938e+01
2.1000e+02 5.5073e+02 2.6897e+01
2.4000e+02 5.5535e+02 1.1058e+01
2.7000e+02 6.4771e+02 5.2205e+01
3.0000e+02 5.7254e+02 2.0249e+01
3.3000e+02 5.4624e+02 2.4483e+01
/newplot
/plotname contrast2=0.5
0.0000e+00 5.6787e+02 2.5886e+01
3.0000e+01 5.9186e+02 5.2412e+01
6.0000e+01 5.9298e+02 6.7623e+01
9.0000e+01 5.4916e+02 1.5820e+01
1.2000e+02 5.5132e+02 2.3330e+01
1.5000e+02 5.5356e+02 2.5816e+01
1.8000e+02 5.8185e+02 1.9646e+01
2.1000e+02 5.8345e+02 4.1383e+01
2.4000e+02 5.4419e+02 1.6268e+01
2.7000e+02 6.0194e+02 2.8561e+01
3.0000e+02 5.5843e+02 3.0786e+01
3.3000e+02 5.4826e+02 2.0877e+01
/newplot
/plotname baseline
0.000000e+00 5.439140e+02
3.300000e+02 5.439140e+02
