/newplot
/plotname contrast2=0.0
0.0000e+00 5.4486e+02 3.1999e+01
3.0000e+01 5.3692e+02 1.4799e+01
6.0000e+01 5.3151e+02 2.3719e+01
9.0000e+01 5.3805e+02 1.6048e+01
1.2000e+02 5.5303e+02 1.3821e+01
1.5000e+02 5.4705e+02 1.8025e+01
1.8000e+02 5.4014e+02 1.7295e+01
2.1000e+02 5.3144e+02 1.9512e+01
2.4000e+02 5.2848e+02 1.1806e+01
2.7000e+02 5.3658e+02 1.4619e+01
3.0000e+02 5.5026e+02 2.6147e+01
3.3000e+02 5.4624e+02 1.5624e+01
/newplot
/plotname contrast2=0.5
0.0000e+00 5.4971e+02 1.0218e+01
3.0000e+01 5.3238e+02 1.0545e+01
6.0000e+01 5.4541e+02 1.8634e+01
9.0000e+01 5.3661e+02 1.6310e+01
1.2000e+02 5.5643e+02 2.8288e+01
1.5000e+02 5.3203e+02 8.7887e+00
1.8000e+02 5.5556e+02 1.6761e+01
2.1000e+02 5.4490e+02 1.7339e+01
2.4000e+02 5.4674e+02 1.0880e+01
2.7000e+02 5.3817e+02 2.0376e+01
3.0000e+02 5.4478e+02 1.1316e+01
3.3000e+02 5.5444e+02 2.1931e+01
/newplot
/plotname baseline
0.000000e+00 5.319638e+02
3.300000e+02 5.319638e+02
