/newplot
/plotname contrast2=0.0
0.0000e+00 6.8347e+02 2.8342e+01
3.0000e+01 6.5171e+02 2.2552e+01
6.0000e+01 6.3984e+02 2.5084e+01
9.0000e+01 6.6520e+02 2.8963e+01
1.2000e+02 6.6795e+02 1.4628e+01
1.5000e+02 6.6734e+02 3.0647e+01
1.8000e+02 6.8019e+02 4.8600e+01
2.1000e+02 6.7543e+02 2.2579e+01
2.4000e+02 6.4562e+02 2.8131e+01
2.7000e+02 6.4510e+02 1.9459e+01
3.0000e+02 6.3500e+02 1.0120e+01
3.3000e+02 6.9654e+02 2.7068e+01
/newplot
/plotname contrast2=0.5
0.0000e+00 6.8429e+02 1.9662e+01
3.0000e+01 6.6877e+02 3.2305e+01
6.0000e+01 6.4730e+02 2.9141e+01
9.0000e+01 6.6704e+02 3.1383e+01
1.2000e+02 6.6513e+02 4.1584e+01
1.5000e+02 6.7808e+02 3.2091e+01
1.8000e+02 6.7627e+02 4.5211e+01
2.1000e+02 6.5395e+02 3.7233e+01
2.4000e+02 6.8062e+02 1.4382e+01
2.7000e+02 6.6959e+02 3.5212e+01
3.0000e+02 6.5911e+02 2.4640e+01
3.3000e+02 6.5136e+02 3.0836e+01
/newplot
/plotname baseline
0.000000e+00 6.484001e+02
3.300000e+02 6.484001e+02
