/newplot
/plotname contrast2=0.0
0.0000e+00 4.6014e+02 1.6170e+01
3.0000e+01 4.9072e+02 1.6179e+01
6.0000e+01 4.3273e+02 1.6591e+01
9.0000e+01 4.3783e+02 1.5560e+01
1.2000e+02 4.3821e+02 1.4814e+01
1.5000e+02 4.4365e+02 1.4249e+01
1.8000e+02 4.7709e+02 1.6298e+01
2.1000e+02 4.8415e+02 1.8999e+01
2.4000e+02 4.4589e+02 5.4238e+00
2.7000e+02 4.3563e+02 9.3458e+00
3.0000e+02 4.3861e+02 1.5464e+01
3.3000e+02 4.4848e+02 6.2952e+00
/newplot
/plotname contrast2=0.5
0.0000e+00 4.5108e+02 1.5874e+01
3.0000e+01 4.6350e+02 6.7525e+00
6.0000e+01 4.4255e+02 1.2400e+01
9.0000e+01 4.5636e+02 2.0841e+01
1.2000e+02 4.6474e+02 3.3038e+01
1.5000e+02 4.4291e+02 1.4094e+01
1.8000e+02 4.8015e+02 1.5044e+01
2.1000e+02 4.7821e+02 2.9574e+01
2.4000e+02 4.4972e+02 1.4644e+01
2.7000e+02 4.5698e+02 1.9612e+01
3.0000e+02 4.5590e+02 1.1592e+01
3.3000e+02 4.4626e+02 1.1908e+01
/newplot
/plotname baseline
0.000000e+00 4.387391e+02
3.300000e+02 4.387391e+02
