/newplot
/plotname contrast2=0.0
0.0000e+00 7.9362e+02 2.2686e+01
3.0000e+01 7.4746e+02 1.3257e+01
6.0000e+01 7.5548e+02 1.9145e+01
9.0000e+01 7.3453e+02 9.6632e+00
1.2000e+02 7.5677e+02 1.2292e+01
1.5000e+02 7.8800e+02 2.0209e+01
1.8000e+02 7.9382e+02 2.9100e+01
2.1000e+02 7.7368e+02 1.2968e+01
2.4000e+02 7.5229e+02 2.7713e+01
2.7000e+02 7.4020e+02 2.6681e+01
3.0000e+02 7.6451e+02 2.7128e+01
3.3000e+02 7.7687e+02 1.6088e+01
/newplot
/plotname contrast2=0.5
0.0000e+00 7.8309e+02 1.4417e+01
3.0000e+01 7.6223e+02 2.3327e+01
6.0000e+01 7.5598e+02 1.2297e+01
9.0000e+01 7.7925e+02 2.7080e+01
1.2000e+02 7.4905e+02 2.8676e+01
1.5000e+02 7.7253e+02 2.3045e+01
1.8000e+02 7.8811e+02 1.8742e+01
2.1000e+02 7.6356e+02 1.7864e+01
2.4000e+02 7.7956e+02 2.2465e+01
2.7000e+02 7.7069e+02 2.5732e+01
3.0000e+02 7.6561e+02 2.3154e+01
3.3000e+02 7.5185e+02 1.7119e+01
/newplot
/plotname baseline
0.000000e+00 7.501058e+02
3.300000e+02 7.501058e+02
