/newplot
/plotname contrast2=0.0
0.0000e+00 7.1984e+02 1.3316e+01
3.0000e+01 6.8819e+02 2.5248e+01
6.0000e+01 6.8494e+02 2.4824e+01
9.0000e+01 6.9273e+02 3.4569e+01
1.2000e+02 6.9373e+02 2.0038e+01
1.5000e+02 7.0215e+02 3.2406e+01
1.8000e+02 6.8954e+02 3.2301e+01
2.1000e+02 6.8100e+02 2.4938e+01
2.4000e+02 6.7691e+02 2.3620e+01
2.7000e+02 7.0319e+02 3.9145e+01
3.0000e+02 6.9194e+02 2.3757e+01
3.3000e+02 7.2655e+02 5.0478e+01
/newplot
/plotname contrast2=0.5
0.0000e+00 6.8781e+02 2.9416e+01
3.0000e+01 7.3000e+02 2.3115e+01
6.0000e+01 7.2128e+02 2.3751e+01
9.0000e+01 6.9738e+02 5.0675e+01
1.2000e+02 7.0236e+02 3.9215e+01
1.5000e+02 6.8487e+02 3.7539e+01
1.8000e+02 6.9895e+02 2.1680e+01
2.1000e+02 6.8179e+02 2.7930e+01
2.4000e+02 7.2764e+02 2.3568e+01
2.7000e+02 7.1252e+02 4.3636e+01
3.0000e+02 7.0242e+02 5.9834e+01
3.3000e+02 6.9686e+02 1.2856e+01
/newplot
/plotname baseline
0.000000e+00 6.885622e+02
3.300000e+02 6.885622e+02
