/newplot
/plotname contrast2=0.0
0.0000e+00 1.0413e+03 4.9210e+01
3.0000e+01 1.0026e+03 3.7654e+01
6.0000e+01 1.0131e+03 4.4093e+01
9.0000e+01 1.0206e+03 3.3756e+01
1.2000e+02 1.0160e+03 3.2393e+01
1.5000e+02 1.0231e+03 4.1182e+01
1.8000e+02 1.0172e+03 5.8066e+01
2.1000e+02 1.0503e+03 1.6511e+01
2.4000e+02 9.9343e+02 2.1052e+01
2.7000e+02 1.0261e+03 4.6511e+01
3.0000e+02 1.0187e+03 4.9494e+01
3.3000e+02 1.0414e+03 5.1029e+01
/newplot
/plotname contrast2=0.5
0.0000e+00 1.0290e+03 5.6346e+01
3.0000e+01 1.0096e+03 3.4851e+01
6.0000e+01 1.0071e+03 3.8699e+01
9.0000e+01 9.9839e+02 2.9597e+01
1.2000e+02 9.9463e+02 3.3610e+01
1.5000e+02 9.9332e+02 3.1183e+01
1.8000e+02 1.0035e+03 3.2114e+01
2.1000e+02 1.0340e+03 4.3568e+01
2.4000e+02 1.0168e+03 3.0347e+01
2.7000e+02 9.9211e+02 2.7922e+01
3.0000e+02 1.0056e+03 4.1489e+01
3.3000e+02 1.0184e+03 5.2699e+01
/newplot
/plotname baseline
0.000000e+00 1.008734e+03
3.300000e+02 1.008734e+03
