/newplot
/plotname contrast2=0.0
0.0000e+00 1.1896e+03 2.1192e+01
3.0000e+01 1.1544e+03 3.3954e+01
6.0000e+01 1.1592e+03 3.5505e+01
9.0000e+01 1.1565e+03 1.9072e+01
1.2000e+02 1.1575e+03 1.1363e+01
1.5000e+02 1.2225e+03 3.3386e+01
1.8000e+02 1.2058e+03 9.0368e+00
2.1000e+02 1.1631e+03 2.4516e+01
2.4000e+02 1.1572e+03 2.7891e+01
2.7000e+02 1.1537e+03 3.3652e+01
3.0000e+02 1.1527e+03 3.6284e+01
3.3000e+02 1.2002e+03 3.4118e+01
/newplot
/plotname contrast2=0.5
0.0000e+00 1.1790e+03 3.0196e+01
3.0000e+01 1.1546e+03 2.4275e+01
6.0000e+01 1.1686e+03 2.6446e+01
9.0000e+01 1.1835e+03 3.4084e+01
1.2000e+02 1.1457e+03 3.6977e+01
1.5000e+02 1.1830e+03 3.9667e+01
1.8000e+02 1.2016e+03 2.8880e+01
2.1000e+02 1.1934e+03 1.8507e+01
2.4000e+02 1.2063e+03 4.1060e+01
2.7000e+02 1.1928e+03 2.3803e+01
3.0000e+02 1.1605e+03 3.5527e+01
3.3000e+02 1.1941e+03 2.4511e+01
/newplot
/plotname baseline
0.000000e+00 1.143866e+03
3.300000e+02 1.143866e+03
