/newplot
/plotname contrast2=0.0
0.0000e+00 1.1095e+03 5.9615e+01
3.0000e+01 1.0773e+03 2.9658e+01
6.0000e+01 1.0464e+03 2.6897e+01
9.0000e+01 1.0513e+03 2.9949e+01
1.2000e+02 1.0603e+03 2.3756e+01
1.5000e+02 1.1094e+03 4.7066e+01
1.8000e+02 1.1649e+03 4.5783e+01
2.1000e+02 1.0663e+03 1.6156e+01
2.4000e+02 1.0626e+03 3.2070e+01
2.7000e+02 1.0482e+03 3.4163e+01
3.0000e+02 1.0468e+03 3.6269e+01
3.3000e+02 1.0769e+03 4.9833e+01
/newplot
/plotname contrast2=0.5
0.0000e+00 1.1039e+03 5.4995e+01
3.0000e+01 1.0574e+03 2.6525e+01
6.0000e+01 1.0746e+03 3.6214e+01
9.0000e+01 1.1455e+03 3.3427e+01
1.2000e+02 1.0655e+03 3.4871e+01
1.5000e+02 1.1067e+03 3.7728e+01
1.8000e+02 1.1570e+03 2.6502e+01
2.1000e+02 1.1212e+03 3.6595e+01
2.4000e+02 1.0768e+03 2.4067e+01
2.7000e+02 1.0913e+03 3.6333e+01
3.0000e+02 1.0577e+03 1.8245e+01
3.3000e+02 1.0804e+03 3.7587e+01
/newplot
/plotname baseline
0.000000e+00 1.054687e+03
3.300000e+02 1.054687e+03
