/newplot
/plotname contrast2=0.0
0.0000e+00 9.5569e+02 3.3556e+01
3.0000e+01 9.5614e+02 4.4359e+01
6.0000e+01 1.0005e+03 9.8910e+01
9.0000e+01 9.7552e+02 3.5591e+01
1.2000e+02 9.4364e+02 3.5745e+01
1.5000e+02 9.4023e+02 2.7154e+01
1.8000e+02 9.6911e+02 6.5731e+01
2.1000e+02 9.4167e+02 2.7282e+01
2.4000e+02 9.9688e+02 5.7075e+01
2.7000e+02 9.7950e+02 3.0709e+01
3.0000e+02 9.7785e+02 3.0027e+01
3.3000e+02 9.5533e+02 5.8985e+01
/newplot
/plotname contrast2=0.5
0.0000e+00 9.5845e+02 3.1013e+01
3.0000e+01 9.5528e+02 4.3172e+01
6.0000e+01 9.3187e+02 2.5311e+01
9.0000e+01 9.7101e+02 6.5087e+01
1.2000e+02 9.9641e+02 9.8672e+01
1.5000e+02 9.8320e+02 1.0375e+02
1.8000e+02 9.7509e+02 5.8232e+01
2.1000e+02 9.4605e+02 1.9470e+01
2.4000e+02 9.7147e+02 1.2788e+01
2.7000e+02 9.5003e+02 1.0196e+01
3.0000e+02 9.7333e+02 3.6846e+01
3.3000e+02 9.5247e+02 3.4209e+01
/newplot
/plotname baseline
0.000000e+00 9.503798e+02
3.300000e+02 9.503798e+02
