/newplot
/plotname contrast2=0.0
0.0000e+00 1.1273e+03 2.3971e+01
3.0000e+01 1.1319e+03 2.2047e+01
6.0000e+01 1.1355e+03 3.6971e+01
9.0000e+01 1.1339e+03 6.3220e+01
1.2000e+02 1.1530e+03 1.8225e+01
1.5000e+02 1.1586e+03 2.7773e+01
1.8000e+02 1.1352e+03 2.8453e+01
2.1000e+02 1.1234e+03 3.2114e+01
2.4000e+02 1.1553e+03 4.5470e+01
2.7000e+02 1.1445e+03 3.9575e+01
3.0000e+02 1.1154e+03 5.1974e+01
3.3000e+02 1.1164e+03 6.0631e+01
/newplot
/plotname contrast2=0.5
0.0000e+00 1.1514e+03 2.9449e+01
3.0000e+01 1.1506e+03 4.2870e+01
6.0000e+01 1.1320e+03 2.4026e+01
9.0000e+01 1.1469e+03 3.4864e+01
1.2000e+02 1.1235e+03 6.9445e+01
1.5000e+02 1.1517e+03 3.0262e+01
1.8000e+02 1.1461e+03 3.3863e+01
2.1000e+02 1.1511e+03 2.4020e+01
2.4000e+02 1.1479e+03 3.2566e+01
2.7000e+02 1.1475e+03 2.0583e+01
3.0000e+02 1.1389e+03 4.2405e+01
3.3000e+02 1.1394e+03 3.6460e+01
/newplot
/plotname baseline
0.000000e+00 1.123205e+03
3.300000e+02 1.123205e+03
