/newplot
/plotname contrast2=0.0
0.0000e+00 6.4881e+02 1.9246e+01
3.0000e+01 6.3765e+02 2.3902e+01
6.0000e+01 6.1585e+02 1.6605e+01
9.0000e+01 6.2542e+02 1.1725e+01
1.2000e+02 6.0967e+02 1.9120e+01
1.5000e+02 6.2490e+02 1.3247e+01
1.8000e+02 6.2623e+02 1.8354e+01
2.1000e+02 6.2178e+02 1.8555e+01
2.4000e+02 6.1636e+02 1.1092e+01
2.7000e+02 6.1961e+02 1.6910e+01
3.0000e+02 6.2449e+02 1.4088e+01
3.3000e+02 6.2214e+02 1.5560e+01
/newplot
/plotname contrast2=0.5
0.0000e+00 6.2495e+02 1.6541e+01
3.0000e+01 6.2380e+02 5.6106e+00
6.0000e+01 6.1246e+02 1.6592e+01
9.0000e+01 6.2541e+02 1.3068e+01
1.2000e+02 6.2025e+02 1.5469e+01
1.5000e+02 6.2167e+02 8.9110e+00
1.8000e+02 6.1964e+02 1.2452e+01
2.1000e+02 6.2357e+02 1.2023e+01
2.4000e+02 6.3905e+02 1.1659e+01
2.7000e+02 6.6431e+02 4.1931e+01
3.0000e+02 6.3310e+02 2.7680e+01
3.3000e+02 6.2656e+02 1.2914e+01
/newplot
/plotname baseline
0.000000e+00 6.162712e+02
3.300000e+02 6.162712e+02
