/newplot
/plotname contrast2=0.0
0.0000e+00 1.0377e+03 4.9776e+01
3.0000e+01 1.0293e+03 5.0724e+01
6.0000e+01 9.9496e+02 3.2858e+01
9.0000e+01 1.0156e+03 5.1474e+01
1.2000e+02 9.8535e+02 4.0425e+01
1.5000e+02 1.0482e+03 5.2260e+01
1.8000e+02 1.0300e+03 1.7882e+01
2.1000e+02 1.0150e+03 3.3753e+01
2.4000e+02 1.0291e+03 4.5878e+01
2.7000e+02 1.0099e+03 5.0697e+01
3.0000e+02 9.9880e+02 7.4884e+01
3.3000e+02 1.0060e+03 4.8920e+01
/newplot
/plotname contrast2=0.5
0.0000e+00 1.0074e+03 3.4989e+01
3.0000e+01 1.0231e+03 1.2322e+01
6.0000e+01 1.0155e+03 4.4572e+01
9.0000e+01 1.0240e+03 1.7688e+01
1.2000e+02 1.0011e+03 5.8064e+01
1.5000e+02 1.0268e+03 3.9089e+01
1.8000e+02 1.0342e+03 4.8729e+01
2.1000e+02 1.0386e+03 4.2520e+01
2.4000e+02 1.0249e+03 3.9313e+01
2.7000e+02 1.0308e+03 3.3194e+01
3.0000e+02 1.0401e+03 2.9917e+01
3.3000e+02 1.0222e+03 3.2893e+01
/newplot
/plotname baseline
0.000000e+00 1.006928e+03
3.300000e+02 1.006928e+03
