/newplot
/plotname contrast2=0.0
0.0000e+00 6.7617e+02 2.5487e+01
3.0000e+01 6.3227e+02 2.2486e+01
6.0000e+01 6.1864e+02 2.5469e+01
9.0000e+01 6.2157e+02 4.2196e+00
1.2000e+02 6.1650e+02 1.5996e+01
1.5000e+02 6.6003e+02 2.8571e+01
1.8000e+02 6.6106e+02 1.8064e+01
2.1000e+02 6.2703e+02 1.2225e+01
2.4000e+02 6.2206e+02 1.4853e+01
2.7000e+02 6.2319e+02 1.1964e+01
3.0000e+02 6.2813e+02 1.6384e+01
3.3000e+02 6.6190e+02 1.5304e+01
/newplot
/plotname contrast2=0.5
0.0000e+00 6.5025e+02 1.7812e+01
3.0000e+01 6.2202e+02 1.0712e+01
6.0000e+01 6.3366e+02 1.5191e+01
9.0000e+01 6.4485e+02 2.6647e+01
1.2000e+02 6.2735e+02 3.1865e+01
1.5000e+02 6.3266e+02 2.2447e+01
1.8000e+02 6.4852e+02 2.2139e+01
2.1000e+02 6.4936e+02 1.0058e+01
2.4000e+02 6.3405e+02 2.3246e+01
2.7000e+02 6.4825e+02 9.2603e+00
3.0000e+02 6.2571e+02 4.9791e+00
3.3000e+02 6.3385e+02 1.6407e+01
/newplot
/plotname baseline
0.000000e+00 6.118643e+02
3.300000e+02 6.118643e+02
