/newplot
/plotname contrast2=0.0
0.0000e+00 8.0915e+02 1.9870e+01
3.0000e+01 7.7566e+02 4.8323e+00
6.0000e+01 7.7344e+02 1.7728e+01
9.0000e+01 7.8287e+02 6.9149e+00
1.2000e+02 7.8081e+02 1.7250e+01
1.5000e+02 8.2498e+02 2.0663e+01
1.8000e+02 8.1327e+02 2.1922e+01
2.1000e+02 7.7583e+02 2.1084e+01
2.4000e+02 7.7168e+02 1.0652e+01
2.7000e+02 7.7703e+02 1.4794e+01
3.0000e+02 7.7930e+02 2.1043e+01
3.3000e+02 8.4734e+02 3.3324e+01
/newplot
/plotname contrast2=0.5
0.0000e+00 8.0293e+02 2.0836e+01
3.0000e+01 7.8205e+02 1.6885e+01
6.0000e+01 7.8071e+02 1.1797e+01
9.0000e+01 7.9336e+02 2.0534e+01
1.2000e+02 7.6620e+02 2.2679e+01
1.5000e+02 7.9722e+02 2.6813e+01
1.8000e+02 7.9885e+02 3.3052e+01
2.1000e+02 7.9288e+02 2.3091e+01
2.4000e+02 7.9931e+02 2.0461e+01
2.7000e+02 8.0354e+02 1.2683e+01
3.0000e+02 7.7518e+02 1.9850e+01
3.3000e+02 8.1759e+02 1.6785e+01
/newplot
/plotname baseline
0.000000e+00 7.717056e+02
3.300000e+02 7.717056e+02
