/newplot
/plotname contrast2=0.0
0.0000e+00 9.6664e+02 4.6596e+01
3.0000e+01 9.5346e+02 4.7521e+01
6.0000e+01 9.0458e+02 4.0214e+01
9.0000e+01 9.0905e+02 4.9191e+01
1.2000e+02 9.5052e+02 3.4050e+01
1.5000e+02 9.9121e+02 3.1146e+01
1.8000e+02 9.9724e+02 2.9655e+01
2.1000e+02 9.1584e+02 2.7889e+01
2.4000e+02 9.5950e+02 4.3271e+01
2.7000e+02 9.3231e+02 4.4162e+01
3.0000e+02 9.1099e+02 6.2467e+01
3.3000e+02 9.5162e+02 3.7467e+01
/newplot
/plotname contrast2=0.5
0.0000e+00 9.5897e+02 1.9642e+01
3.0000e+01 9.4519e+02 3.3841e+01
6.0000e+01 9.6282e+02 3.8600e+01
9.0000e+01 9.6824e+02 4.1600e+01
1.2000e+02 9.2282e+02 7.2284e+01
1.5000e+02 9.5882e+02 3.7961e+01
1.8000e+02 9.5331e+02 3.8109e+01
2.1000e+02 9.4995e+02 4.4546e+01
2.4000e+02 9.6450e+02 1.4331e+01
2.7000e+02 9.5498e+02 2.8563e+01
3.0000e+02 9.5189e+02 4.5807e+01
3.3000e+02 9.6494e+02 5.6733e+01
/newplot
/plotname baseline
0.000000e+00 9.251065e+02
3.300000e+02 9.251065e+02
