/newplot
/plotname contrast2=0.0
0.0000e+00 9.3167e+02 3.1183e+01
3.0000e+01 8.9866e+02 2.8863e+01
6.0000e+01 9.1374e+02 4.8848e+01
9.0000e+01 9.0237e+02 3.9616e+01
1.2000e+02 9.2313e+02 5.0810e+01
1.5000e+02 9.4821e+02 3.7656e+01
1.8000e+02 9.1540e+02 3.9156e+01
2.1000e+02 8.9658e+02 4.9345e+01
2.4000e+02 9.2121e+02 1.7517e+01
2.7000e+02 9.1302e+02 5.5803e+01
3.0000e+02 9.1323e+02 3.9214e+01
3.3000e+02 9.4243e+02 5.9090e+01
/newplot
/plotname contrast2=0.5
0.0000e+00 9.2113e+02 3.4918e+01
3.0000e+01 9.0897e+02 2.4802e+01
6.0000e+01 9.1189e+02 4.1419e+01
9.0000e+01 9.3015e+02 3.3489e+01
1.2000e+02 8.9791e+02 6.0258e+01
1.5000e+02 9.2207e+02 5.0489e+01
1.8000e+02 9.5081e+02 4.1437e+01
2.1000e+02 9.5030e+02 3.2984e+01
2.4000e+02 9.3038e+02 4.8130e+01
2.7000e+02 9.3525e+02 2.4367e+01
3.0000e+02 9.3475e+02 2.5835e+01
3.3000e+02 9.3483e+02 5.5244e+01
/newplot
/plotname baseline
0.000000e+00 8.975236e+02
3.300000e+02 8.975236e+02
