/newplot
/plotname contrast2=0.0
0.0000e+00 5.4370e+02 1.3484e+01
3.0000e+01 5.3591e+02 1.3427e+01
6.0000e+01 5.2556e+02 1.9924e+01
9.0000e+01 5.2686e+02 1.2340e+01
1.2000e+02 5.3744e+02 1.5946e+01
1.5000e+02 5.5535e+02 1.4666e+01
1.8000e+02 5.3561e+02 1.5152e+01
2.1000e+02 5.3525e+02 7.5246e+00
2.4000e+02 5.3475e+02 1.6891e+01
2.7000e+02 5.3199e+02 2.1532e+01
3.0000e+02 5.5155e+02 1.4737e+01
3.3000e+02 5.5685e+02 1.1297e+01
/newplot
/plotname contrast2=0.5
0.0000e+00 5.3975e+02 1.5195e+01
3.0000e+01 5.3282e+02 1.4784e+01
6.0000e+01 5.4558e+02 8.3079e+00
9.0000e+01 5.3245e+02 1.5140e+01
1.2000e+02 5.4005e+02 2.6292e+01
1.5000e+02 5.4379e+02 1.3592e+01
1.8000e+02 5.4527e+02 1.1857e+01
2.1000e+02 5.4855e+02 1.8336e+01
2.4000e+02 5.5227e+02 8.2402e+00
2.7000e+02 5.4458e+02 2.5089e+01
3.0000e+02 5.4514e+02 1.8267e+01
3.3000e+02 5.4698e+02 1.7743e+01
/newplot
/plotname baseline
0.000000e+00 5.250676e+02
3.300000e+02 5.250676e+02
