/newplot
/plotname contrast2=0.0
0.0000e+00 7.5338e+02 7.7900e+01
3.0000e+01 7.3709e+02 9.2762e+01
6.0000e+01 7.4475e+02 5.8559e+01
9.0000e+01 9.3688e+02 6.6147e+01
1.2000e+02 7.5781e+02 9.6300e+01
1.5000e+02 7.2143e+02 4.4596e+01
1.8000e+02 7.0707e+02 2.1095e+01
2.1000e+02 7.4989e+02 5.2998e+01
2.4000e+02 7.4805e+02 4.1225e+01
2.7000e+02 7.8299e+02 1.0745e+02
3.0000e+02 7.0756e+02 1.7097e+01
3.3000e+02 7.1051e+02 3.6945e+01
/newplot
/plotname contrast2=0.5
0.0000e+00 7.9413e+02 3.2266e+01
3.0000e+01 7.1985e+02 1.3284e+01
6.0000e+01 7.1256e+02 1.2072e+01
9.0000e+01 7.9948e+02 7.1339e+01
1.2000e+02 7.2583e+02 5.9400e+01
1.5000e+02 7.2547e+02 1.8936e+01
1.8000e+02 7.3383e+02 2.8015e+01
2.1000e+02 7.2872e+02 1.5347e+01
2.4000e+02 7.3741e+02 4.9929e+01
2.7000e+02 7.7619e+02 1.3059e+02
3.0000e+02 7.1075e+02 3.3442e+01
3.3000e+02 7.6613e+02 6.1979e+01
/newplot
/plotname baseline
0.000000e+00 7.204489e+02
3.300000e+02 7.204489e+02
