/newplot
/plotname contrast2=0.0
0.0000e+00 6.4727e+02 1.6442e+01
3.0000e+01 6.5823e+02 2.2642e+01
6.0000e+01 6.6337e+02 2.6232e+01
9.0000e+01 6.6389e+02 2.3930e+01
1.2000e+02 6.4745e+02 1.4053e+01
1.5000e+02 6.5615e+02 2.3623e+01
1.8000e+02 6.5767e+02 2.4414e+01
2.1000e+02 6.4620e+02 2.8934e+01
2.4000e+02 6.7104e+02 1.5490e+01
2.7000e+02 6.7607e+02 3.6159e+01
3.0000e+02 6.5300e+02 2.9144e+01
3.3000e+02 6.4290e+02 3.6088e+01
/newplot
/plotname contrast2=0.5
0.0000e+00 6.6013e+02 2.1590e+01
3.0000e+01 6.6480e+02 1.9596e+01
6.0000e+01 6.5563e+02 1.2418e+01
9.0000e+01 6.5692e+02 1.5848e+01
1.2000e+02 6.5139e+02 4.4337e+01
1.5000e+02 6.6721e+02 2.2456e+01
1.8000e+02 6.6938e+02 1.6310e+01
2.1000e+02 6.6715e+02 1.8844e+01
2.4000e+02 6.6744e+02 2.7108e+01
2.7000e+02 6.7021e+02 2.0800e+01
3.0000e+02 6.6527e+02 1.2415e+01
3.3000e+02 6.6870e+02 2.1784e+01
/newplot
/plotname baseline
0.000000e+00 6.399211e+02
3.300000e+02 6.399211e+02
