/newplot
/plotname contrast2=0.0
0.0000e+00 3.5796e+02 2.2092e+01
3.0000e+01 3.2846e+02 4.7671e+00
6.0000e+01 3.2610e+02 1.7317e+01
9.0000e+01 3.3088e+02 8.9252e+00
1.2000e+02 3.2883e+02 1.6943e+01
1.5000e+02 3.3322e+02 9.8337e+00
1.8000e+02 3.4529e+02 9.3209e+00
2.1000e+02 3.3737e+02 9.6628e+00
2.4000e+02 3.3179e+02 1.2078e+01
2.7000e+02 3.3010e+02 1.4996e+01
3.0000e+02 3.3612e+02 1.0190e+01
3.3000e+02 3.4637e+02 7.5228e+00
/newplot
/plotname contrast2=0.5
0.0000e+00 3.3796e+02 1.5813e+01
3.0000e+01 3.3886e+02 1.3405e+01
6.0000e+01 3.3167e+02 3.4435e+00
9.0000e+01 3.4064e+02 9.3098e+00
1.2000e+02 3.3189e+02 1.6224e+01
1.5000e+02 3.2900e+02 1.5027e+01
1.8000e+02 3.3769e+02 1.1508e+01
2.1000e+02 3.4466e+02 1.8758e+01
2.4000e+02 3.4092e+02 7.6487e+00
2.7000e+02 3.4169e+02 1.2219e+01
3.0000e+02 3.3661e+02 9.3486e+00
3.3000e+02 3.3750e+02 1.5218e+01
/newplot
/plotname baseline
0.000000e+00 3.254911e+02
3.300000e+02 3.254911e+02
