/newplot
/plotname contrast2=0.0
0.0000e+00 7.3213e+02 1.0840e+01
3.0000e+01 7.0909e+02 1.6671e+01
6.0000e+01 7.1486e+02 2.8188e+01
9.0000e+01 7.1410e+02 2.6601e+01
1.2000e+02 7.2336e+02 1.1422e+01
1.5000e+02 7.8931e+02 3.5187e+01
1.8000e+02 7.3529e+02 1.8621e+01
2.1000e+02 7.2478e+02 1.4486e+01
2.4000e+02 7.0255e+02 2.7896e+01
2.7000e+02 7.1538e+02 1.5605e+01
3.0000e+02 7.2915e+02 2.1699e+01
3.3000e+02 7.6006e+02 2.0425e+01
/newplot
/plotname contrast2=0.5
0.0000e+00 7.3005e+02 2.8359e+01
3.0000e+01 7.2433e+02 1.7244e+01
6.0000e+01 7.3592e+02 2.3564e+01
9.0000e+01 7.3169e+02 1.7563e+01
1.2000e+02 7.0205e+02 2.2293e+01
1.5000e+02 7.3400e+02 1.8611e+01
1.8000e+02 7.3041e+02 2.5921e+01
2.1000e+02 7.4764e+02 1.5124e+01
2.4000e+02 7.3342e+02 1.7996e+01
2.7000e+02 7.3529e+02 1.5572e+01
3.0000e+02 7.1989e+02 3.0832e+01
3.3000e+02 7.4052e+02 1.5322e+01
/newplot
/plotname baseline
0.000000e+00 7.075621e+02
3.300000e+02 7.075621e+02
