/newplot
/plotname contrast2=0.0
0.0000e+00 8.6030e+02 7.0265e+01
3.0000e+01 8.4122e+02 2.5303e+01
6.0000e+01 8.5002e+02 5.9082e+01
9.0000e+01 1.0215e+03 1.4342e+02
1.2000e+02 8.4365e+02 2.4103e+01
1.5000e+02 8.1714e+02 2.6213e+01
1.8000e+02 8.3609e+02 5.4450e+01
2.1000e+02 9.0115e+02 1.5876e+02
2.4000e+02 8.7561e+02 6.9630e+01
2.7000e+02 1.1444e+03 1.1547e+02
3.0000e+02 8.3850e+02 1.2126e+01
3.3000e+02 8.2758e+02 1.4651e+01
/newplot
/plotname contrast2=0.5
0.0000e+00 8.4031e+02 2.5352e+01
3.0000e+01 8.7962e+02 1.0744e+02
6.0000e+01 9.0810e+02 1.6498e+02
9.0000e+01 8.4197e+02 2.5155e+01
1.2000e+02 8.4813e+02 4.8341e+01
1.5000e+02 8.5946e+02 6.4821e+01
1.8000e+02 8.9194e+02 4.1790e+01
2.1000e+02 8.6464e+02 5.3443e+01
2.4000e+02 8.4695e+02 2.5763e+01
2.7000e+02 9.7939e+02 1.2800e+02
3.0000e+02 9.0765e+02 1.1499e+02
3.3000e+02 9.2133e+02 1.4648e+02
/newplot
/plotname baseline
0.000000e+00 8.523759e+02
3.300000e+02 8.523759e+02
