/newplot
/plotname contrast2=0.0
0.0000e+00 6.2765e+02 3.5716e+01
3.0000e+01 5.9622e+02 1.5899e+01
6.0000e+01 5.7450e+02 1.9278e+01
9.0000e+01 5.7898e+02 2.7018e+01
1.2000e+02 5.7585e+02 1.0652e+01
1.5000e+02 6.0177e+02 1.9113e+01
1.8000e+02 6.4532e+02 2.9855e+01
2.1000e+02 6.0199e+02 6.7169e+00
2.4000e+02 5.7716e+02 1.6182e+01
2.7000e+02 5.6890e+02 1.0491e+01
3.0000e+02 5.7989e+02 6.9496e+00
3.3000e+02 6.0694e+02 1.8192e+01
/newplot
/plotname contrast2=0.5
0.0000e+00 6.0492e+02 1.3586e+01
3.0000e+01 5.7199e+02 1.7318e+01
6.0000e+01 5.8880e+02 2.0537e+01
9.0000e+01 6.1443e+02 2.0332e+01
1.2000e+02 5.8836e+02 1.3582e+01
1.5000e+02 5.8969e+02 1.6651e+01
1.8000e+02 6.2720e+02 1.8335e+01
2.1000e+02 6.0345e+02 1.2480e+01
2.4000e+02 5.8850e+02 1.0221e+01
2.7000e+02 6.1033e+02 1.6057e+01
3.0000e+02 5.8633e+02 1.6824e+01
3.3000e+02 5.8475e+02 2.1448e+01
/newplot
/plotname baseline
0.000000e+00 5.759069e+02
3.300000e+02 5.759069e+02
