/newplot
/plotname contrast2=0.0
0.0000e+00 1.1405e+03 3.2176e+01
3.0000e+01 1.0868e+03 5.4375e+01
6.0000e+01 1.0844e+03 5.0001e+01
9.0000e+01 1.0941e+03 4.7599e+01
1.2000e+02 1.1028e+03 4.7635e+01
1.5000e+02 1.1830e+03 3.7832e+01
1.8000e+02 1.1410e+03 6.8598e+01
2.1000e+02 1.0852e+03 6.1055e+01
2.4000e+02 1.1305e+03 7.0942e+01
2.7000e+02 1.0944e+03 7.1375e+01
3.0000e+02 1.0708e+03 1.1782e+02
3.3000e+02 1.1235e+03 1.1209e+02
/newplot
/plotname contrast2=0.5
0.0000e+00 1.1159e+03 8.7773e+01
3.0000e+01 1.1265e+03 5.6614e+01
6.0000e+01 1.1113e+03 6.9418e+01
9.0000e+01 1.1257e+03 2.8965e+01
1.2000e+02 1.0771e+03 6.3178e+01
1.5000e+02 1.1354e+03 7.3973e+01
1.8000e+02 1.1275e+03 5.0082e+01
2.1000e+02 1.1100e+03 7.0502e+01
2.4000e+02 1.1163e+03 4.4859e+01
2.7000e+02 1.1368e+03 3.6658e+01
3.0000e+02 1.1032e+03 6.2224e+01
3.3000e+02 1.1408e+03 3.7515e+01
/newplot
/plotname baseline
0.000000e+00 1.098457e+03
3.300000e+02 1.098457e+03
