/newplot
/plotname contrast2=0.0
0.0000e+00 7.1566e+02 2.8658e+01
3.0000e+01 7.1169e+02 2.8493e+01
6.0000e+01 7.2271e+02 1.6357e+01
9.0000e+01 7.1580e+02 2.7519e+01
1.2000e+02 7.2861e+02 2.7727e+01
1.5000e+02 7.3218e+02 6.8635e+00
1.8000e+02 7.1601e+02 4.7993e+01
2.1000e+02 6.9934e+02 2.7729e+01
2.4000e+02 7.1894e+02 1.6063e+01
2.7000e+02 7.3444e+02 2.6708e+01
3.0000e+02 7.5873e+02 5.1738e+01
3.3000e+02 7.4300e+02 4.3667e+01
/newplot
/plotname contrast2=0.5
0.0000e+00 7.1344e+02 2.4025e+01
3.0000e+01 7.2998e+02 1.9036e+01
6.0000e+01 7.1624e+02 1.9485e+01
9.0000e+01 7.1493e+02 3.5342e+01
1.2000e+02 6.9192e+02 1.7825e+01
1.5000e+02 7.2791e+02 1.5236e+01
1.8000e+02 7.3233e+02 1.5609e+01
2.1000e+02 7.4978e+02 1.9203e+01
2.4000e+02 7.2251e+02 2.9948e+01
2.7000e+02 7.2896e+02 2.7630e+01
3.0000e+02 7.4085e+02 1.7281e+01
3.3000e+02 7.4037e+02 2.7031e+01
/newplot
/plotname baseline
0.000000e+00 7.031421e+02
3.300000e+02 7.031421e+02
