/newplot
/plotname contrast2=0.0
0.0000e+00 1.1137e+03 1.2098e+01
3.0000e+01 1.1137e+03 3.4782e+01
6.0000e+01 1.1177e+03 4.9144e+01
9.0000e+01 1.1043e+03 2.6583e+01
1.2000e+02 1.1309e+03 2.0904e+01
1.5000e+02 1.1001e+03 4.1888e+01
1.8000e+02 1.1022e+03 2.3190e+01
2.1000e+02 1.0882e+03 2.7767e+01
2.4000e+02 1.1255e+03 3.5892e+01
2.7000e+02 1.1322e+03 3.4663e+01
3.0000e+02 1.1113e+03 3.6418e+01
3.3000e+02 1.1005e+03 3.3155e+01
/newplot
/plotname contrast2=0.5
0.0000e+00 1.1185e+03 6.4258e+01
3.0000e+01 1.1275e+03 3.7192e+01
6.0000e+01 1.1066e+03 4.3015e+01
9.0000e+01 1.1206e+03 3.6992e+01
1.2000e+02 1.0959e+03 5.1245e+01
1.5000e+02 1.1192e+03 4.1741e+01
1.8000e+02 1.1252e+03 2.6337e+01
2.1000e+02 1.1390e+03 3.3736e+01
2.4000e+02 1.1445e+03 2.4096e+01
2.7000e+02 1.1181e+03 8.9029e+00
3.0000e+02 1.1271e+03 4.4320e+01
3.3000e+02 1.1206e+03 2.5910e+01
/newplot
/plotname baseline
0.000000e+00 1.081029e+03
3.300000e+02 1.081029e+03
