/newplot
/plotname contrast2=0.0
0.0000e+00 4.3351e+02 1.9028e+01
3.0000e+01 4.5996e+02 2.2443e+01
6.0000e+01 4.4374e+02 3.3470e+01
9.0000e+01 4.3143e+02 1.1649e+01
1.2000e+02 4.3727e+02 7.0167e+00
1.5000e+02 4.3328e+02 1.5615e+01
1.8000e+02 4.3737e+02 1.0195e+01
2.1000e+02 4.6655e+02 1.6104e+01
2.4000e+02 4.3935e+02 3.2399e+01
2.7000e+02 4.2275e+02 1.8544e+01
3.0000e+02 4.4314e+02 1.2540e+01
3.3000e+02 4.2818e+02 1.1628e+01
/newplot
/plotname contrast2=0.5
0.0000e+00 4.3808e+02 8.5900e+00
3.0000e+01 4.6318e+02 1.3553e+01
6.0000e+01 4.3631e+02 1.1420e+01
9.0000e+01 4.3772e+02 1.6675e+01
1.2000e+02 4.5691e+02 2.9937e+01
1.5000e+02 4.4097e+02 1.5601e+01
1.8000e+02 4.5307e+02 2.2786e+01
2.1000e+02 4.4958e+02 1.4219e+01
2.4000e+02 4.4574e+02 1.3733e+01
2.7000e+02 4.3320e+02 1.5394e+01
3.0000e+02 4.6209e+02 1.2193e+01
3.3000e+02 4.2886e+02 1.5801e+01
/newplot
/plotname baseline
0.000000e+00 4.272633e+02
3.300000e+02 4.272633e+02
