/newplot
/plotname contrast2=0.0
0.0000e+00 7.2956e+02 3.6970e+01
3.0000e+01 7.0111e+02 3.1527e+01
6.0000e+01 6.9340e+02 2.2875e+01
9.0000e+01 6.9410e+02 3.2137e+01
1.2000e+02 7.1232e+02 3.2272e+01
1.5000e+02 7.2628e+02 2.4818e+01
1.8000e+02 7.2579e+02 2.1859e+01
2.1000e+02 6.8982e+02 2.8219e+01
2.4000e+02 6.8942e+02 2.5740e+01
2.7000e+02 6.9698e+02 3.2825e+01
3.0000e+02 6.9647e+02 3.5526e+01
3.3000e+02 7.7915e+02 3.6608e+01
/newplot
/plotname contrast2=0.5
0.0000e+00 7.0818e+02 1.9136e+01
3.0000e+01 7.1582e+02 2.5388e+01
6.0000e+01 7.0124e+02 2.7588e+01
9.0000e+01 7.0699e+02 4.4061e+01
1.2000e+02 7.1372e+02 5.3686e+01
1.5000e+02 7.2416e+02 3.4132e+01
1.8000e+02 7.3657e+02 1.9729e+01
2.1000e+02 7.1162e+02 2.1575e+01
2.4000e+02 7.2854e+02 3.1732e+01
2.7000e+02 7.1099e+02 1.3758e+01
3.0000e+02 6.7778e+02 2.4582e+01
3.3000e+02 7.4026e+02 2.0225e+01
/newplot
/plotname baseline
0.000000e+00 6.966504e+02
3.300000e+02 6.966504e+02
