/newplot
/plotname contrast2=0.0
0.0000e+00 7.2018e+02 1.0579e+01
3.0000e+01 7.2055e+02 1.6397e+01
6.0000e+01 7.0543e+02 1.7559e+01
9.0000e+01 7.1960e+02 1.0567e+01
1.2000e+02 7.7337e+02 1.1264e+01
1.5000e+02 7.2359e+02 8.6867e+00
1.8000e+02 7.1275e+02 1.9218e+01
2.1000e+02 7.0889e+02 1.0892e+01
2.4000e+02 7.1355e+02 1.6695e+01
2.7000e+02 7.2045e+02 1.4906e+01
3.0000e+02 7.3294e+02 2.9018e+01
3.3000e+02 7.2866e+02 2.3791e+01
/newplot
/plotname contrast2=0.5
0.0000e+00 7.2559e+02 1.4162e+01
3.0000e+01 7.5092e+02 2.8510e+01
6.0000e+01 7.1686e+02 1.1075e+01
9.0000e+01 7.0418e+02 2.4995e+01
1.2000e+02 7.2298e+02 3.9126e+01
1.5000e+02 7.2663e+02 2.1126e+01
1.8000e+02 7.1364e+02 1.6758e+01
2.1000e+02 7.2968e+02 1.6392e+01
2.4000e+02 7.2152e+02 1.4102e+01
2.7000e+02 7.1046e+02 1.3403e+01
3.0000e+02 7.1503e+02 1.3601e+01
3.3000e+02 7.1976e+02 1.9691e+01
/newplot
/plotname baseline
0.000000e+00 7.046576e+02
3.300000e+02 7.046576e+02
