/newplot
/plotname contrast2=0.0
0.0000e+00 8.1583e+02 2.9208e+01
3.0000e+01 7.4294e+02 1.0852e+01
6.0000e+01 7.4257e+02 2.4087e+01
9.0000e+01 7.2823e+02 1.9350e+01
1.2000e+02 7.3685e+02 1.3499e+01
1.5000e+02 7.5745e+02 1.8225e+01
1.8000e+02 7.5751e+02 1.7631e+01
2.1000e+02 7.4675e+02 7.2757e+00
2.4000e+02 7.4677e+02 1.4232e+01
2.7000e+02 7.4264e+02 1.5862e+01
3.0000e+02 7.2995e+02 1.4673e+01
3.3000e+02 8.2575e+02 4.4652e+01
/newplot
/plotname contrast2=0.5
0.0000e+00 7.6128e+02 8.3410e+00
3.0000e+01 7.3657e+02 1.7728e+01
6.0000e+01 7.4238e+02 2.5186e+01
9.0000e+01 7.5408e+02 2.4013e+01
1.2000e+02 7.2947e+02 3.3834e+01
1.5000e+02 7.4116e+02 8.5150e+00
1.8000e+02 7.4797e+02 1.5383e+01
2.1000e+02 7.7064e+02 2.5427e+01
2.4000e+02 7.6659e+02 2.7369e+01
2.7000e+02 7.9728e+02 4.7410e+01
3.0000e+02 7.5232e+02 7.7354e+00
3.3000e+02 7.7552e+02 2.5784e+01
/newplot
/plotname baseline
0.000000e+00 7.309816e+02
3.300000e+02 7.309816e+02
