/newplot
/plotname contrast2=0.0
0.0000e+00 5.4456e+02 3.5811e+00
3.0000e+01 5.4358e+02 1.0072e+01
6.0000e+01 5.4230e+02 1.3011e+01
9.0000e+01 5.3201e+02 6.0020e+00
1.2000e+02 5.6530e+02 1.4229e+01
1.5000e+02 5.6832e+02 5.2902e+00
1.8000e+02 5.4645e+02 1.0623e+01
2.1000e+02 5.4519e+02 8.1079e+00
2.4000e+02 5.4819e+02 1.0393e+01
2.7000e+02 5.5257e+02 1.3316e+01
3.0000e+02 6.0830e+02 5.8203e+01
3.3000e+02 5.6571e+02 1.6480e+01
/newplot
/plotname contrast2=0.5
0.0000e+00 5.5120e+02 1.1632e+01
3.0000e+01 5.4387e+02 6.5308e+00
6.0000e+01 5.7633e+02 2.6933e+01
9.0000e+01 5.3913e+02 1.3232e+01
1.2000e+02 5.5355e+02 1.6155e+01
1.5000e+02 5.5259e+02 1.1854e+01
1.8000e+02 5.5838e+02 1.8762e+01
2.1000e+02 5.6684e+02 1.2967e+01
2.4000e+02 5.4966e+02 2.2778e+01
2.7000e+02 5.5872e+02 9.3547e+00
3.0000e+02 5.6948e+02 2.2925e+01
3.3000e+02 5.6122e+02 1.4445e+01
/newplot
/plotname baseline
0.000000e+00 5.358100e+02
3.300000e+02 5.358100e+02
