/newplot
/plotname contrast2=0.0
0.0000e+00 8.3161e+02 1.4254e+01
3.0000e+01 8.2702e+02 2.2178e+01
6.0000e+01 8.4731e+02 2.9595e+01
9.0000e+01 8.4637e+02 1.3513e+01
1.2000e+02 8.3251e+02 1.5817e+01
1.5000e+02 8.3019e+02 2.1904e+01
1.8000e+02 8.2831e+02 1.5592e+01
2.1000e+02 8.3209e+02 3.0369e+01
2.4000e+02 8.4141e+02 2.3646e+01
2.7000e+02 8.4659e+02 1.8157e+01
3.0000e+02 8.3359e+02 3.9593e+01
3.3000e+02 8.2585e+02 2.8134e+01
/newplot
/plotname contrast2=0.5
0.0000e+00 8.2571e+02 8.0047e+00
3.0000e+01 8.3280e+02 2.1999e+01
6.0000e+01 8.2757e+02 1.5466e+01
9.0000e+01 8.2776e+02 1.9765e+01
1.2000e+02 8.3614e+02 1.6645e+01
1.5000e+02 8.4072e+02 1.7407e+01
1.8000e+02 8.3471e+02 2.2929e+01
2.1000e+02 8.4021e+02 1.4749e+01
2.4000e+02 8.4881e+02 2.6916e+01
2.7000e+02 8.4404e+02 3.2819e+01
3.0000e+02 8.4509e+02 2.3283e+01
3.3000e+02 8.4015e+02 1.6638e+01
/newplot
/plotname baseline
0.000000e+00 8.232914e+02
3.300000e+02 8.232914e+02
