/newplot
/plotname contrast2=0.0
0.0000e+00 7.9930e+02 2.9994e+01
3.0000e+01 7.6999e+02 1.5908e+01
6.0000e+01 7.7527e+02 1.9977e+01
9.0000e+01 7.6771e+02 2.5407e+01
1.2000e+02 7.7793e+02 2.1841e+01
1.5000e+02 8.2951e+02 1.7811e+01
1.8000e+02 8.1615e+02 3.5009e+01
2.1000e+02 7.6524e+02 2.2836e+01
2.4000e+02 7.7779e+02 4.2855e+01
2.7000e+02 7.8316e+02 1.7969e+01
3.0000e+02 7.6993e+02 3.4234e+01
3.3000e+02 8.2984e+02 4.5241e+01
/newplot
/plotname contrast2=0.5
0.0000e+00 7.9166e+02 2.8383e+01
3.0000e+01 7.7911e+02 2.3555e+01
6.0000e+01 7.8241e+02 2.6328e+01
9.0000e+01 7.9704e+02 3.8995e+01
1.2000e+02 7.6311e+02 3.9571e+01
1.5000e+02 8.1769e+02 3.1130e+01
1.8000e+02 8.0831e+02 1.0126e+01
2.1000e+02 7.9553e+02 3.1952e+01
2.4000e+02 8.0778e+02 3.7827e+01
2.7000e+02 8.0612e+02 2.3972e+01
3.0000e+02 7.8060e+02 3.3715e+01
3.3000e+02 7.9516e+02 1.8314e+01
/newplot
/plotname baseline
0.000000e+00 7.668456e+02
3.300000e+02 7.668456e+02
