/newplot
/plotname contrast2=0.0
0.0000e+00 8.3248e+02 1.9168e+01
3.0000e+01 8.3615e+02 2.1231e+01
6.0000e+01 8.5655e+02 2.6675e+01
9.0000e+01 8.7868e+02 2.4581e+01
1.2000e+02 8.4357e+02 1.2627e+01
1.5000e+02 8.3871e+02 1.4848e+01
1.8000e+02 8.2150e+02 2.4281e+01
2.1000e+02 8.4471e+02 2.2416e+01
2.4000e+02 8.6135e+02 1.8893e+01
2.7000e+02 8.7554e+02 2.9575e+01
3.0000e+02 8.4624e+02 2.7124e+01
3.3000e+02 8.4684e+02 2.2916e+01
/newplot
/plotname contrast2=0.5
0.0000e+00 8.4515e+02 2.2849e+01
3.0000e+01 8.4193e+02 2.1746e+01
6.0000e+01 8.5160e+02 2.7175e+01
9.0000e+01 8.4930e+02 3.4398e+01
1.2000e+02 8.3941e+02 3.5152e+01
1.5000e+02 8.4943e+02 1.3347e+01
1.8000e+02 8.7080e+02 3.7750e+01
2.1000e+02 8.4900e+02 2.4031e+01
2.4000e+02 8.4711e+02 2.5322e+01
2.7000e+02 8.6167e+02 1.5379e+01
3.0000e+02 8.3757e+02 1.5565e+01
3.3000e+02 8.5683e+02 3.2860e+01
/newplot
/plotname baseline
0.000000e+00 8.272562e+02
3.300000e+02 8.272562e+02
