/newplot
/plotname contrast2=0.0
0.0000e+00 5.4034e+02 2.4377e+01
3.0000e+01 5.1218e+02 1.5234e+01
6.0000e+01 4.9762e+02 1.5838e+01
9.0000e+01 4.9925e+02 1.2558e+01
1.2000e+02 5.0582e+02 7.6940e+00
1.5000e+02 5.0987e+02 1.5155e+01
1.8000e+02 5.4286e+02 1.7828e+01
2.1000e+02 5.1985e+02 1.4007e+01
2.4000e+02 4.9377e+02 8.0111e+00
2.7000e+02 4.9064e+02 1.2682e+01
3.0000e+02 4.8099e+02 7.6558e+00
3.3000e+02 5.2038e+02 1.7866e+01
/newplot
/plotname contrast2=0.5
0.0000e+00 5.3195e+02 1.9665e+01
3.0000e+01 5.1236e+02 1.0552e+01
6.0000e+01 4.9557e+02 1.1566e+01
9.0000e+01 5.2088e+02 1.5384e+01
1.2000e+02 5.1297e+02 2.4023e+01
1.5000e+02 5.0033e+02 1.8544e+01
1.8000e+02 5.2863e+02 1.4722e+01
2.1000e+02 5.1911e+02 1.5954e+01
2.4000e+02 5.1256e+02 2.0867e+01
2.7000e+02 5.2143e+02 2.0125e+01
3.0000e+02 5.0559e+02 1.2290e+01
3.3000e+02 5.1531e+02 1.8527e+01
/newplot
/plotname baseline
0.000000e+00 4.951855e+02
3.300000e+02 4.951855e+02
