/newplot
/plotname contrast2=0.0
0.0000e+00 2.1505e+02 1.3835e+01
3.0000e+01 2.0021e+02 1.0400e+01
6.0000e+01 1.9104e+02 1.1637e+01
9.0000e+01 1.9367e+02 7.6546e+00
1.2000e+02 1.9631e+02 6.7527e+00
1.5000e+02 2.0254e+02 1.1000e+01
1.8000e+02 2.1782e+02 1.0633e+01
2.1000e+02 1.9101e+02 3.9245e+00
2.4000e+02 1.9579e+02 9.4975e+00
2.7000e+02 1.8942e+02 6.8217e+00
3.0000e+02 1.9243e+02 7.6110e+00
3.3000e+02 2.1301e+02 1.2174e+01
/newplot
/plotname contrast2=0.5
0.0000e+00 2.0380e+02 6.4907e+00
3.0000e+01 2.0734e+02 1.6601e+01
6.0000e+01 2.0562e+02 1.0259e+01
9.0000e+01 2.0153e+02 1.1498e+01
1.2000e+02 2.0103e+02 1.2217e+01
1.5000e+02 2.1323e+02 2.6618e+01
1.8000e+02 2.1092e+02 9.4014e+00
2.1000e+02 2.0664e+02 8.2443e+00
2.4000e+02 2.1472e+02 1.3724e+01
2.7000e+02 2.1802e+02 7.4465e+00
3.0000e+02 2.0941e+02 1.4352e+01
3.3000e+02 2.1868e+02 2.5185e+01
/newplot
/plotname baseline
0.000000e+00 1.906414e+02
3.300000e+02 1.906414e+02
