/newplot
/plotname contrast2=0.0
0.0000e+00 3.5722e+02 1.3295e+01
3.0000e+01 3.7651e+02 5.0832e+01
6.0000e+01 3.5565e+02 2.2521e+01
9.0000e+01 3.4944e+02 7.4421e+00
1.2000e+02 3.5802e+02 2.3154e+01
1.5000e+02 3.4806e+02 1.5670e+01
1.8000e+02 3.6063e+02 1.5592e+01
2.1000e+02 3.6715e+02 1.3125e+01
2.4000e+02 3.5931e+02 1.3256e+01
2.7000e+02 3.5186e+02 2.0508e+01
3.0000e+02 3.5031e+02 2.9101e+01
3.3000e+02 3.5208e+02 2.4852e+01
/newplot
/plotname contrast2=0.5
0.0000e+00 3.7127e+02 2.9343e+01
3.0000e+01 4.3673e+02 8.8791e+01
6.0000e+01 3.8634e+02 5.5099e+01
9.0000e+01 3.7991e+02 3.3615e+01
1.2000e+02 4.0100e+02 7.2319e+01
1.5000e+02 4.2906e+02 1.5720e+02
1.8000e+02 3.7311e+02 2.1039e+01
2.1000e+02 3.9383e+02 3.3291e+01
2.4000e+02 3.9319e+02 2.4549e+01
2.7000e+02 4.0468e+02 6.5187e+01
3.0000e+02 4.2175e+02 6.9369e+01
3.3000e+02 4.1748e+02 1.0479e+02
/newplot
/plotname baseline
0.000000e+00 3.497796e+02
3.300000e+02 3.497796e+02
