/newplot
/plotname contrast2=0.0
0.0000e+00 2.2871e+02 5.8695e+00
3.0000e+01 2.2069e+02 1.4099e+01
6.0000e+01 2.2039e+02 1.4135e+01
9.0000e+01 2.2615e+02 9.1436e+00
1.2000e+02 2.2297e+02 1.5703e+01
1.5000e+02 2.3024e+02 6.6327e+00
1.8000e+02 2.3468e+02 1.2836e+01
2.1000e+02 2.2737e+02 2.1777e+01
2.4000e+02 2.1538e+02 1.1962e+01
2.7000e+02 2.1788e+02 2.6554e+01
3.0000e+02 2.1947e+02 1.3168e+01
3.3000e+02 2.2710e+02 1.8237e+01
/newplot
/plotname contrast2=0.5
0.0000e+00 2.3167e+02 1.4951e+01
3.0000e+01 2.3685e+02 2.5394e+01
6.0000e+01 2.1996e+02 1.6499e+01
9.0000e+01 2.3792e+02 1.6001e+01
1.2000e+02 2.3411e+02 2.6595e+01
1.5000e+02 2.5706e+02 3.2557e+01
1.8000e+02 2.4038e+02 1.9886e+01
2.1000e+02 2.2844e+02 9.4828e+00
2.4000e+02 2.3823e+02 1.1199e+01
2.7000e+02 2.4567e+02 2.1367e+01
3.0000e+02 2.4392e+02 2.2861e+01
3.3000e+02 2.5538e+02 2.0755e+01
/newplot
/plotname baseline
0.000000e+00 2.167336e+02
3.300000e+02 2.167336e+02
