/newplot
/plotname contrast2=0.0
0.0000e+00 3.5602e+02 1.7730e+01
3.0000e+01 3.5242e+02 1.7361e+01
6.0000e+01 3.2667e+02 1.2201e+01
9.0000e+01 3.4673e+02 1.9485e+01
1.2000e+02 3.6142e+02 1.7789e+01
1.5000e+02 3.9316e+02 4.1754e+01
1.8000e+02 3.6610e+02 1.8202e+01
2.1000e+02 3.4187e+02 1.4084e+01
2.4000e+02 3.5093e+02 1.3072e+01
2.7000e+02 3.4033e+02 8.8999e+00
3.0000e+02 3.6000e+02 2.1090e+01
3.3000e+02 3.9693e+02 3.9359e+01
/newplot
/plotname contrast2=0.5
0.0000e+00 3.6474e+02 2.4544e+01
3.0000e+01 3.6307e+02 2.8829e+01
6.0000e+01 3.5127e+02 1.4798e+01
9.0000e+01 3.6175e+02 1.3191e+01
1.2000e+02 3.6133e+02 2.7652e+01
1.5000e+02 3.7772e+02 6.5446e+01
1.8000e+02 3.6038e+02 2.7470e+01
2.1000e+02 3.6285e+02 2.1441e+01
2.4000e+02 3.8308e+02 2.1759e+01
2.7000e+02 3.6059e+02 2.4736e+01
3.0000e+02 3.7895e+02 4.0964e+01
3.3000e+02 3.9965e+02 4.8724e+01
/newplot
/plotname baseline
0.000000e+00 3.456551e+02
3.300000e+02 3.456551e+02
