/newplot
/plotname contrast2=0.0
0.0000e+00 5.7855e+02 2.5222e+01
3.0000e+01 5.7010e+02 3.2897e+01
6.0000e+01 5.6015e+02 5.5610e+01
9.0000e+01 5.7550e+02 4.0584e+01
1.2000e+02 5.6791e+02 3.2124e+01
1.5000e+02 5.6460e+02 2.9942e+01
1.8000e+02 5.7218e+02 5.6779e+01
2.1000e+02 6.0164e+02 4.1689e+01
2.4000e+02 5.7677e+02 4.5709e+01
2.7000e+02 5.8343e+02 3.8828e+01
3.0000e+02 5.8641e+02 2.3845e+01
3.3000e+02 5.7342e+02 3.3764e+01
/newplot
/plotname contrast2=0.5
0.0000e+00 5.8310e+02 4.4385e+01
3.0000e+01 5.9479e+02 3.8908e+01
6.0000e+01 5.5867e+02 4.0624e+01
9.0000e+01 5.7796e+02 2.8380e+01
1.2000e+02 5.9689e+02 4.8519e+01
1.5000e+02 6.3159e+02 6.2390e+01
1.8000e+02 5.8930e+02 3.8843e+01
2.1000e+02 5.8514e+02 2.8466e+01
2.4000e+02 5.9780e+02 2.1022e+01
2.7000e+02 5.8400e+02 3.2744e+01
3.0000e+02 6.0162e+02 6.5163e+01
3.3000e+02 6.0727e+02 8.2449e+01
/newplot
/plotname baseline
0.000000e+00 5.620932e+02
3.300000e+02 5.620932e+02
