/newplot
/plotname contrast2=0.0
0.0000e+00 6.4084e+02 4.8205e+01
3.0000e+01 6.8529e+02 4.8284e+01
6.0000e+01 5.9598e+02 3.4810e+01
9.0000e+01 6.1985e+02 2.7192e+01
1.2000e+02 6.0019e+02 2.6523e+01
1.5000e+02 6.3632e+02 3.7022e+01
1.8000e+02 6.2059e+02 5.6795e+01
2.1000e+02 7.4788e+02 6.8849e+01
2.4000e+02 6.6392e+02 4.4464e+01
2.7000e+02 5.9324e+02 6.3440e+01
3.0000e+02 5.8411e+02 3.0972e+01
3.3000e+02 6.0550e+02 4.3914e+01
/newplot
/plotname contrast2=0.5
0.0000e+00 6.3004e+02 4.9323e+01
3.0000e+01 6.4547e+02 5.7795e+01
6.0000e+01 6.1725e+02 2.9881e+01
9.0000e+01 5.9981e+02 3.3108e+01
1.2000e+02 6.9539e+02 3.7338e+01
1.5000e+02 7.0014e+02 9.4121e+01
1.8000e+02 6.6813e+02 3.5568e+01
2.1000e+02 7.3699e+02 3.7816e+01
2.4000e+02 6.7253e+02 3.4420e+01
2.7000e+02 6.3117e+02 5.4897e+01
3.0000e+02 6.8141e+02 1.1203e+02
3.3000e+02 6.6864e+02 1.1831e+02
/newplot
/plotname baseline
0.000000e+00 6.007832e+02
3.300000e+02 6.007832e+02
