/newplot
/plotname contrast2=0.0
0.0000e+00 2.1456e+02 1.4637e+01
3.0000e+01 2.0328e+02 1.2197e+01
6.0000e+01 2.0711e+02 1.4600e+01
9.0000e+01 2.0081e+02 1.3478e+01
1.2000e+02 2.1138e+02 1.4800e+01
1.5000e+02 2.0528e+02 1.0956e+01
1.8000e+02 2.1980e+02 1.5581e+01
2.1000e+02 2.1230e+02 1.5725e+01
2.4000e+02 2.0809e+02 1.3945e+01
2.7000e+02 2.0692e+02 1.4571e+01
3.0000e+02 2.0363e+02 1.0125e+01
3.3000e+02 2.0803e+02 1.1519e+01
/newplot
/plotname contrast2=0.5
0.0000e+00 2.2629e+02 1.5640e+01
3.0000e+01 2.1506e+02 7.7468e+00
6.0000e+01 2.3420e+02 1.1938e+01
9.0000e+01 2.0780e+02 2.1320e+01
1.2000e+02 2.1092e+02 1.4845e+01
1.5000e+02 2.1831e+02 1.5833e+01
1.8000e+02 2.2116e+02 2.0235e+01
2.1000e+02 2.3036e+02 2.1075e+01
2.4000e+02 2.2062e+02 1.7339e+01
2.7000e+02 2.2495e+02 1.1643e+01
3.0000e+02 2.1771e+02 1.7831e+01
3.3000e+02 2.2137e+02 1.4506e+01
/newplot
/plotname baseline
0.000000e+00 2.001624e+02
3.300000e+02 2.001624e+02
