/newplot
/plotname contrast2=0.0
0.0000e+00 2.6575e+02 1.7762e+01
3.0000e+01 2.5196e+02 1.3329e+01
6.0000e+01 2.4739e+02 1.6334e+01
9.0000e+01 2.4909e+02 1.5721e+01
1.2000e+02 2.5540e+02 1.2795e+01
1.5000e+02 2.5212e+02 9.4943e+00
1.8000e+02 2.7340e+02 1.7938e+01
2.1000e+02 2.5625e+02 1.9942e+01
2.4000e+02 2.5173e+02 1.4530e+01
2.7000e+02 2.4464e+02 1.2174e+01
3.0000e+02 2.4520e+02 1.5827e+01
3.3000e+02 2.4993e+02 1.0193e+01
/newplot
/plotname contrast2=0.5
0.0000e+00 2.7764e+02 1.1733e+01
3.0000e+01 2.6336e+02 1.1437e+01
6.0000e+01 2.6370e+02 1.2845e+01
9.0000e+01 2.7729e+02 2.9749e+01
1.2000e+02 2.6075e+02 1.6834e+01
1.5000e+02 2.7670e+02 2.9809e+01
1.8000e+02 2.7533e+02 1.4383e+01
2.1000e+02 2.7250e+02 2.1907e+01
2.4000e+02 2.7150e+02 1.8602e+01
2.7000e+02 2.8405e+02 1.1730e+01
3.0000e+02 2.6729e+02 1.3718e+01
3.3000e+02 2.7901e+02 1.0993e+01
/newplot
/plotname baseline
0.000000e+00 2.441286e+02
3.300000e+02 2.441286e+02
