/newplot
/plotname contrast2=0.0
0.0000e+00 8.1100e+02 3.2258e+01
3.0000e+01 8.1850e+02 4.0228e+01
6.0000e+01 7.8685e+02 6.1981e+01
9.0000e+01 8.2732e+02 2.9868e+01
1.2000e+02 8.3380e+02 2.7073e+01
1.5000e+02 8.2502e+02 2.4141e+01
1.8000e+02 8.1872e+02 2.8534e+01
2.1000e+02 8.2165e+02 3.5009e+01
2.4000e+02 8.2131e+02 2.6240e+01
2.7000e+02 8.0527e+02 7.3965e+01
3.0000e+02 8.2354e+02 3.4386e+01
3.3000e+02 8.1521e+02 4.7094e+01
/newplot
/plotname contrast2=0.5
0.0000e+00 8.1958e+02 5.3564e+01
3.0000e+01 8.0552e+02 3.2091e+01
6.0000e+01 8.1729e+02 5.2596e+01
9.0000e+01 8.1658e+02 3.2146e+01
1.2000e+02 8.3514e+02 3.7163e+01
1.5000e+02 8.2192e+02 3.5307e+01
1.8000e+02 8.3352e+02 4.4248e+01
2.1000e+02 8.2904e+02 3.6122e+01
2.4000e+02 8.2182e+02 4.8158e+01
2.7000e+02 8.1180e+02 3.0768e+01
3.0000e+02 8.4789e+02 3.7329e+01
3.3000e+02 8.5573e+02 1.5969e+01
/newplot
/plotname baseline
0.000000e+00 8.100393e+02
3.300000e+02 8.100393e+02
