/newplot
/plotname contrast2=0.0
0.0000e+00 6.6630e+02 1.6315e+01
3.0000e+01 6.3374e+02 2.0057e+01
6.0000e+01 6.2458e+02 1.1700e+01
9.0000e+01 6.1839e+02 1.7191e+01
1.2000e+02 6.2441e+02 2.3705e+01
1.5000e+02 6.5496e+02 1.0325e+01
1.8000e+02 6.7244e+02 2.6815e+01
2.1000e+02 6.3053e+02 2.9973e+01
2.4000e+02 6.1725e+02 3.0509e+01
2.7000e+02 6.2627e+02 1.6711e+01
3.0000e+02 6.3021e+02 2.6615e+01
3.3000e+02 6.6235e+02 3.0750e+01
/newplot
/plotname contrast2=0.5
0.0000e+00 6.5607e+02 2.6417e+01
3.0000e+01 6.6328e+02 2.3461e+01
6.0000e+01 6.7651e+02 3.1779e+01
9.0000e+01 6.5543e+02 2.7009e+01
1.2000e+02 6.4446e+02 2.2632e+01
1.5000e+02 6.6545e+02 1.8831e+01
1.8000e+02 6.5023e+02 1.7427e+01
2.1000e+02 6.5111e+02 1.8434e+01
2.4000e+02 6.7666e+02 1.9213e+01
2.7000e+02 6.8943e+02 1.6658e+01
3.0000e+02 6.3866e+02 3.5353e+01
3.3000e+02 6.8413e+02 3.8479e+01
/newplot
/plotname baseline
0.000000e+00 6.192683e+02
3.300000e+02 6.192683e+02
