/newplot
/plotname contrast2=0.0
0.0000e+00 3.6547e+02 2.5917e+01
3.0000e+01 3.6250e+02 2.6615e+01
6.0000e+01 3.3705e+02 7.9086e+00
9.0000e+01 3.7145e+02 1.2785e+01
1.2000e+02 3.6248e+02 1.9185e+01
1.5000e+02 3.6803e+02 3.3006e+01
1.8000e+02 3.6025e+02 2.2305e+01
2.1000e+02 3.6520e+02 1.3096e+01
2.4000e+02 3.6044e+02 2.1282e+01
2.7000e+02 3.6038e+02 3.2929e+01
3.0000e+02 3.8252e+02 3.3139e+01
3.3000e+02 3.7335e+02 3.2462e+01
/newplot
/plotname contrast2=0.5
0.0000e+00 3.6190e+02 2.7776e+01
3.0000e+01 3.5702e+02 3.1180e+01
6.0000e+01 3.6170e+02 1.5678e+01
9.0000e+01 3.7893e+02 1.8883e+01
1.2000e+02 3.7165e+02 1.8647e+01
1.5000e+02 3.7535e+02 2.5984e+01
1.8000e+02 3.9665e+02 3.7456e+01
2.1000e+02 3.7299e+02 3.2051e+01
2.4000e+02 3.5744e+02 2.1405e+01
2.7000e+02 3.6379e+02 1.6944e+01
3.0000e+02 3.7399e+02 1.9477e+01
3.3000e+02 3.8382e+02 3.4457e+01
/newplot
/plotname baseline
0.000000e+00 3.646682e+02
3.300000e+02 3.646682e+02
