/newplot
/plotname contrast2=0.0
0.0000e+00 2.5548e+02 3.7136e+00
3.0000e+01 2.6213e+02 1.3429e+01
6.0000e+01 2.5518e+02 6.3672e+00
9.0000e+01 2.6712e+02 1.1562e+01
1.2000e+02 2.8747e+02 2.4908e+01
1.5000e+02 2.7629e+02 1.5996e+01
1.8000e+02 2.7090e+02 1.9912e+01
2.1000e+02 2.5993e+02 1.2764e+01
2.4000e+02 2.6374e+02 1.6263e+01
2.7000e+02 2.6146e+02 1.0222e+01
3.0000e+02 2.8897e+02 1.4634e+01
3.3000e+02 2.8053e+02 1.2533e+01
/newplot
/plotname contrast2=0.5
0.0000e+00 2.7346e+02 1.6296e+01
3.0000e+01 2.9618e+02 1.8344e+01
6.0000e+01 2.9109e+02 1.8009e+01
9.0000e+01 2.6543e+02 1.5810e+01
1.2000e+02 2.7685e+02 1.9563e+01
1.5000e+02 2.9530e+02 2.9994e+01
1.8000e+02 2.8615e+02 9.1456e+00
2.1000e+02 2.8492e+02 9.4128e+00
2.4000e+02 3.0383e+02 8.8477e+00
2.7000e+02 2.8743e+02 2.6615e+01
3.0000e+02 2.9609e+02 3.1265e+01
3.3000e+02 2.9759e+02 1.6583e+01
/newplot
/plotname baseline
0.000000e+00 2.582602e+02
3.300000e+02 2.582602e+02
