/newplot
/plotname contrast2=0.0
0.0000e+00 1.1353e+03 4.5730e+01
3.0000e+01 1.1190e+03 5.3334e+01
6.0000e+01 1.0512e+03 4.6072e+01
9.0000e+01 1.0962e+03 4.7743e+01
1.2000e+02 1.0840e+03 2.5896e+01
1.5000e+02 1.1017e+03 2.5543e+01
1.8000e+02 1.1126e+03 2.6524e+01
2.1000e+02 1.1079e+03 7.3600e+01
2.4000e+02 1.0780e+03 4.9022e+01
2.7000e+02 1.0722e+03 4.5812e+01
3.0000e+02 1.0691e+03 4.0208e+01
3.3000e+02 1.0721e+03 2.9390e+01
/newplot
/plotname contrast2=0.5
0.0000e+00 1.0952e+03 5.1351e+01
3.0000e+01 1.0793e+03 5.0669e+01
6.0000e+01 1.0852e+03 1.8539e+01
9.0000e+01 1.0782e+03 4.8516e+01
1.2000e+02 1.1193e+03 1.7882e+01
1.5000e+02 1.1001e+03 5.1139e+01
1.8000e+02 1.1334e+03 3.5747e+01
2.1000e+02 1.0739e+03 5.3885e+01
2.4000e+02 1.0801e+03 3.8290e+01
2.7000e+02 1.1093e+03 4.4089e+01
3.0000e+02 1.1473e+03 3.4620e+01
3.3000e+02 1.1187e+03 5.5952e+01
/newplot
/plotname baseline
0.000000e+00 1.072950e+03
3.300000e+02 1.072950e+03
