/newplot
/plotname contrast2=0.0
0.0000e+00 1.1944e+03 8.1878e+01
3.0000e+01 1.1484e+03 1.9470e+02
6.0000e+01 1.1203e+03 7.2126e+01
9.0000e+01 1.1419e+03 5.2432e+01
1.2000e+02 1.1744e+03 1.2847e+02
1.5000e+02 1.1186e+03 8.1882e+01
1.8000e+02 1.1463e+03 4.3935e+01
2.1000e+02 1.1456e+03 3.8520e+01
2.4000e+02 1.1393e+03 3.5997e+01
2.7000e+02 1.1886e+03 9.9414e+01
3.0000e+02 1.0979e+03 5.8308e+01
3.3000e+02 1.1823e+03 6.4778e+01
/newplot
/plotname contrast2=0.5
0.0000e+00 1.1785e+03 1.0545e+02
3.0000e+01 1.3051e+03 1.2527e+02
6.0000e+01 1.2199e+03 4.1020e+01
9.0000e+01 1.1564e+03 7.2538e+01
1.2000e+02 1.2970e+03 1.8078e+02
1.5000e+02 1.4406e+03 2.7057e+02
1.8000e+02 1.3671e+03 1.0786e+02
2.1000e+02 1.3353e+03 9.8718e+01
2.4000e+02 1.2575e+03 7.9704e+01
2.7000e+02 1.3053e+03 6.4146e+01
3.0000e+02 1.2691e+03 7.1279e+01
3.3000e+02 1.4426e+03 1.4695e+02
/newplot
/plotname baseline
0.000000e+00 1.102239e+03
3.300000e+02 1.102239e+03
