/newplot
/plotname contrast2=0.0
0.0000e+00 5.2016e+02 4.4333e+01
3.0000e+01 5.9559e+02 2.5600e+02
6.0000e+01 4.4221e+02 3.3083e+01
9.0000e+01 4.6424e+02 1.5370e+01
1.2000e+02 5.1643e+02 9.3436e+01
1.5000e+02 5.1085e+02 1.0464e+02
1.8000e+02 5.0845e+02 4.6311e+01
2.1000e+02 4.8970e+02 4.3367e+01
2.4000e+02 4.6490e+02 9.9410e+00
2.7000e+02 4.7418e+02 5.7315e+01
3.0000e+02 4.6114e+02 3.4615e+01
3.3000e+02 4.9378e+02 5.6491e+01
/newplot
/plotname contrast2=0.5
0.0000e+00 5.1366e+02 6.3430e+01
3.0000e+01 5.9969e+02 1.5832e+02
6.0000e+01 5.0229e+02 7.3831e+01
9.0000e+01 5.7270e+02 1.3276e+02
1.2000e+02 6.4296e+02 2.4127e+02
1.5000e+02 6.0675e+02 2.4997e+02
1.8000e+02 5.2585e+02 5.0335e+01
2.1000e+02 5.3552e+02 5.3238e+01
2.4000e+02 5.0278e+02 2.5731e+01
2.7000e+02 5.8328e+02 1.2556e+02
3.0000e+02 6.7192e+02 2.5529e+02
3.3000e+02 6.9034e+02 4.1189e+02
/newplot
/plotname baseline
0.000000e+00 4.838803e+02
3.300000e+02 4.838803e+02
