/newplot
/plotname contrast2=0.0
0.0000e+00 3.0209e+02 2.1362e+01
3.0000e+01 3.5668e+02 7.1862e+01
6.0000e+01 3.7056e+02 3.9018e+01
9.0000e+01 3.1056e+02 1.6939e+01
1.2000e+02 3.3103e+02 2.7065e+01
1.5000e+02 3.1176e+02 1.8964e+01
1.8000e+02 3.0947e+02 9.4950e+00
2.1000e+02 3.1520e+02 2.5172e+01
2.4000e+02 3.6891e+02 2.3929e+01
2.7000e+02 3.1294e+02 3.3180e+01
3.0000e+02 3.1977e+02 2.4668e+01
3.3000e+02 3.0376e+02 2.2959e+01
/newplot
/plotname contrast2=0.5
0.0000e+00 3.0236e+02 4.2672e+01
3.0000e+01 3.6330e+02 4.3757e+01
6.0000e+01 3.4166e+02 6.1132e+01
9.0000e+01 3.1405e+02 3.0992e+01
1.2000e+02 3.3269e+02 5.0238e+01
1.5000e+02 4.0597e+02 1.2953e+02
1.8000e+02 3.2197e+02 1.9999e+01
2.1000e+02 3.5656e+02 1.8585e+01
2.4000e+02 3.6794e+02 2.8629e+01
2.7000e+02 3.5399e+02 4.3163e+01
3.0000e+02 3.8729e+02 1.1402e+02
3.3000e+02 4.2101e+02 1.6648e+02
/newplot
/plotname baseline
0.000000e+00 3.112151e+02
3.300000e+02 3.112151e+02
