/newplot
/plotname contrast2=0.0
0.0000e+00 3.0239e+02 3.9119e+01
3.0000e+01 3.2665e+02 1.8830e+01
6.0000e+01 2.8094e+02 2.3271e+01
9.0000e+01 2.6992e+02 2.4560e+01
1.2000e+02 2.7403e+02 1.5272e+01
1.5000e+02 2.8038e+02 1.9008e+01
1.8000e+02 3.0975e+02 2.5817e+01
2.1000e+02 3.5782e+02 4.3013e+01
2.4000e+02 2.7407e+02 9.6696e+00
2.7000e+02 2.7339e+02 1.5295e+01
3.0000e+02 2.5296e+02 1.1630e+01
3.3000e+02 2.8156e+02 2.5152e+01
/newplot
/plotname contrast2=0.5
0.0000e+00 2.8536e+02 1.1908e+01
3.0000e+01 3.1612e+02 2.5734e+01
6.0000e+01 2.7772e+02 8.6581e+00
9.0000e+01 3.0616e+02 6.5659e+01
1.2000e+02 3.2838e+02 2.0721e+01
1.5000e+02 3.1580e+02 5.3852e+01
1.8000e+02 3.1579e+02 2.5472e+01
2.1000e+02 3.6095e+02 2.0680e+01
2.4000e+02 2.9037e+02 1.3445e+01
2.7000e+02 2.8673e+02 1.6396e+01
3.0000e+02 3.1514e+02 6.3638e+01
3.3000e+02 2.9365e+02 3.7861e+01
/newplot
/plotname baseline
0.000000e+00 2.680350e+02
3.300000e+02 2.680350e+02
