/newplot
/plotname contrast2=0.0
0.0000e+00 4.2931e+02 2.1396e+01
3.0000e+01 4.3436e+02 2.7653e+01
6.0000e+01 4.1838e+02 3.1175e+01
9.0000e+01 4.2147e+02 2.0263e+01
1.2000e+02 4.1710e+02 2.3771e+01
1.5000e+02 4.1812e+02 2.0948e+01
1.8000e+02 4.3965e+02 1.1374e+01
2.1000e+02 4.2232e+02 1.5251e+01
2.4000e+02 4.3289e+02 9.7870e+00
2.7000e+02 4.1080e+02 1.7703e+01
3.0000e+02 4.1975e+02 2.8742e+01
3.3000e+02 4.1727e+02 2.8205e+01
/newplot
/plotname contrast2=0.5
0.0000e+00 4.4737e+02 2.2094e+01
3.0000e+01 4.5304e+02 3.2701e+01
6.0000e+01 4.4262e+02 3.2659e+01
9.0000e+01 4.3147e+02 2.9769e+01
1.2000e+02 4.3912e+02 1.6651e+01
1.5000e+02 4.3638e+02 5.1163e+01
1.8000e+02 4.3813e+02 2.4836e+01
2.1000e+02 4.6061e+02 2.0579e+01
2.4000e+02 4.3181e+02 2.3056e+01
2.7000e+02 4.3011e+02 2.0792e+01
3.0000e+02 4.5121e+02 2.8564e+01
3.3000e+02 4.3814e+02 4.1194e+01
/newplot
/plotname baseline
0.000000e+00 4.156989e+02
3.300000e+02 4.156989e+02
