/newplot
/plotname contrast2=0.0
0.0000e+00 5.5829e+02 3.2754e+01
3.0000e+01 5.1322e+02 3.0723e+01
6.0000e+01 4.8934e+02 2.9672e+01
9.0000e+01 5.1441e+02 4.5153e+01
1.2000e+02 5.1293e+02 2.6293e+01
1.5000e+02 5.0648e+02 3.0127e+01
1.8000e+02 5.5131e+02 2.5196e+01
2.1000e+02 5.1594e+02 2.7616e+01
2.4000e+02 5.2058e+02 5.1418e+01
2.7000e+02 5.0219e+02 5.5788e+01
3.0000e+02 5.1889e+02 4.6798e+01
3.3000e+02 5.1983e+02 3.5306e+01
/newplot
/plotname contrast2=0.5
0.0000e+00 5.3329e+02 5.1348e+01
3.0000e+01 5.1930e+02 3.7023e+01
6.0000e+01 5.3899e+02 1.9433e+01
9.0000e+01 5.4009e+02 2.6232e+01
1.2000e+02 5.2565e+02 4.1816e+01
1.5000e+02 5.2777e+02 2.0033e+01
1.8000e+02 5.4244e+02 1.8329e+01
2.1000e+02 5.0393e+02 2.5676e+01
2.4000e+02 5.1133e+02 2.7916e+01
2.7000e+02 5.2843e+02 2.5706e+01
3.0000e+02 5.4394e+02 3.8649e+01
3.3000e+02 5.2154e+02 3.4943e+01
/newplot
/plotname baseline
0.000000e+00 5.043166e+02
3.300000e+02 5.043166e+02
