/newplot
/plotname contrast2=0.0
0.0000e+00 3.1001e+02 1.0786e+01
3.0000e+01 3.2045e+02 2.3154e+01
6.0000e+01 3.5425e+02 3.6036e+01
9.0000e+01 3.1969e+02 9.8038e+00
1.2000e+02 3.0562e+02 8.4677e+00
1.5000e+02 3.1199e+02 1.1141e+01
1.8000e+02 3.2031e+02 1.7796e+01
2.1000e+02 3.1872e+02 1.0476e+01
2.4000e+02 3.4815e+02 1.6635e+01
2.7000e+02 3.2770e+02 8.2364e+00
3.0000e+02 3.2316e+02 1.0504e+01
3.3000e+02 3.0999e+02 1.8576e+01
/newplot
/plotname contrast2=0.5
0.0000e+00 3.1725e+02 9.8585e+00
3.0000e+01 3.4645e+02 2.6383e+01
6.0000e+01 3.2190e+02 2.4383e+01
9.0000e+01 3.2503e+02 2.3879e+01
1.2000e+02 3.4149e+02 3.1383e+01
1.5000e+02 3.6526e+02 5.4498e+01
1.8000e+02 3.2789e+02 1.3065e+01
2.1000e+02 3.5331e+02 2.0483e+01
2.4000e+02 3.4272e+02 1.9711e+01
2.7000e+02 3.5014e+02 4.3204e+01
3.0000e+02 3.6258e+02 4.9201e+01
3.3000e+02 3.6986e+02 6.3474e+01
/newplot
/plotname baseline
0.000000e+00 3.132441e+02
3.300000e+02 3.132441e+02
