/newplot
/plotname contrast2=0.0
0.0000e+00 2.7309e+02 1.1580e+01
3.0000e+01 2.6642e+02 1.4586e+01
6.0000e+01 2.7528e+02 1.5537e+01
9.0000e+01 2.7439e+02 1.6389e+01
1.2000e+02 2.6591e+02 1.2624e+01
1.5000e+02 2.6333e+02 1.2112e+01
1.8000e+02 2.6448e+02 1.8074e+01
2.1000e+02 2.6957e+02 1.3139e+01
2.4000e+02 2.6577e+02 1.2028e+01
2.7000e+02 2.7164e+02 1.3365e+01
3.0000e+02 2.6653e+02 1.1201e+01
3.3000e+02 2.6592e+02 1.1835e+01
/newplot
/plotname contrast2=0.5
0.0000e+00 2.6768e+02 1.0280e+01
3.0000e+01 2.7345e+02 1.2726e+01
6.0000e+01 2.6612e+02 1.0750e+01
9.0000e+01 2.7417e+02 1.3516e+01
1.2000e+02 2.6444e+02 1.3645e+01
1.5000e+02 2.7544e+02 2.5564e+01
1.8000e+02 2.7000e+02 1.2795e+01
2.1000e+02 2.7358e+02 1.5041e+01
2.4000e+02 2.6717e+02 1.8452e+01
2.7000e+02 2.7171e+02 1.7591e+01
3.0000e+02 2.7503e+02 1.8359e+01
3.3000e+02 2.7532e+02 2.0331e+01
/newplot
/plotname baseline
0.000000e+00 2.637531e+02
3.300000e+02 2.637531e+02
