/newplot
/plotname contrast2=0.0
0.0000e+00 4.8471e+02 9.7367e+00
3.0000e+01 5.1024e+02 4.6732e+01
6.0000e+01 5.1024e+02 3.5114e+01
9.0000e+01 4.9251e+02 1.0396e+01
1.2000e+02 5.0021e+02 2.5165e+01
1.5000e+02 4.8486e+02 1.4549e+01
1.8000e+02 4.7872e+02 1.7161e+01
2.1000e+02 5.1232e+02 3.2996e+01
2.4000e+02 5.3343e+02 2.4242e+01
2.7000e+02 5.0252e+02 2.2485e+01
3.0000e+02 4.7857e+02 2.4255e+01
3.3000e+02 4.8916e+02 1.8948e+01
/newplot
/plotname contrast2=0.5
0.0000e+00 5.0610e+02 3.4161e+01
3.0000e+01 5.4384e+02 6.6100e+01
6.0000e+01 5.4244e+02 7.8689e+01
9.0000e+01 4.8665e+02 2.4318e+01
1.2000e+02 5.5493e+02 8.8357e+01
1.5000e+02 6.2137e+02 1.9311e+02
1.8000e+02 5.3248e+02 3.8461e+01
2.1000e+02 5.5102e+02 3.1546e+01
2.4000e+02 5.7146e+02 4.0000e+01
2.7000e+02 5.3893e+02 8.2248e+01
3.0000e+02 5.9562e+02 1.4988e+02
3.3000e+02 5.9544e+02 1.5684e+02
/newplot
/plotname baseline
0.000000e+00 4.838087e+02
3.300000e+02 4.838087e+02
