/newplot
/plotname contrast2=0.0
0.0000e+00 1.8043e+03 6.7436e+01
3.0000e+01 1.8011e+03 8.3924e+01
6.0000e+01 1.7549e+03 1.1155e+02
9.0000e+01 1.8272e+03 5.6943e+01
1.2000e+02 1.8262e+03 4.2825e+01
1.5000e+02 1.8011e+03 4.6341e+01
1.8000e+02 1.7842e+03 8.3837e+01
2.1000e+02 1.7965e+03 5.3705e+01
2.4000e+02 1.8229e+03 8.6274e+01
2.7000e+02 1.7827e+03 1.2413e+02
3.0000e+02 1.8029e+03 6.9823e+01
3.3000e+02 1.7856e+03 4.3180e+01
/newplot
/plotname contrast2=0.5
0.0000e+00 1.8242e+03 7.1044e+01
3.0000e+01 1.7842e+03 8.1836e+01
6.0000e+01 1.8166e+03 8.1624e+01
9.0000e+01 1.7672e+03 8.9745e+01
1.2000e+02 1.8524e+03 6.8378e+01
1.5000e+02 1.8433e+03 9.3373e+01
1.8000e+02 1.8851e+03 5.8935e+01
2.1000e+02 1.8085e+03 5.1521e+01
2.4000e+02 1.8252e+03 8.1547e+01
2.7000e+02 1.7790e+03 6.1274e+01
3.0000e+02 1.8563e+03 3.6148e+01
3.3000e+02 1.8884e+03 5.5122e+01
/newplot
/plotname baseline
0.000000e+00 1.786151e+03
3.300000e+02 1.786151e+03
