/newplot
/plotname contrast2=0.0
0.0000e+00 2.6162e+02 1.1582e+01
3.0000e+01 2.4645e+02 1.9815e+01
6.0000e+01 2.2769e+02 1.4898e+01
9.0000e+01 2.4707e+02 1.5242e+01
1.2000e+02 2.4913e+02 1.1730e+01
1.5000e+02 2.5684e+02 2.6666e+01
1.8000e+02 2.7647e+02 2.4907e+01
2.1000e+02 2.4508e+02 8.3448e+00
2.4000e+02 2.4283e+02 1.0092e+01
2.7000e+02 2.4098e+02 1.7983e+01
3.0000e+02 2.5287e+02 1.1022e+01
3.3000e+02 2.6830e+02 1.5276e+01
/newplot
/plotname contrast2=0.5
0.0000e+00 2.6541e+02 1.3495e+01
3.0000e+01 2.5821e+02 1.5401e+01
6.0000e+01 2.7745e+02 1.7875e+01
9.0000e+01 2.7035e+02 2.2196e+01
1.2000e+02 2.6879e+02 1.4618e+01
1.5000e+02 2.8669e+02 3.8342e+01
1.8000e+02 2.8693e+02 2.4685e+01
2.1000e+02 2.5762e+02 1.5794e+01
2.4000e+02 2.7312e+02 1.5544e+01
2.7000e+02 2.7543e+02 1.2602e+01
3.0000e+02 2.8285e+02 2.9327e+01
3.3000e+02 2.9265e+02 2.7483e+01
/newplot
/plotname baseline
0.000000e+00 2.412078e+02
3.300000e+02 2.412078e+02
