/newplot
/plotname contrast2=0.0
0.0000e+00 1.9820e+03 3.4244e+01
3.0000e+01 2.0110e+03 9.8831e+01
6.0000e+01 2.0488e+03 1.1436e+02
9.0000e+01 2.0115e+03 7.0399e+01
1.2000e+02 2.0322e+03 1.0583e+02
1.5000e+02 1.9705e+03 6.4073e+01
1.8000e+02 1.9512e+03 4.4718e+01
2.1000e+02 2.0029e+03 5.1164e+01
2.4000e+02 2.0654e+03 9.3542e+01
2.7000e+02 2.0269e+03 1.1524e+02
3.0000e+02 2.0164e+03 6.6261e+01
3.3000e+02 2.0010e+03 8.4211e+01
/newplot
/plotname contrast2=0.5
0.0000e+00 2.0083e+03 7.5261e+01
3.0000e+01 2.0894e+03 1.3453e+02
6.0000e+01 2.0281e+03 6.6126e+01
9.0000e+01 2.0124e+03 5.3114e+01
1.2000e+02 2.0898e+03 1.6227e+02
1.5000e+02 2.1231e+03 1.7149e+02
1.8000e+02 1.9959e+03 5.2422e+01
2.1000e+02 2.0630e+03 1.2993e+02
2.4000e+02 2.0643e+03 7.3871e+01
2.7000e+02 2.0809e+03 8.4412e+01
3.0000e+02 2.0322e+03 6.4164e+01
3.3000e+02 2.0881e+03 9.0619e+01
/newplot
/plotname baseline
0.000000e+00 2.012993e+03
3.300000e+02 2.012993e+03
