/newplot
/plotname contrast2=0.0
0.0000e+00 2.8691e+02 1.8941e+01
3.0000e+01 2.7138e+02 1.1027e+01
6.0000e+01 2.6659e+02 9.0931e+00
9.0000e+01 2.7490e+02 1.4786e+01
1.2000e+02 2.6960e+02 1.2880e+01
1.5000e+02 2.7078e+02 8.4728e+00
1.8000e+02 2.7595e+02 3.6746e+00
2.1000e+02 2.7947e+02 1.4969e+01
2.4000e+02 2.6422e+02 4.7190e+00
2.7000e+02 2.7682e+02 1.8412e+01
3.0000e+02 2.7170e+02 8.9854e+00
3.3000e+02 2.7433e+02 1.4504e+01
/newplot
/plotname contrast2=0.5
0.0000e+00 2.7023e+02 6.2137e+00
3.0000e+01 3.2321e+02 5.3407e+01
6.0000e+01 2.9822e+02 4.0546e+01
9.0000e+01 2.7931e+02 2.8544e+01
1.2000e+02 2.7651e+02 1.6328e+01
1.5000e+02 2.7832e+02 2.7141e+01
1.8000e+02 2.7275e+02 5.9556e+00
2.1000e+02 2.9526e+02 1.0933e+01
2.4000e+02 2.7669e+02 1.8204e+01
2.7000e+02 2.8258e+02 1.5051e+01
3.0000e+02 3.0151e+02 5.8886e+01
3.3000e+02 2.8558e+02 2.8510e+01
/newplot
/plotname baseline
0.000000e+00 2.698575e+02
3.300000e+02 2.698575e+02
