/newplot
/plotname contrast2=0.0
0.0000e+00 3.0916e+02 2.3655e+01
3.0000e+01 3.1395e+02 8.6096e+00
6.0000e+01 3.6434e+02 3.2277e+01
9.0000e+01 3.5180e+02 3.1372e+01
1.2000e+02 3.0365e+02 1.9658e+01
1.5000e+02 3.1478e+02 2.5346e+01
1.8000e+02 3.2725e+02 2.0076e+01
2.1000e+02 3.3141e+02 1.9898e+01
2.4000e+02 3.9413e+02 4.0823e+01
2.7000e+02 3.5487e+02 2.8146e+01
3.0000e+02 3.2184e+02 2.1359e+01
3.3000e+02 3.1476e+02 2.5152e+01
/newplot
/plotname contrast2=0.5
0.0000e+00 3.3658e+02 3.0352e+01
3.0000e+01 3.2256e+02 2.2417e+01
6.0000e+01 3.5956e+02 1.7359e+01
9.0000e+01 3.4375e+02 3.0170e+01
1.2000e+02 3.2861e+02 2.1713e+01
1.5000e+02 3.5764e+02 1.2782e+01
1.8000e+02 3.5548e+02 1.4098e+01
2.1000e+02 3.4159e+02 3.2944e+01
2.4000e+02 3.6507e+02 2.1704e+01
2.7000e+02 3.8596e+02 3.2389e+01
3.0000e+02 3.2400e+02 1.3558e+01
3.3000e+02 3.6771e+02 1.3684e+01
/newplot
/plotname baseline
0.000000e+00 3.075351e+02
3.300000e+02 3.075351e+02
