/newplot
/plotname contrast2=0.0
0.0000e+00 1.0921e+03 7.3487e+01
3.0000e+01 1.0464e+03 8.3966e+01
6.0000e+01 1.0317e+03 2.9513e+01
9.0000e+01 1.0308e+03 4.6566e+01
1.2000e+02 1.0236e+03 2.9983e+01
1.5000e+02 1.0305e+03 4.0222e+01
1.8000e+02 1.0568e+03 8.1959e+01
2.1000e+02 1.0717e+03 3.6746e+01
2.4000e+02 1.0464e+03 4.5665e+01
2.7000e+02 1.0341e+03 3.5613e+01
3.0000e+02 1.0429e+03 6.8912e+01
3.3000e+02 1.0196e+03 5.9967e+01
/newplot
/plotname contrast2=0.5
0.0000e+00 1.0410e+03 3.8347e+01
3.0000e+01 1.0315e+03 4.1210e+01
6.0000e+01 1.0666e+03 1.0911e+02
9.0000e+01 1.0755e+03 3.5026e+01
1.2000e+02 1.0996e+03 7.4891e+01
1.5000e+02 1.0889e+03 5.4493e+01
1.8000e+02 1.1242e+03 8.9021e+01
2.1000e+02 1.0465e+03 4.5526e+01
2.4000e+02 1.0195e+03 4.8838e+01
2.7000e+02 1.0477e+03 1.2599e+02
3.0000e+02 1.1011e+03 9.9959e+01
3.3000e+02 1.0829e+03 6.6107e+01
/newplot
/plotname baseline
0.000000e+00 1.026301e+03
3.300000e+02 1.026301e+03
