/newplot
/plotname contrast2=0.0
0.0000e+00 4.1247e+02 2.0890e+01
3.0000e+01 3.9768e+02 1.5432e+01
6.0000e+01 3.9016e+02 2.3428e+01
9.0000e+01 4.0070e+02 1.9518e+01
1.2000e+02 3.9348e+02 2.9437e+01
1.5000e+02 4.0019e+02 3.8032e+01
1.8000e+02 3.9956e+02 1.9269e+01
2.1000e+02 4.0497e+02 2.6582e+01
2.4000e+02 3.9778e+02 4.1288e+01
2.7000e+02 3.9073e+02 2.7507e+01
3.0000e+02 3.9303e+02 2.3116e+01
3.3000e+02 3.9549e+02 3.0745e+01
/newplot
/plotname contrast2=0.5
0.0000e+00 4.0522e+02 4.1064e+01
3.0000e+01 4.2591e+02 3.4428e+01
6.0000e+01 4.4098e+02 2.0874e+01
9.0000e+01 4.1884e+02 3.2879e+01
1.2000e+02 4.1136e+02 1.9244e+01
1.5000e+02 4.3868e+02 2.9693e+01
1.8000e+02 4.0384e+02 3.1788e+01
2.1000e+02 4.4619e+02 3.0204e+01
2.4000e+02 4.2637e+02 2.3474e+01
2.7000e+02 4.1241e+02 4.9417e+01
3.0000e+02 4.1157e+02 3.5202e+01
3.3000e+02 4.2939e+02 2.5941e+01
/newplot
/plotname baseline
0.000000e+00 3.824233e+02
3.300000e+02 3.824233e+02
