/newplot
/plotname contrast2=0.0
0.0000e+00 5.4899e+02 1.1574e+01
3.0000e+01 5.5576e+02 2.5200e+01
6.0000e+01 5.4357e+02 3.1619e+01
9.0000e+01 5.4558e+02 3.0132e+01
1.2000e+02 5.4949e+02 2.9995e+01
1.5000e+02 5.3636e+02 1.8841e+01
1.8000e+02 5.5027e+02 2.4718e+01
2.1000e+02 5.4744e+02 3.4261e+01
2.4000e+02 5.5169e+02 3.1309e+01
2.7000e+02 5.4608e+02 2.8658e+01
3.0000e+02 5.3440e+02 3.5932e+01
3.3000e+02 5.3480e+02 3.0755e+01
/newplot
/plotname contrast2=0.5
0.0000e+00 5.4826e+02 2.8496e+01
3.0000e+01 5.5772e+02 3.9979e+01
6.0000e+01 5.5103e+02 2.6485e+01
9.0000e+01 5.4477e+02 2.6245e+01
1.2000e+02 5.6149e+02 2.0046e+01
1.5000e+02 5.4876e+02 3.8081e+01
1.8000e+02 5.5894e+02 1.4778e+01
2.1000e+02 5.5823e+02 1.6988e+01
2.4000e+02 5.6189e+02 2.2794e+01
2.7000e+02 5.4598e+02 2.5571e+01
3.0000e+02 5.4929e+02 3.6038e+01
3.3000e+02 5.5426e+02 3.5079e+01
/newplot
/plotname baseline
0.000000e+00 5.316564e+02
3.300000e+02 5.316564e+02
