/newplot
/plotname contrast2=0.0
0.0000e+00 5.4207e+02 2.4227e+01
3.0000e+01 5.2089e+02 1.5830e+01
6.0000e+01 5.1525e+02 3.2011e+01
9.0000e+01 5.1716e+02 2.9009e+01
1.2000e+02 5.1540e+02 1.2850e+01
1.5000e+02 5.1534e+02 2.6547e+01
1.8000e+02 5.2364e+02 1.7161e+01
2.1000e+02 5.1711e+02 2.5635e+01
2.4000e+02 5.1207e+02 2.4539e+01
2.7000e+02 5.1479e+02 2.6955e+01
3.0000e+02 5.1896e+02 7.8320e+00
3.3000e+02 5.0068e+02 1.5512e+01
/newplot
/plotname contrast2=0.5
0.0000e+00 5.1950e+02 2.1739e+01
3.0000e+01 5.2332e+02 2.9261e+01
6.0000e+01 5.3362e+02 2.5835e+01
9.0000e+01 5.3461e+02 3.0937e+01
1.2000e+02 5.4009e+02 1.5371e+01
1.5000e+02 5.3763e+02 3.9217e+01
1.8000e+02 5.5286e+02 4.0800e+01
2.1000e+02 5.1306e+02 3.6000e+01
2.4000e+02 5.0837e+02 1.6196e+01
2.7000e+02 5.2262e+02 3.5802e+01
3.0000e+02 5.3140e+02 1.9011e+01
3.3000e+02 5.3705e+02 2.7482e+01
/newplot
/plotname baseline
0.000000e+00 5.079478e+02
3.300000e+02 5.079478e+02
