/newplot
/plotname contrast2=0.0
0.0000e+00 3.5584e+02 1.7423e+01
3.0000e+01 3.4788e+02 2.7936e+01
6.0000e+01 4.1057e+02 3.4435e+01
9.0000e+01 3.9739e+02 3.6020e+01
1.2000e+02 3.5427e+02 2.0494e+01
1.5000e+02 3.3915e+02 3.3932e+01
1.8000e+02 3.5066e+02 1.8419e+01
2.1000e+02 3.6313e+02 2.6405e+01
2.4000e+02 3.7784e+02 2.3619e+01
2.7000e+02 3.9603e+02 2.1572e+01
3.0000e+02 3.4905e+02 1.8545e+01
3.3000e+02 3.3987e+02 1.8690e+01
/newplot
/plotname contrast2=0.5
0.0000e+00 3.7391e+02 1.3057e+01
3.0000e+01 3.9916e+02 3.2299e+01
6.0000e+01 4.2946e+02 3.4933e+01
9.0000e+01 3.8340e+02 2.9714e+01
1.2000e+02 3.8583e+02 1.7300e+01
1.5000e+02 3.9636e+02 3.1268e+01
1.8000e+02 3.8658e+02 2.9538e+01
2.1000e+02 3.9835e+02 2.1241e+01
2.4000e+02 3.7949e+02 2.2811e+01
2.7000e+02 3.8575e+02 3.2325e+01
3.0000e+02 3.7814e+02 2.0566e+01
3.3000e+02 4.1936e+02 1.5717e+01
/newplot
/plotname baseline
0.000000e+00 3.504331e+02
3.300000e+02 3.504331e+02
