/newplot
/plotname contrast2=0.0
0.0000e+00 4.6407e+02 3.1718e+01
3.0000e+01 4.5161e+02 2.3451e+01
6.0000e+01 5.0396e+02 3.3121e+01
9.0000e+01 5.2026e+02 2.9061e+01
1.2000e+02 4.6660e+02 1.5715e+01
1.5000e+02 4.5370e+02 4.6881e+01
1.8000e+02 4.6042e+02 1.5789e+01
2.1000e+02 4.6531e+02 3.0860e+01
2.4000e+02 4.8584e+02 2.4383e+01
2.7000e+02 5.0537e+02 2.9030e+01
3.0000e+02 4.7446e+02 2.0446e+01
3.3000e+02 4.5792e+02 1.4390e+01
/newplot
/plotname contrast2=0.5
0.0000e+00 4.8843e+02 6.9646e+00
3.0000e+01 4.9786e+02 3.1409e+01
6.0000e+01 5.1867e+02 4.0258e+01
9.0000e+01 5.0511e+02 3.7785e+01
1.2000e+02 4.8664e+02 3.0558e+01
1.5000e+02 4.9865e+02 3.3992e+01
1.8000e+02 5.2101e+02 5.2696e+01
2.1000e+02 4.9858e+02 3.0785e+01
2.4000e+02 4.9430e+02 3.6226e+01
2.7000e+02 5.1475e+02 5.0800e+01
3.0000e+02 4.9944e+02 3.0190e+01
3.3000e+02 5.2016e+02 2.9724e+01
/newplot
/plotname baseline
0.000000e+00 4.578145e+02
3.300000e+02 4.578145e+02
