/newplot
/plotname contrast2=0.0
0.0000e+00 4.2759e+02 2.3889e+01
3.0000e+01 3.9387e+02 1.3547e+01
6.0000e+01 3.8436e+02 1.4414e+01
9.0000e+01 3.9441e+02 1.2019e+01
1.2000e+02 3.9724e+02 1.5565e+01
1.5000e+02 4.0968e+02 2.2815e+01
1.8000e+02 3.9666e+02 7.4093e+00
2.1000e+02 3.9192e+02 1.6164e+01
2.4000e+02 3.7931e+02 1.9380e+01
2.7000e+02 3.8902e+02 1.1621e+01
3.0000e+02 4.0490e+02 1.0244e+01
3.3000e+02 4.0861e+02 1.3293e+01
/newplot
/plotname contrast2=0.5
0.0000e+00 4.0538e+02 1.4556e+01
3.0000e+01 4.0324e+02 1.9795e+01
6.0000e+01 4.2201e+02 1.2698e+01
9.0000e+01 4.0279e+02 1.6536e+01
1.2000e+02 3.9416e+02 1.5343e+01
1.5000e+02 4.0850e+02 1.7936e+01
1.8000e+02 4.1066e+02 1.2626e+01
2.1000e+02 4.0552e+02 1.3705e+01
2.4000e+02 4.2317e+02 1.5348e+01
2.7000e+02 4.1655e+02 2.7303e+01
3.0000e+02 4.1380e+02 2.4125e+01
3.3000e+02 4.2966e+02 8.8489e+00
/newplot
/plotname baseline
0.000000e+00 3.828846e+02
3.300000e+02 3.828846e+02
