/newplot
/plotname contrast2=0.0
0.0000e+00 4.7414e+02 2.1404e+01
3.0000e+01 4.6423e+02 1.6191e+01
6.0000e+01 4.6107e+02 3.7010e+01
9.0000e+01 4.7282e+02 1.4374e+01
1.2000e+02 4.7105e+02 2.5767e+01
1.5000e+02 4.7304e+02 1.4011e+01
1.8000e+02 4.7235e+02 1.8725e+01
2.1000e+02 4.5993e+02 2.2421e+01
2.4000e+02 4.6203e+02 2.6060e+01
2.7000e+02 4.6009e+02 1.0329e+01
3.0000e+02 4.6270e+02 2.3335e+01
3.3000e+02 4.7868e+02 1.8060e+01
/newplot
/plotname contrast2=0.5
0.0000e+00 4.8291e+02 1.5064e+01
3.0000e+01 4.6319e+02 2.2370e+01
6.0000e+01 4.7406e+02 1.7253e+01
9.0000e+01 4.8428e+02 1.3940e+01
1.2000e+02 4.7492e+02 1.9409e+01
1.5000e+02 4.8895e+02 2.1589e+01
1.8000e+02 4.7386e+02 2.1011e+01
2.1000e+02 4.8539e+02 1.6563e+01
2.4000e+02 4.9352e+02 1.7815e+01
2.7000e+02 4.9059e+02 2.5589e+01
3.0000e+02 4.7483e+02 3.7957e+01
3.3000e+02 4.8905e+02 1.8928e+01
/newplot
/plotname baseline
0.000000e+00 4.545193e+02
3.300000e+02 4.545193e+02
