/newplot
/plotname contrast2=0.0
0.0000e+00 4.3762e+02 2.7293e+01
3.0000e+01 4.3967e+02 1.4694e+01
6.0000e+01 4.5854e+02 4.5838e+01
9.0000e+01 4.4059e+02 2.4386e+01
1.2000e+02 4.2698e+02 3.1866e+01
1.5000e+02 4.3532e+02 1.9885e+01
1.8000e+02 4.4732e+02 1.4688e+01
2.1000e+02 4.5452e+02 4.6755e+01
2.4000e+02 4.5295e+02 3.0049e+01
2.7000e+02 4.2817e+02 2.0835e+01
3.0000e+02 4.3962e+02 1.4201e+01
3.3000e+02 4.4205e+02 1.7250e+01
/newplot
/plotname contrast2=0.5
0.0000e+00 4.5373e+02 3.1043e+01
3.0000e+01 4.6929e+02 3.8732e+01
6.0000e+01 4.7074e+02 1.7705e+01
9.0000e+01 4.3693e+02 2.0399e+01
1.2000e+02 4.7075e+02 2.7448e+01
1.5000e+02 4.5600e+02 2.2425e+01
1.8000e+02 4.6830e+02 2.3983e+01
2.1000e+02 4.7540e+02 4.2448e+01
2.4000e+02 4.7180e+02 3.2843e+01
2.7000e+02 4.6168e+02 3.8732e+01
3.0000e+02 4.5793e+02 2.8513e+01
3.3000e+02 4.7401e+02 2.9266e+01
/newplot
/plotname baseline
0.000000e+00 4.279664e+02
3.300000e+02 4.279664e+02
