/newplot
/plotname contrast2=0.0
0.0000e+00 5.7372e+02 5.2234e+01
3.0000e+01 5.2503e+02 3.0086e+01
6.0000e+01 4.8663e+02 2.4279e+01
9.0000e+01 4.7013e+02 1.5570e+01
1.2000e+02 4.6212e+02 1.1844e+01
1.5000e+02 4.7795e+02 6.9007e+00
1.8000e+02 5.4337e+02 2.0414e+01
2.1000e+02 5.1301e+02 2.8945e+01
2.4000e+02 4.8339e+02 2.3615e+01
2.7000e+02 4.6865e+02 1.6888e+01
3.0000e+02 4.7084e+02 2.4996e+01
3.3000e+02 4.6250e+02 1.2090e+01
/newplot
/plotname contrast2=0.5
0.0000e+00 5.3893e+02 5.9512e+00
3.0000e+01 5.3350e+02 2.4743e+01
6.0000e+01 4.8593e+02 1.8096e+01
9.0000e+01 5.3821e+02 2.7145e+01
1.2000e+02 5.1840e+02 2.0896e+01
1.5000e+02 4.8552e+02 8.3243e+00
1.8000e+02 5.5327e+02 2.1221e+01
2.1000e+02 5.1745e+02 1.9413e+01
2.4000e+02 4.7501e+02 1.3624e+01
2.7000e+02 5.3197e+02 4.3293e+01
3.0000e+02 5.3208e+02 4.4064e+01
3.3000e+02 4.9689e+02 1.4121e+01
/newplot
/plotname baseline
0.000000e+00 4.675017e+02
3.300000e+02 4.675017e+02
