/newplot
/plotname contrast2=0.0
0.0000e+00 4.0016e+02 1.9592e+01
3.0000e+01 3.8188e+02 1.2175e+01
6.0000e+01 3.8271e+02 1.1744e+01
9.0000e+01 3.8649e+02 1.1586e+01
1.2000e+02 4.0181e+02 1.3265e+01
1.5000e+02 4.0400e+02 1.7399e+01
1.8000e+02 3.9668e+02 1.7055e+01
2.1000e+02 3.8602e+02 1.3271e+01
2.4000e+02 3.8663e+02 1.7234e+01
2.7000e+02 3.9611e+02 1.0813e+01
3.0000e+02 4.1636e+02 8.9986e+00
3.3000e+02 4.0368e+02 2.0317e+01
/newplot
/plotname contrast2=0.5
0.0000e+00 4.1086e+02 1.1533e+01
3.0000e+01 4.1474e+02 2.3162e+01
6.0000e+01 4.3895e+02 2.5762e+01
9.0000e+01 4.1160e+02 2.7237e+01
1.2000e+02 4.1448e+02 1.5740e+01
1.5000e+02 4.1414e+02 2.7851e+01
1.8000e+02 4.1077e+02 1.9263e+01
2.1000e+02 4.1546e+02 9.9742e+00
2.4000e+02 4.3985e+02 2.9694e+01
2.7000e+02 4.2318e+02 2.2009e+01
3.0000e+02 4.2732e+02 2.2663e+01
3.3000e+02 4.4720e+02 1.8628e+01
/newplot
/plotname baseline
0.000000e+00 3.757849e+02
3.300000e+02 3.757849e+02
