/newplot
/plotname contrast2=0.0
0.0000e+00 3.5468e+02 1.7269e+01
3.0000e+01 3.6807e+02 1.1293e+01
6.0000e+01 3.7774e+02 3.2469e+01
9.0000e+01 3.6886e+02 1.2328e+01
1.2000e+02 3.4124e+02 1.8236e+01
1.5000e+02 3.4428e+02 1.4131e+01
1.8000e+02 3.5049e+02 9.8052e+00
2.1000e+02 3.7731e+02 1.8230e+01
2.4000e+02 3.7021e+02 2.7881e+01
2.7000e+02 3.6080e+02 1.2171e+01
3.0000e+02 3.4988e+02 1.0954e+01
3.3000e+02 3.3974e+02 1.0214e+01
/newplot
/plotname contrast2=0.5
0.0000e+00 3.5700e+02 8.8593e+00
3.0000e+01 3.9577e+02 3.0041e+01
6.0000e+01 3.7345e+02 8.5434e+00
9.0000e+01 3.6585e+02 3.2160e+01
1.2000e+02 3.7730e+02 9.4545e+00
1.5000e+02 3.7870e+02 2.3705e+01
1.8000e+02 3.7420e+02 1.6741e+01
2.1000e+02 3.9266e+02 1.3281e+01
2.4000e+02 3.7711e+02 1.8135e+01
2.7000e+02 3.6178e+02 2.7723e+01
3.0000e+02 3.6744e+02 1.7336e+01
3.3000e+02 3.8396e+02 2.5246e+01
/newplot
/plotname baseline
0.000000e+00 3.419000e+02
3.300000e+02 3.419000e+02
