/newplot
/plotname contrast2=0.0
0.0000e+00 6.2404e+02 4.5981e+01
3.0000e+01 6.1610e+02 3.1577e+01
6.0000e+01 6.1419e+02 3.3665e+01
9.0000e+01 6.0583e+02 5.2270e+01
1.2000e+02 5.9370e+02 4.8886e+01
1.5000e+02 6.2215e+02 4.5412e+01
1.8000e+02 5.9904e+02 4.4918e+01
2.1000e+02 5.9998e+02 3.8503e+01
2.4000e+02 6.1317e+02 4.4510e+01
2.7000e+02 6.0617e+02 4.4150e+01
3.0000e+02 6.0002e+02 3.3708e+01
3.3000e+02 6.0055e+02 2.7966e+01
/newplot
/plotname contrast2=0.5
0.0000e+00 6.0758e+02 3.1608e+01
3.0000e+01 6.0077e+02 4.5366e+01
6.0000e+01 6.2348e+02 2.3274e+01
9.0000e+01 6.2224e+02 5.8982e+01
1.2000e+02 6.1294e+02 3.4966e+01
1.5000e+02 6.1752e+02 4.5948e+01
1.8000e+02 6.2392e+02 6.2527e+01
2.1000e+02 6.2069e+02 4.5844e+01
2.4000e+02 6.0533e+02 3.6862e+01
2.7000e+02 6.1955e+02 5.5415e+01
3.0000e+02 6.1885e+02 1.6022e+01
3.3000e+02 6.1610e+02 4.6355e+01
/newplot
/plotname baseline
0.000000e+00 6.024791e+02
3.300000e+02 6.024791e+02
