/newplot
/plotname contrast2=0.0
0.0000e+00 6.5998e+02 1.9334e+01
3.0000e+01 6.5061e+02 2.2571e+01
6.0000e+01 6.5831e+02 1.5229e+01
9.0000e+01 6.3531e+02 1.6828e+01
1.2000e+02 6.5321e+02 1.4762e+01
1.5000e+02 6.4879e+02 1.7822e+01
1.8000e+02 6.6596e+02 2.5681e+01
2.1000e+02 6.3666e+02 9.9612e+00
2.4000e+02 6.4211e+02 2.2157e+01
2.7000e+02 6.4270e+02 2.4167e+01
3.0000e+02 6.4095e+02 1.9955e+01
3.3000e+02 6.6420e+02 2.7593e+01
/newplot
/plotname contrast2=0.5
0.0000e+00 6.7135e+02 2.2066e+01
3.0000e+01 6.6742e+02 3.3801e+01
6.0000e+01 6.7103e+02 1.8330e+01
9.0000e+01 6.6228e+02 1.2347e+01
1.2000e+02 6.6750e+02 2.4417e+01
1.5000e+02 6.6432e+02 1.8338e+01
1.8000e+02 6.5465e+02 1.6597e+01
2.1000e+02 6.7409e+02 2.1850e+01
2.4000e+02 7.2351e+02 2.1165e+01
2.7000e+02 6.7280e+02 1.9539e+01
3.0000e+02 6.6095e+02 3.2881e+01
3.3000e+02 6.9484e+02 2.2117e+01
/newplot
/plotname baseline
0.000000e+00 6.257554e+02
3.300000e+02 6.257554e+02
