/newplot
/plotname contrast2=0.0
0.0000e+00 4.4751e+02 3.2617e+01
3.0000e+01 3.8935e+02 2.3316e+01
6.0000e+01 3.8142e+02 1.7828e+01
9.0000e+01 3.9349e+02 1.6174e+01
1.2000e+02 3.9496e+02 1.0840e+01
1.5000e+02 4.4469e+02 2.6601e+01
1.8000e+02 4.3266e+02 1.7483e+01
2.1000e+02 3.9496e+02 1.4714e+01
2.4000e+02 3.9167e+02 9.0481e+00
2.7000e+02 3.8405e+02 2.8175e+01
3.0000e+02 3.8886e+02 1.0278e+01
3.3000e+02 4.4863e+02 2.6087e+01
/newplot
/plotname contrast2=0.5
0.0000e+00 4.3734e+02 1.1298e+01
3.0000e+01 4.0817e+02 2.8462e+01
6.0000e+01 4.3525e+02 2.5719e+01
9.0000e+01 4.1480e+02 2.6480e+01
1.2000e+02 4.2337e+02 2.0656e+01
1.5000e+02 4.3956e+02 2.1601e+01
1.8000e+02 4.3122e+02 1.6364e+01
2.1000e+02 4.1451e+02 2.4997e+01
2.4000e+02 4.5475e+02 1.1438e+01
2.7000e+02 4.1851e+02 3.1328e+01
3.0000e+02 4.2042e+02 1.3794e+01
3.3000e+02 4.6222e+02 2.4016e+01
/newplot
/plotname baseline
0.000000e+00 3.875534e+02
3.300000e+02 3.875534e+02
