/newplot
/plotname contrast2=0.0
0.0000e+00 4.0374e+02 1.9143e+01
3.0000e+01 4.1594e+02 1.9350e+01
6.0000e+01 4.8074e+02 4.2090e+01
9.0000e+01 4.6298e+02 3.7678e+01
1.2000e+02 4.1184e+02 2.6778e+01
1.5000e+02 3.9681e+02 1.7543e+01
1.8000e+02 4.1970e+02 2.5177e+01
2.1000e+02 4.2889e+02 4.2740e+01
2.4000e+02 5.1598e+02 3.5322e+01
2.7000e+02 4.8200e+02 3.4565e+01
3.0000e+02 4.2609e+02 2.0579e+01
3.3000e+02 4.0055e+02 2.1951e+01
/newplot
/plotname contrast2=0.5
0.0000e+00 4.3444e+02 1.5938e+01
3.0000e+01 4.6833e+02 3.4480e+01
6.0000e+01 4.8917e+02 2.3185e+01
9.0000e+01 4.5722e+02 2.8401e+01
1.2000e+02 4.3196e+02 2.5371e+01
1.5000e+02 5.2859e+02 4.9877e+01
1.8000e+02 4.9055e+02 4.5273e+01
2.1000e+02 4.6578e+02 2.0090e+01
2.4000e+02 5.1040e+02 4.9446e+01
2.7000e+02 4.9868e+02 4.3685e+01
3.0000e+02 4.4943e+02 2.4659e+01
3.3000e+02 4.9793e+02 3.1852e+01
/newplot
/plotname baseline
0.000000e+00 4.110912e+02
3.300000e+02 4.110912e+02
