/newplot
/plotname contrast2=0.0
0.0000e+00 3.4763e+02 1.7156e+01
3.0000e+01 3.5743e+02 1.2052e+01
6.0000e+01 3.7287e+02 3.4136e+01
9.0000e+01 3.4173e+02 2.4212e+01
1.2000e+02 3.3447e+02 1.4169e+01
1.5000e+02 3.2937e+02 2.4733e+01
1.8000e+02 3.4103e+02 1.5906e+01
2.1000e+02 3.6084e+02 4.0552e+01
2.4000e+02 3.7008e+02 2.6968e+01
2.7000e+02 3.4407e+02 9.0967e+00
3.0000e+02 3.5313e+02 1.9806e+01
3.3000e+02 3.3121e+02 1.0423e+01
/newplot
/plotname contrast2=0.5
0.0000e+00 3.3903e+02 2.2360e+01
3.0000e+01 3.9822e+02 3.1199e+01
6.0000e+01 3.8002e+02 1.8863e+01
9.0000e+01 3.5350e+02 2.2398e+01
1.2000e+02 3.7389e+02 2.2852e+01
1.5000e+02 3.9001e+02 2.9121e+01
1.8000e+02 3.9540e+02 4.1826e+01
2.1000e+02 4.0877e+02 1.7166e+01
2.4000e+02 3.8099e+02 2.4688e+01
2.7000e+02 3.7524e+02 4.1971e+01
3.0000e+02 3.9448e+02 2.1765e+01
3.3000e+02 3.8998e+02 1.3044e+01
/newplot
/plotname baseline
0.000000e+00 3.261857e+02
3.300000e+02 3.261857e+02
