/newplot
/plotname contrast2=0.0
0.0000e+00 4.5090e+02 2.1588e+01
3.0000e+01 4.2870e+02 2.0560e+01
6.0000e+01 4.3131e+02 2.1187e+01
9.0000e+01 4.2977e+02 1.3533e+01
1.2000e+02 4.4552e+02 2.4157e+01
1.5000e+02 4.7646e+02 1.8976e+01
1.8000e+02 4.5941e+02 1.9892e+01
2.1000e+02 4.4026e+02 1.6870e+01
2.4000e+02 4.3398e+02 2.8584e+01
2.7000e+02 4.3772e+02 2.0966e+01
3.0000e+02 4.4204e+02 1.2917e+01
3.3000e+02 4.7967e+02 2.3472e+01
/newplot
/plotname contrast2=0.5
0.0000e+00 4.5639e+02 1.9742e+01
3.0000e+01 4.6526e+02 2.3421e+01
6.0000e+01 4.8298e+02 1.8072e+01
9.0000e+01 4.5912e+02 2.6489e+01
1.2000e+02 4.5777e+02 1.5064e+01
1.5000e+02 4.7365e+02 1.9939e+01
1.8000e+02 4.4110e+02 2.2663e+01
2.1000e+02 4.5930e+02 1.2423e+01
2.4000e+02 4.8481e+02 1.6694e+01
2.7000e+02 4.6503e+02 4.0804e+01
3.0000e+02 4.6320e+02 2.0494e+01
3.3000e+02 4.9671e+02 1.3962e+01
/newplot
/plotname baseline
0.000000e+00 4.280831e+02
3.300000e+02 4.280831e+02
