/newplot
/plotname contrast2=0.0
0.0000e+00 5.7925e+02 2.3310e+01
3.0000e+01 5.6330e+02 3.7418e+01
6.0000e+01 5.6079e+02 2.4379e+01
9.0000e+01 5.5200e+02 1.0605e+01
1.2000e+02 5.6167e+02 2.1987e+01
1.5000e+02 5.7724e+02 1.9482e+01
1.8000e+02 5.7184e+02 2.0706e+01
2.1000e+02 5.4900e+02 2.6577e+01
2.4000e+02 5.3986e+02 2.6702e+01
2.7000e+02 5.7320e+02 2.2966e+01
3.0000e+02 5.5578e+02 1.6292e+01
3.3000e+02 5.6349e+02 2.4017e+01
/newplot
/plotname contrast2=0.5
0.0000e+00 5.8991e+02 2.2918e+01
3.0000e+01 5.5694e+02 2.0869e+01
6.0000e+01 5.9775e+02 3.6533e+01
9.0000e+01 5.7458e+02 2.2605e+01
1.2000e+02 5.7927e+02 1.5205e+01
1.5000e+02 5.7892e+02 1.1112e+01
1.8000e+02 5.7799e+02 3.7345e+01
2.1000e+02 5.8115e+02 1.9160e+01
2.4000e+02 6.0319e+02 2.3776e+01
2.7000e+02 5.8363e+02 2.5770e+01
3.0000e+02 5.9234e+02 4.2384e+01
3.3000e+02 5.9308e+02 1.3011e+01
/newplot
/plotname baseline
0.000000e+00 5.475353e+02
3.300000e+02 5.475353e+02
