/newplot
/plotname contrast2=0.0
0.0000e+00 6.1952e+02 4.8072e+01
3.0000e+01 5.6071e+02 2.6034e+01
6.0000e+01 5.7115e+02 5.7829e+01
9.0000e+01 5.6839e+02 5.0730e+01
1.2000e+02 5.7648e+02 5.7279e+01
1.5000e+02 6.1864e+02 3.0205e+01
1.8000e+02 6.0850e+02 3.7257e+01
2.1000e+02 5.6091e+02 3.5483e+01
2.4000e+02 5.5784e+02 3.5716e+01
2.7000e+02 5.4408e+02 2.7122e+01
3.0000e+02 5.4913e+02 2.9303e+01
3.3000e+02 5.7825e+02 3.0413e+01
/newplot
/plotname contrast2=0.5
0.0000e+00 6.0791e+02 3.4177e+01
3.0000e+01 5.8135e+02 5.5573e+01
6.0000e+01 6.2766e+02 3.9977e+01
9.0000e+01 6.1507e+02 4.0557e+01
1.2000e+02 5.9665e+02 2.9850e+01
1.5000e+02 6.2684e+02 3.6759e+01
1.8000e+02 6.2942e+02 2.0981e+01
2.1000e+02 6.1026e+02 2.8232e+01
2.4000e+02 6.2733e+02 3.5645e+01
2.7000e+02 6.1971e+02 4.1376e+01
3.0000e+02 5.8823e+02 5.2506e+01
3.3000e+02 6.2490e+02 4.1966e+01
/newplot
/plotname baseline
0.000000e+00 5.563173e+02
3.300000e+02 5.563173e+02
