/newplot
/plotname contrast2=0.0
0.0000e+00 7.0781e+02 6.2594e+01
3.0000e+01 6.3916e+02 3.1227e+01
6.0000e+01 6.2695e+02 2.9347e+01
9.0000e+01 6.2466e+02 3.3696e+01
1.2000e+02 6.0465e+02 1.8191e+01
1.5000e+02 6.3636e+02 2.7363e+01
1.8000e+02 6.8485e+02 4.0938e+01
2.1000e+02 6.6961e+02 4.1067e+01
2.4000e+02 6.4153e+02 2.5451e+01
2.7000e+02 6.2260e+02 1.4058e+01
3.0000e+02 6.2333e+02 3.1126e+01
3.3000e+02 6.1869e+02 1.7569e+01
/newplot
/plotname contrast2=0.5
0.0000e+00 6.7364e+02 2.8074e+01
3.0000e+01 6.5018e+02 3.0957e+01
6.0000e+01 6.6584e+02 4.0810e+01
9.0000e+01 7.0970e+02 4.2901e+01
1.2000e+02 6.9618e+02 4.5637e+01
1.5000e+02 7.0230e+02 3.9416e+01
1.8000e+02 7.5185e+02 5.7989e+01
2.1000e+02 6.8771e+02 3.7838e+01
2.4000e+02 6.5539e+02 2.9536e+01
2.7000e+02 6.9019e+02 8.5470e+01
3.0000e+02 7.0130e+02 5.6596e+01
3.3000e+02 6.8195e+02 1.8838e+01
/newplot
/plotname baseline
0.000000e+00 6.146649e+02
3.300000e+02 6.146649e+02
