/newplot
/plotname contrast2=0.0
0.0000e+00 5.0105e+02 2.6724e+01
3.0000e+01 5.1153e+02 3.8337e+01
6.0000e+01 5.0511e+02 4.3731e+01
9.0000e+01 4.9930e+02 4.0546e+01
1.2000e+02 4.8107e+02 2.7415e+01
1.5000e+02 5.0478e+02 2.9395e+01
1.8000e+02 5.3043e+02 2.7239e+01
2.1000e+02 5.1762e+02 3.8112e+01
2.4000e+02 5.2028e+02 2.2536e+01
2.7000e+02 5.1561e+02 1.3606e+01
3.0000e+02 5.1505e+02 3.5004e+01
3.3000e+02 4.8033e+02 2.8280e+01
/newplot
/plotname contrast2=0.5
0.0000e+00 4.9913e+02 2.6193e+01
3.0000e+01 5.2332e+02 2.5773e+01
6.0000e+01 5.3283e+02 5.1333e+01
9.0000e+01 5.1614e+02 5.3472e+01
1.2000e+02 5.1443e+02 2.2583e+01
1.5000e+02 5.3402e+02 3.1496e+01
1.8000e+02 5.0991e+02 4.6249e+01
2.1000e+02 5.4833e+02 3.9326e+01
2.4000e+02 4.9605e+02 1.5508e+01
2.7000e+02 5.3052e+02 3.7343e+01
3.0000e+02 5.4396e+02 3.8164e+01
3.3000e+02 5.3328e+02 2.6276e+01
/newplot
/plotname baseline
0.000000e+00 5.010400e+02
3.300000e+02 5.010400e+02
