/newplot
/plotname contrast2=0.0
0.0000e+00 5.6612e+02 1.7105e+01
3.0000e+01 5.6416e+02 2.9027e+01
6.0000e+01 5.5078e+02 2.1455e+01
9.0000e+01 5.5713e+02 2.3890e+01
1.2000e+02 5.7572e+02 2.7212e+01
1.5000e+02 5.6346e+02 3.0507e+01
1.8000e+02 5.7025e+02 2.1475e+01
2.1000e+02 5.5323e+02 2.7290e+01
2.4000e+02 5.5264e+02 2.7546e+01
2.7000e+02 5.5972e+02 1.8444e+01
3.0000e+02 5.7091e+02 1.9483e+01
3.3000e+02 5.7727e+02 1.8506e+01
/newplot
/plotname contrast2=0.5
0.0000e+00 5.9186e+02 3.2083e+01
3.0000e+01 5.9130e+02 3.1030e+01
6.0000e+01 5.9593e+02 1.4387e+01
9.0000e+01 5.8000e+02 3.2608e+01
1.2000e+02 5.8645e+02 1.9043e+01
1.5000e+02 5.7759e+02 2.9929e+01
1.8000e+02 5.6967e+02 1.2080e+01
2.1000e+02 5.9198e+02 1.2959e+01
2.4000e+02 6.2812e+02 2.2429e+01
2.7000e+02 5.9421e+02 2.3295e+01
3.0000e+02 5.8493e+02 3.2831e+01
3.3000e+02 6.1228e+02 3.2857e+01
/newplot
/plotname baseline
0.000000e+00 5.443619e+02
3.300000e+02 5.443619e+02
