/newplot
/plotname contrast2=0.0
0.0000e+00 6.4121e+02 4.9945e+01
3.0000e+01 6.0091e+02 2.8339e+01
6.0000e+01 6.2034e+02 1.7323e+01
9.0000e+01 6.0195e+02 1.1477e+01
1.2000e+02 5.9620e+02 2.2760e+01
1.5000e+02 6.2194e+02 3.4850e+01
1.8000e+02 6.2276e+02 1.9162e+01
2.1000e+02 6.1389e+02 1.4978e+01
2.4000e+02 6.1002e+02 1.5240e+01
2.7000e+02 6.1274e+02 2.8397e+01
3.0000e+02 6.0802e+02 1.1503e+01
3.3000e+02 6.0794e+02 2.0114e+01
/newplot
/plotname contrast2=0.5
0.0000e+00 6.5653e+02 3.0491e+01
3.0000e+01 6.1671e+02 1.9480e+01
6.0000e+01 6.4146e+02 3.4765e+01
9.0000e+01 6.2680e+02 3.6401e+01
1.2000e+02 6.3822e+02 2.9517e+01
1.5000e+02 6.4121e+02 1.5228e+01
1.8000e+02 6.5032e+02 4.2959e+01
2.1000e+02 6.1301e+02 7.9020e+00
2.4000e+02 6.5668e+02 3.2481e+01
2.7000e+02 6.3892e+02 3.0731e+01
3.0000e+02 6.4620e+02 3.0773e+01
3.3000e+02 6.7388e+02 2.4202e+01
/newplot
/plotname baseline
0.000000e+00 5.924236e+02
3.300000e+02 5.924236e+02
