/newplot
/plotname contrast2=0.0
0.0000e+00 9.2337e+02 1.8921e+01
3.0000e+01 8.8641e+02 3.4501e+01
6.0000e+01 8.7407e+02 5.0774e+01
9.0000e+01 8.8804e+02 4.3987e+01
1.2000e+02 8.7908e+02 4.7867e+01
1.5000e+02 8.8740e+02 3.8310e+01
1.8000e+02 9.2063e+02 2.4552e+01
2.1000e+02 9.1601e+02 7.1705e+01
2.4000e+02 8.7155e+02 4.2969e+01
2.7000e+02 8.9514e+02 4.5454e+01
3.0000e+02 8.8206e+02 3.0890e+01
3.3000e+02 8.7469e+02 3.9891e+01
/newplot
/plotname contrast2=0.5
0.0000e+00 9.1291e+02 3.2611e+01
3.0000e+01 9.0303e+02 5.4408e+01
6.0000e+01 8.9834e+02 3.6192e+01
9.0000e+01 9.3116e+02 6.2821e+01
1.2000e+02 9.3244e+02 4.1537e+01
1.5000e+02 9.1314e+02 5.0378e+01
1.8000e+02 9.5617e+02 4.3018e+01
2.1000e+02 9.3058e+02 6.5353e+01
2.4000e+02 8.9725e+02 3.3058e+01
2.7000e+02 8.9166e+02 4.9697e+01
3.0000e+02 9.0259e+02 2.9933e+01
3.3000e+02 9.2175e+02 4.4789e+01
/newplot
/plotname baseline
0.000000e+00 8.749470e+02
3.300000e+02 8.749470e+02
