/newplot
/plotname contrast2=0.0
0.0000e+00 3.5516e+02 2.6443e+01
3.0000e+01 3.5480e+02 1.6080e+01
6.0000e+01 3.6420e+02 2.2903e+01
9.0000e+01 4.4783e+02 6.8060e+01
1.2000e+02 3.6658e+02 2.1944e+01
1.5000e+02 3.4601e+02 1.3404e+01
1.8000e+02 3.5308e+02 1.1031e+01
2.1000e+02 3.5610e+02 2.3152e+01
2.4000e+02 3.6564e+02 2.3045e+01
2.7000e+02 3.7278e+02 1.4100e+01
3.0000e+02 3.7793e+02 1.3793e+01
3.3000e+02 3.9004e+02 1.6638e+01
/newplot
/plotname contrast2=0.5
0.0000e+00 7.3550e+02 3.0401e+01
3.0000e+01 6.1318e+02 8.0341e+01
6.0000e+01 4.0820e+02 4.8189e+01
9.0000e+01 3.9299e+02 2.6056e+01
1.2000e+02 3.8014e+02 1.3028e+01
1.5000e+02 3.9228e+02 2.2035e+01
1.8000e+02 3.9805e+02 2.9370e+01
2.1000e+02 4.0236e+02 1.7052e+01
2.4000e+02 4.0545e+02 3.2266e+01
2.7000e+02 3.9843e+02 2.5814e+01
3.0000e+02 3.8389e+02 3.0773e+01
3.3000e+02 6.8039e+02 8.2226e+01
/newplot
/plotname baseline
0.000000e+00 3.551496e+02
3.300000e+02 3.551496e+02
