/newplot
/plotname contrast2=0.0
0.0000e+00 5.0882e+02 3.0262e+01
3.0000e+01 4.9503e+02 2.6741e+01
6.0000e+01 5.0681e+02 1.1823e+01
9.0000e+01 5.0264e+02 1.7671e+01
1.2000e+02 4.9023e+02 2.1719e+01
1.5000e+02 4.8466e+02 2.1626e+01
1.8000e+02 4.9335e+02 1.3005e+01
2.1000e+02 4.9858e+02 1.9105e+01
2.4000e+02 5.0236e+02 1.6189e+01
2.7000e+02 5.2451e+02 2.0043e+01
3.0000e+02 4.9657e+02 8.9482e+00
3.3000e+02 4.9172e+02 2.7976e+01
/newplot
/plotname contrast2=0.5
0.0000e+00 5.2111e+02 2.6994e+01
3.0000e+01 5.1224e+02 2.5537e+01
6.0000e+01 5.1503e+02 3.0282e+01
9.0000e+01 5.0653e+02 2.1606e+01
1.2000e+02 5.0632e+02 2.3283e+01
1.5000e+02 5.1230e+02 1.7597e+01
1.8000e+02 5.1932e+02 2.5221e+01
2.1000e+02 5.2742e+02 1.3469e+01
2.4000e+02 5.3990e+02 1.3683e+01
2.7000e+02 5.2184e+02 3.1193e+01
3.0000e+02 5.1862e+02 2.3111e+01
3.3000e+02 5.2542e+02 2.0847e+01
/newplot
/plotname baseline
0.000000e+00 4.752347e+02
3.300000e+02 4.752347e+02
