/newplot
/plotname contrast2=0.0
0.0000e+00 4.1199e+02 2.3916e+01
3.0000e+01 3.8155e+02 1.8302e+01
6.0000e+01 3.9454e+02 1.4064e+01
9.0000e+01 3.8629e+02 2.2551e+01
1.2000e+02 3.8319e+02 1.0140e+01
1.5000e+02 3.7790e+02 1.5765e+01
1.8000e+02 4.0256e+02 1.7010e+01
2.1000e+02 3.8149e+02 1.1015e+01
2.4000e+02 3.7853e+02 1.6550e+01
2.7000e+02 3.8448e+02 1.6869e+01
3.0000e+02 3.8555e+02 1.9359e+01
3.3000e+02 3.9993e+02 1.4469e+01
/newplot
/plotname contrast2=0.5
0.0000e+00 4.0240e+02 1.7260e+01
3.0000e+01 4.1364e+02 2.9031e+01
6.0000e+01 4.0687e+02 2.2985e+01
9.0000e+01 4.0598e+02 2.0137e+01
1.2000e+02 3.9836e+02 1.7181e+01
1.5000e+02 4.0906e+02 1.4419e+01
1.8000e+02 4.1132e+02 1.3047e+01
2.1000e+02 4.0877e+02 2.0480e+01
2.4000e+02 4.1345e+02 2.3036e+01
2.7000e+02 4.1689e+02 2.3282e+01
3.0000e+02 4.2559e+02 2.3549e+01
3.3000e+02 4.2176e+02 1.9646e+01
/newplot
/plotname baseline
0.000000e+00 3.771213e+02
3.300000e+02 3.771213e+02
