/newplot
/plotname contrast2=0.0
0.0000e+00 5.2855e+02 3.2080e+01
3.0000e+01 4.9354e+02 3.1956e+01
6.0000e+01 4.9359e+02 3.0778e+01
9.0000e+01 4.7986e+02 1.9354e+01
1.2000e+02 4.9008e+02 2.8722e+01
1.5000e+02 5.0394e+02 2.8787e+01
1.8000e+02 5.0496e+02 1.3818e+01
2.1000e+02 4.9899e+02 2.3004e+01
2.4000e+02 4.9025e+02 3.1654e+01
2.7000e+02 4.8627e+02 1.5085e+01
3.0000e+02 4.8921e+02 2.7116e+01
3.3000e+02 5.0300e+02 2.8334e+01
/newplot
/plotname contrast2=0.5
0.0000e+00 5.0514e+02 1.7772e+01
3.0000e+01 5.0699e+02 2.2403e+01
6.0000e+01 5.0616e+02 1.1203e+01
9.0000e+01 5.1215e+02 3.5413e+01
1.2000e+02 5.0409e+02 1.8588e+01
1.5000e+02 5.1734e+02 2.7409e+01
1.8000e+02 5.2395e+02 1.5859e+01
2.1000e+02 5.0368e+02 1.3132e+01
2.4000e+02 5.1325e+02 1.8279e+01
2.7000e+02 5.0993e+02 3.0427e+01
3.0000e+02 4.9686e+02 3.2667e+01
3.3000e+02 5.1933e+02 1.6249e+01
/newplot
/plotname baseline
0.000000e+00 4.783776e+02
3.300000e+02 4.783776e+02
