/newplot
/plotname contrast2=0.0
0.0000e+00 4.1670e+02 1.4911e+01
3.0000e+01 3.9998e+02 2.7330e+01
6.0000e+01 4.0959e+02 2.2787e+01
9.0000e+01 3.9626e+02 2.4471e+01
1.2000e+02 3.9001e+02 2.7095e+01
1.5000e+02 4.0041e+02 1.4816e+01
1.8000e+02 4.1104e+02 2.5246e+01
2.1000e+02 4.0447e+02 9.6665e+00
2.4000e+02 4.0034e+02 2.7775e+01
2.7000e+02 4.0001e+02 1.9678e+01
3.0000e+02 4.0904e+02 1.7456e+01
3.3000e+02 4.0013e+02 2.6879e+01
/newplot
/plotname contrast2=0.5
0.0000e+00 4.1568e+02 1.3703e+01
3.0000e+01 4.0854e+02 2.5571e+01
6.0000e+01 4.1556e+02 2.8772e+01
9.0000e+01 4.2287e+02 1.2593e+01
1.2000e+02 4.1684e+02 2.6325e+01
1.5000e+02 4.1328e+02 1.8128e+01
1.8000e+02 4.2093e+02 3.1472e+01
2.1000e+02 4.2277e+02 2.5639e+01
2.4000e+02 4.3196e+02 2.9044e+01
2.7000e+02 4.4746e+02 2.7547e+01
3.0000e+02 4.3773e+02 1.6494e+01
3.3000e+02 4.2711e+02 1.7826e+01
/newplot
/plotname baseline
0.000000e+00 3.870662e+02
3.300000e+02 3.870662e+02
