/newplot
/plotname contrast2=0.0
0.0000e+00 5.2706e+02 5.0962e+01
3.0000e+01 5.0523e+02 2.3718e+01
6.0000e+01 6.0049e+02 9.2776e+01
9.0000e+01 5.1817e+02 2.7900e+01
1.2000e+02 4.9615e+02 2.9083e+01
1.5000e+02 5.1741e+02 7.3879e+01
1.8000e+02 5.0645e+02 1.7590e+01
2.1000e+02 5.2098e+02 4.8772e+01
2.4000e+02 5.8977e+02 4.0149e+01
2.7000e+02 5.3876e+02 3.7913e+01
3.0000e+02 5.0539e+02 4.5277e+01
3.3000e+02 5.0819e+02 3.0532e+01
/newplot
/plotname contrast2=0.5
0.0000e+00 5.1039e+02 1.7863e+01
3.0000e+01 5.3557e+02 3.6248e+01
6.0000e+01 5.7990e+02 5.0649e+01
9.0000e+01 5.3702e+02 6.5709e+01
1.2000e+02 5.3824e+02 5.1621e+01
1.5000e+02 5.9297e+02 5.2452e+01
1.8000e+02 5.7143e+02 6.1481e+01
2.1000e+02 5.4474e+02 3.8573e+01
2.4000e+02 5.8012e+02 6.0022e+01
2.7000e+02 5.6658e+02 7.7501e+01
3.0000e+02 5.5717e+02 2.5560e+01
3.3000e+02 6.0254e+02 4.9653e+01
/newplot
/plotname baseline
0.000000e+00 5.085060e+02
3.300000e+02 5.085060e+02
