/newplot
/plotname contrast2=0.0
0.0000e+00 8.8337e+02 5.5744e+01
3.0000e+01 8.2697e+02 5.3968e+01
6.0000e+01 7.6047e+02 3.0034e+01
9.0000e+01 7.5014e+02 3.5692e+01
1.2000e+02 7.3692e+02 1.6616e+01
1.5000e+02 7.6403e+02 4.7509e+01
1.8000e+02 8.9986e+02 9.1211e+01
2.1000e+02 8.4276e+02 5.6519e+01
2.4000e+02 7.8666e+02 3.8282e+01
2.7000e+02 7.6934e+02 6.1961e+01
3.0000e+02 7.9412e+02 5.8069e+01
3.3000e+02 7.5435e+02 1.8820e+01
/newplot
/plotname contrast2=0.5
0.0000e+00 7.9795e+02 4.2474e+01
3.0000e+01 8.1031e+02 3.4752e+01
6.0000e+01 7.7277e+02 5.4083e+01
9.0000e+01 8.6056e+02 5.9259e+01
1.2000e+02 8.6175e+02 7.0048e+01
1.5000e+02 8.1164e+02 6.4939e+01
1.8000e+02 8.9486e+02 5.6550e+01
2.1000e+02 8.5639e+02 5.4487e+01
2.4000e+02 7.5629e+02 3.8114e+01
2.7000e+02 8.1576e+02 8.8573e+01
3.0000e+02 8.5648e+02 1.1586e+02
3.3000e+02 7.9529e+02 2.2525e+01
/newplot
/plotname baseline
0.000000e+00 7.619647e+02
3.300000e+02 7.619647e+02
