/newplot
/plotname contrast2=0.0
0.0000e+00 5.9718e+02 5.6484e+01
3.0000e+01 5.2616e+02 3.0523e+01
6.0000e+01 5.1225e+02 2.6563e+01
9.0000e+01 5.2198e+02 3.4180e+01
1.2000e+02 5.2094e+02 3.1127e+01
1.5000e+02 5.5913e+02 4.0627e+01
1.8000e+02 5.7005e+02 2.8103e+01
2.1000e+02 5.1845e+02 3.2184e+01
2.4000e+02 5.1014e+02 3.2099e+01
2.7000e+02 5.1604e+02 3.4095e+01
3.0000e+02 5.2286e+02 2.4916e+01
3.3000e+02 5.4485e+02 1.4126e+01
/newplot
/plotname contrast2=0.5
0.0000e+00 5.4777e+02 1.7009e+01
3.0000e+01 5.4262e+02 3.8837e+01
6.0000e+01 5.7143e+02 2.3805e+01
9.0000e+01 5.7442e+02 4.9018e+01
1.2000e+02 5.5061e+02 3.9067e+01
1.5000e+02 5.8649e+02 3.8932e+01
1.8000e+02 5.9402e+02 4.2807e+01
2.1000e+02 5.5018e+02 4.0315e+01
2.4000e+02 5.5654e+02 3.2625e+01
2.7000e+02 5.6556e+02 5.7213e+01
3.0000e+02 5.6875e+02 3.8962e+01
3.3000e+02 5.7723e+02 4.2762e+01
/newplot
/plotname baseline
0.000000e+00 5.095841e+02
3.300000e+02 5.095841e+02
