/newplot
/plotname contrast2=0.0
0.0000e+00 2.6788e+02 1.4261e+01
3.0000e+01 2.7210e+02 9.6087e+00
6.0000e+01 2.8850e+02 2.0485e+01
9.0000e+01 2.8270e+02 1.7530e+01
1.2000e+02 2.7530e+02 1.7240e+01
1.5000e+02 2.6787e+02 1.0428e+01
1.8000e+02 2.6329e+02 1.0435e+01
2.1000e+02 2.7482e+02 2.0584e+01
2.4000e+02 2.8700e+02 2.2681e+01
2.7000e+02 2.7986e+02 9.2066e+00
3.0000e+02 2.6537e+02 1.8892e+01
3.3000e+02 2.6353e+02 8.8617e+00
/newplot
/plotname contrast2=0.5
0.0000e+00 2.8178e+02 6.5844e+00
3.0000e+01 2.8499e+02 2.3371e+01
6.0000e+01 2.9256e+02 1.0931e+01
9.0000e+01 2.8171e+02 2.2707e+01
1.2000e+02 2.9180e+02 1.8167e+01
1.5000e+02 2.9961e+02 2.9284e+01
1.8000e+02 2.9021e+02 1.0259e+01
2.1000e+02 2.8274e+02 5.5169e+00
2.4000e+02 3.0240e+02 2.0848e+01
2.7000e+02 2.8651e+02 2.0127e+01
3.0000e+02 2.9629e+02 2.4648e+01
3.3000e+02 2.9760e+02 1.5907e+01
/newplot
/plotname baseline
0.000000e+00 2.617545e+02
3.300000e+02 2.617545e+02
