/newplot
/plotname contrast2=0.0
0.0000e+00 4.4144e+02 2.3617e+01
3.0000e+01 4.1327e+02 1.5941e+01
6.0000e+01 4.2226e+02 2.9893e+01
9.0000e+01 4.0545e+02 2.6628e+01
1.2000e+02 4.1721e+02 2.1774e+01
1.5000e+02 4.2566e+02 2.2500e+01
1.8000e+02 4.3194e+02 2.6116e+01
2.1000e+02 4.2814e+02 2.3170e+01
2.4000e+02 4.3056e+02 2.3259e+01
2.7000e+02 4.2639e+02 2.3434e+01
3.0000e+02 4.2149e+02 1.2296e+01
3.3000e+02 4.1297e+02 2.5664e+01
/newplot
/plotname contrast2=0.5
0.0000e+00 4.3003e+02 5.7786e+00
3.0000e+01 4.1870e+02 9.7333e+00
6.0000e+01 4.4099e+02 2.7585e+01
9.0000e+01 4.3983e+02 2.8035e+01
1.2000e+02 4.3875e+02 2.8715e+01
1.5000e+02 4.3751e+02 4.4159e+01
1.8000e+02 4.4868e+02 3.2859e+01
2.1000e+02 4.2775e+02 1.9597e+01
2.4000e+02 4.3751e+02 1.7050e+01
2.7000e+02 4.3924e+02 5.2346e+01
3.0000e+02 4.3939e+02 2.6484e+01
3.3000e+02 4.4968e+02 1.5692e+01
/newplot
/plotname baseline
0.000000e+00 4.019384e+02
3.300000e+02 4.019384e+02
