/newplot
/plotname contrast2=0.0
0.0000e+00 4.8490e+02 2.2547e+01
3.0000e+01 4.5090e+02 1.8740e+01
6.0000e+01 4.5129e+02 1.3809e+01
9.0000e+01 4.4137e+02 1.3886e+01
1.2000e+02 4.5867e+02 1.4721e+01
1.5000e+02 4.9893e+02 2.7919e+01
1.8000e+02 4.6215e+02 1.5977e+01
2.1000e+02 4.4702e+02 1.8772e+01
2.4000e+02 4.5203e+02 2.2264e+01
2.7000e+02 4.5053e+02 1.6534e+01
3.0000e+02 4.6740e+02 1.8471e+01
3.3000e+02 5.0410e+02 1.5655e+01
/newplot
/plotname contrast2=0.5
0.0000e+00 4.7191e+02 2.6707e+01
3.0000e+01 4.8274e+02 2.3168e+01
6.0000e+01 4.9503e+02 1.5503e+01
9.0000e+01 4.7647e+02 1.9432e+01
1.2000e+02 4.6964e+02 2.4671e+01
1.5000e+02 4.8996e+02 2.9489e+01
1.8000e+02 4.7774e+02 2.7679e+01
2.1000e+02 4.8029e+02 2.3054e+01
2.4000e+02 5.2186e+02 2.1113e+01
2.7000e+02 4.7383e+02 2.8161e+01
3.0000e+02 5.0200e+02 1.9278e+01
3.3000e+02 5.4197e+02 2.5374e+01
/newplot
/plotname baseline
0.000000e+00 4.497499e+02
3.300000e+02 4.497499e+02
