/newplot
/plotname contrast2=0.0
0.0000e+00 5.0366e+02 4.7021e+01
3.0000e+01 4.2860e+02 2.3508e+01
6.0000e+01 4.1890e+02 2.6640e+01
9.0000e+01 4.1451e+02 3.1656e+01
1.2000e+02 4.1823e+02 4.0557e+01
1.5000e+02 4.6510e+02 4.1524e+01
1.8000e+02 4.7123e+02 2.2798e+01
2.1000e+02 4.3283e+02 1.6467e+01
2.4000e+02 4.2136e+02 2.5612e+01
2.7000e+02 4.2114e+02 2.3535e+01
3.0000e+02 4.2204e+02 2.6717e+01
3.3000e+02 4.5078e+02 2.4196e+01
/newplot
/plotname contrast2=0.5
0.0000e+00 4.6681e+02 2.8778e+01
3.0000e+01 4.6107e+02 4.0129e+01
6.0000e+01 4.7641e+02 2.8780e+01
9.0000e+01 4.6286e+02 5.3520e+01
1.2000e+02 4.7249e+02 3.0779e+01
1.5000e+02 4.6984e+02 3.2599e+01
1.8000e+02 4.8596e+02 2.2595e+01
2.1000e+02 4.6433e+02 3.8777e+01
2.4000e+02 4.6511e+02 2.1672e+01
2.7000e+02 4.8040e+02 5.2308e+01
3.0000e+02 4.7389e+02 2.3445e+01
3.3000e+02 4.8725e+02 1.5812e+01
/newplot
/plotname baseline
0.000000e+00 4.145017e+02
3.300000e+02 4.145017e+02
