/newplot
/plotname contrast2=0.0
0.0000e+00 5.0552e+02 2.0739e+01
3.0000e+01 4.9973e+02 1.5691e+01
6.0000e+01 4.9646e+02 1.4106e+01
9.0000e+01 4.8475e+02 1.7059e+01
1.2000e+02 4.7645e+02 6.9580e+00
1.5000e+02 4.8802e+02 1.4894e+01
1.8000e+02 4.8861e+02 1.5097e+01
2.1000e+02 4.8287e+02 1.4322e+01
2.4000e+02 4.7804e+02 7.7948e+00
2.7000e+02 4.8387e+02 1.7114e+01
3.0000e+02 4.9628e+02 1.2482e+01
3.3000e+02 5.0127e+02 1.8018e+01
/newplot
/plotname contrast2=0.5
0.0000e+00 5.0924e+02 1.8644e+01
3.0000e+01 4.9495e+02 1.1621e+01
6.0000e+01 5.2234e+02 1.5342e+01
9.0000e+01 5.0328e+02 2.9393e+01
1.2000e+02 5.0987e+02 2.1007e+01
1.5000e+02 5.1466e+02 2.4595e+01
1.8000e+02 5.1521e+02 2.6166e+01
2.1000e+02 4.9657e+02 1.9557e+01
2.4000e+02 5.2580e+02 2.0635e+01
2.7000e+02 5.1396e+02 3.0595e+01
3.0000e+02 5.1402e+02 1.3203e+01
3.3000e+02 5.1587e+02 2.0477e+01
/newplot
/plotname baseline
0.000000e+00 4.743416e+02
3.300000e+02 4.743416e+02
