/newplot
/plotname contrast2=0.0
0.0000e+00 5.2269e+02 1.1428e+01
3.0000e+01 5.1549e+02 2.3352e+01
6.0000e+01 4.9936e+02 2.8990e+01
9.0000e+01 4.9608e+02 2.7818e+01
1.2000e+02 4.8310e+02 2.4508e+01
1.5000e+02 4.9489e+02 3.0771e+01
1.8000e+02 5.0839e+02 9.9526e+00
2.1000e+02 5.1496e+02 3.6624e+01
2.4000e+02 4.9997e+02 2.2374e+01
2.7000e+02 4.9381e+02 1.7337e+01
3.0000e+02 4.9493e+02 2.2840e+01
3.3000e+02 4.8978e+02 1.4127e+01
/newplot
/plotname contrast2=0.5
0.0000e+00 5.0127e+02 1.9680e+01
3.0000e+01 5.3844e+02 3.7340e+01
6.0000e+01 5.1896e+02 1.7367e+01
9.0000e+01 5.1741e+02 2.6948e+01
1.2000e+02 5.2325e+02 1.6796e+01
1.5000e+02 5.1611e+02 2.9533e+01
1.8000e+02 5.2168e+02 2.3507e+01
2.1000e+02 5.2225e+02 2.0932e+01
2.4000e+02 5.1027e+02 1.6684e+01
2.7000e+02 5.1448e+02 1.9061e+01
3.0000e+02 5.1731e+02 2.0101e+01
3.3000e+02 5.0720e+02 1.9849e+01
/newplot
/plotname baseline
0.000000e+00 4.830008e+02
3.300000e+02 4.830008e+02
