/newplot
/plotname contrast2=0.0
0.0000e+00 4.2927e+02 5.1784e+01
3.0000e+01 4.1162e+02 1.4764e+01
6.0000e+01 3.7326e+02 2.4328e+01
9.0000e+01 3.7799e+02 1.3937e+01
1.2000e+02 3.6469e+02 1.1597e+01
1.5000e+02 3.7157e+02 1.1327e+01
1.8000e+02 4.4630e+02 9.6609e+00
2.1000e+02 4.1984e+02 3.0393e+01
2.4000e+02 3.8000e+02 2.9370e+01
2.7000e+02 3.8165e+02 9.8929e+00
3.0000e+02 3.6390e+02 1.8780e+01
3.3000e+02 3.7003e+02 1.2580e+01
/newplot
/plotname contrast2=0.5
0.0000e+00 4.1797e+02 1.9083e+01
3.0000e+01 4.1391e+02 2.3551e+01
6.0000e+01 3.8748e+02 1.8565e+01
9.0000e+01 4.3111e+02 3.0276e+01
1.2000e+02 4.2827e+02 2.1245e+01
1.5000e+02 3.8973e+02 2.5730e+01
1.8000e+02 4.4158e+02 2.6415e+01
2.1000e+02 4.4481e+02 2.1698e+01
2.4000e+02 3.8250e+02 1.1841e+01
2.7000e+02 4.1002e+02 3.2253e+01
3.0000e+02 4.1611e+02 2.3103e+01
3.3000e+02 3.8306e+02 2.6876e+01
/newplot
/plotname baseline
0.000000e+00 3.688585e+02
3.300000e+02 3.688585e+02
