/newplot
/plotname contrast2=0.0
0.0000e+00 3.0910e+02 7.8528e+00
3.0000e+01 3.1748e+02 1.0791e+01
6.0000e+01 3.4691e+02 2.9143e+01
9.0000e+01 3.6136e+02 1.4885e+01
1.2000e+02 3.3020e+02 1.3261e+01
1.5000e+02 3.0543e+02 1.4328e+01
1.8000e+02 3.1430e+02 7.0490e+00
2.1000e+02 3.2381e+02 1.8513e+01
2.4000e+02 3.3456e+02 2.7561e+01
2.7000e+02 3.3988e+02 1.6592e+01
3.0000e+02 3.3495e+02 1.8376e+01
3.3000e+02 3.1013e+02 1.5797e+01
/newplot
/plotname contrast2=0.5
0.0000e+00 3.4216e+02 9.2323e+00
3.0000e+01 3.6203e+02 2.8328e+01
6.0000e+01 3.4517e+02 1.4355e+01
9.0000e+01 3.4685e+02 2.5677e+01
1.2000e+02 3.4614e+02 1.3473e+01
1.5000e+02 3.4158e+02 9.3107e+00
1.8000e+02 3.5152e+02 1.0787e+01
2.1000e+02 3.4964e+02 1.1075e+01
2.4000e+02 3.8704e+02 1.8176e+01
2.7000e+02 3.4539e+02 2.3464e+01
3.0000e+02 3.3778e+02 1.8704e+01
3.3000e+02 3.4654e+02 1.8126e+01
/newplot
/plotname baseline
0.000000e+00 3.076829e+02
3.300000e+02 3.076829e+02
