/newplot
/plotname contrast2=0.0
0.0000e+00 3.5877e+02 1.3608e+01
3.0000e+01 3.5907e+02 1.2196e+01
6.0000e+01 3.5443e+02 1.5161e+01
9.0000e+01 3.6251e+02 2.4605e+01
1.2000e+02 3.6128e+02 2.6199e+01
1.5000e+02 3.6174e+02 2.2863e+01
1.8000e+02 3.6791e+02 6.6212e+00
2.1000e+02 3.6351e+02 1.6056e+01
2.4000e+02 3.6236e+02 2.5744e+01
2.7000e+02 3.6380e+02 1.2638e+01
3.0000e+02 3.5654e+02 1.2550e+01
3.3000e+02 3.6068e+02 1.1828e+01
/newplot
/plotname contrast2=0.5
0.0000e+00 3.6501e+02 9.4403e+00
3.0000e+01 3.6354e+02 1.6764e+01
6.0000e+01 3.6188e+02 1.5953e+01
9.0000e+01 3.6697e+02 1.7481e+01
1.2000e+02 3.5944e+02 1.6568e+01
1.5000e+02 3.5995e+02 2.2861e+01
1.8000e+02 3.6479e+02 1.4384e+01
2.1000e+02 3.6784e+02 1.4873e+01
2.4000e+02 3.7428e+02 1.3826e+01
2.7000e+02 3.5570e+02 1.7467e+01
3.0000e+02 3.5119e+02 3.1062e+01
3.3000e+02 3.6716e+02 1.3573e+01
/newplot
/plotname baseline
0.000000e+00 3.542849e+02
3.300000e+02 3.542849e+02
