/newplot
/plotname contrast2=0.0
0.0000e+00 5.0783e+02 2.1100e+01
3.0000e+01 5.0680e+02 2.1862e+01
6.0000e+01 5.0597e+02 3.3861e+01
9.0000e+01 5.0723e+02 3.4685e+01
1.2000e+02 5.1233e+02 2.4394e+01
1.5000e+02 5.2224e+02 3.7156e+01
1.8000e+02 4.9976e+02 1.5251e+01
2.1000e+02 4.8117e+02 3.4719e+01
2.4000e+02 5.0295e+02 3.4376e+01
2.7000e+02 5.2415e+02 1.5547e+01
3.0000e+02 5.4890e+02 2.3090e+01
3.3000e+02 5.1755e+02 1.9818e+01
/newplot
/plotname contrast2=0.5
0.0000e+00 5.2060e+02 2.6725e+01
3.0000e+01 5.4302e+02 3.7878e+01
6.0000e+01 5.8692e+02 3.3339e+01
9.0000e+01 5.5802e+02 3.9056e+01
1.2000e+02 4.9794e+02 3.8852e+01
1.5000e+02 5.1403e+02 2.4853e+01
1.8000e+02 5.1551e+02 3.6527e+01
2.1000e+02 5.1836e+02 3.8934e+01
2.4000e+02 5.5320e+02 2.8730e+01
2.7000e+02 5.3611e+02 3.6393e+01
3.0000e+02 5.3258e+02 2.4936e+01
3.3000e+02 5.4962e+02 2.3753e+01
/newplot
/plotname baseline
0.000000e+00 4.848624e+02
3.300000e+02 4.848624e+02
