/newplot
/plotname contrast2=0.0
0.0000e+00 6.2607e+02 1.8790e+01
3.0000e+01 5.7541e+02 2.3258e+01
6.0000e+01 5.7953e+02 2.6395e+01
9.0000e+01 5.7452e+02 3.2394e+01
1.2000e+02 5.6859e+02 3.1506e+01
1.5000e+02 6.0771e+02 2.7252e+01
1.8000e+02 5.9693e+02 5.5878e+00
2.1000e+02 5.8943e+02 2.7030e+01
2.4000e+02 5.6807e+02 3.0887e+01
2.7000e+02 5.7198e+02 2.1146e+01
3.0000e+02 5.7625e+02 3.4231e+01
3.3000e+02 6.1025e+02 2.1760e+01
/newplot
/plotname contrast2=0.5
0.0000e+00 6.0657e+02 2.6588e+01
3.0000e+01 6.0423e+02 3.5147e+01
6.0000e+01 5.9847e+02 1.8060e+01
9.0000e+01 5.9806e+02 3.1561e+01
1.2000e+02 6.0062e+02 1.8087e+01
1.5000e+02 6.1026e+02 3.3604e+01
1.8000e+02 6.0658e+02 1.2601e+01
2.1000e+02 6.1354e+02 2.3018e+01
2.4000e+02 6.2122e+02 2.2942e+01
2.7000e+02 6.0127e+02 2.6491e+01
3.0000e+02 6.1258e+02 3.3697e+01
3.3000e+02 6.3563e+02 2.1519e+01
/newplot
/plotname baseline
0.000000e+00 5.633961e+02
3.300000e+02 5.633961e+02
