/newplot
/plotname contrast2=0.0
0.0000e+00 5.7736e+02 3.0323e+01
3.0000e+01 5.8659e+02 3.4195e+01
6.0000e+01 6.3362e+02 5.3629e+01
9.0000e+01 6.0533e+02 2.9578e+01
1.2000e+02 5.7941e+02 3.6148e+01
1.5000e+02 5.6549e+02 2.9270e+01
1.8000e+02 5.8369e+02 2.5037e+01
2.1000e+02 5.9875e+02 4.4472e+01
2.4000e+02 6.3743e+02 4.3351e+01
2.7000e+02 6.1014e+02 1.6484e+01
3.0000e+02 5.8719e+02 3.2386e+01
3.3000e+02 5.8022e+02 1.8231e+01
/newplot
/plotname contrast2=0.5
0.0000e+00 6.0250e+02 2.7711e+01
3.0000e+01 6.2281e+02 4.3012e+01
6.0000e+01 6.3775e+02 2.2134e+01
9.0000e+01 6.0437e+02 4.7830e+01
1.2000e+02 6.0193e+02 3.5726e+01
1.5000e+02 6.4074e+02 4.1146e+01
1.8000e+02 6.2272e+02 3.7044e+01
2.1000e+02 6.3133e+02 3.4901e+01
2.4000e+02 6.2651e+02 3.4464e+01
2.7000e+02 6.2594e+02 4.3645e+01
3.0000e+02 6.2518e+02 3.1627e+01
3.3000e+02 6.4185e+02 2.4897e+01
/newplot
/plotname baseline
0.000000e+00 5.736546e+02
3.300000e+02 5.736546e+02
