/newplot
/plotname contrast2=0.0
0.0000e+00 4.0284e+02 2.7610e+01
3.0000e+01 4.2367e+02 2.9038e+01
6.0000e+01 4.8574e+02 4.7141e+01
9.0000e+01 4.2955e+02 2.9152e+01
1.2000e+02 4.0384e+02 2.3265e+01
1.5000e+02 4.0934e+02 3.4867e+01
1.8000e+02 4.1396e+02 4.3046e+01
2.1000e+02 4.2584e+02 4.0656e+01
2.4000e+02 5.0599e+02 3.8583e+01
2.7000e+02 4.4690e+02 2.0588e+01
3.0000e+02 3.9893e+02 3.1475e+01
3.3000e+02 4.0575e+02 3.5257e+01
/newplot
/plotname contrast2=0.5
0.0000e+00 4.3342e+02 2.4369e+01
3.0000e+01 4.4999e+02 4.2875e+01
6.0000e+01 4.6445e+02 2.0291e+01
9.0000e+01 4.3546e+02 2.1779e+01
1.2000e+02 4.3206e+02 2.4222e+01
1.5000e+02 4.8803e+02 3.5978e+01
1.8000e+02 4.5928e+02 1.4312e+01
2.1000e+02 4.6234e+02 1.2742e+01
2.4000e+02 4.8729e+02 2.7654e+01
2.7000e+02 4.5955e+02 4.0104e+01
3.0000e+02 4.3384e+02 3.5599e+01
3.3000e+02 4.7152e+02 3.1908e+01
/newplot
/plotname baseline
0.000000e+00 4.032783e+02
3.300000e+02 4.032783e+02
