/newplot
/plotname contrast2=0.0
0.0000e+00 7.2386e+02 4.6693e+01
3.0000e+01 6.7674e+02 2.9199e+01
6.0000e+01 6.3950e+02 2.3328e+01
9.0000e+01 6.4079e+02 1.7807e+01
1.2000e+02 6.3694e+02 2.9658e+01
1.5000e+02 6.4283e+02 3.7009e+01
1.8000e+02 6.9379e+02 2.7934e+01
2.1000e+02 6.7492e+02 4.6160e+01
2.4000e+02 6.5548e+02 4.0604e+01
2.7000e+02 6.4874e+02 3.1106e+01
3.0000e+02 6.5384e+02 2.3872e+01
3.3000e+02 6.6344e+02 2.3698e+01
/newplot
/plotname contrast2=0.5
0.0000e+00 7.0544e+02 3.0176e+01
3.0000e+01 6.8333e+02 3.2539e+01
6.0000e+01 6.5180e+02 2.5163e+01
9.0000e+01 6.8832e+02 3.6771e+01
1.2000e+02 6.9088e+02 3.0905e+01
1.5000e+02 6.7096e+02 3.3593e+01
1.8000e+02 7.2450e+02 3.9316e+01
2.1000e+02 7.0608e+02 2.9207e+01
2.4000e+02 6.9486e+02 2.7657e+01
2.7000e+02 6.9826e+02 4.9025e+01
3.0000e+02 6.9661e+02 3.7828e+01
3.3000e+02 6.8568e+02 2.6434e+01
/newplot
/plotname baseline
0.000000e+00 6.371564e+02
3.300000e+02 6.371564e+02
