/newplot
/plotname contrast2=0.0
0.0000e+00 3.1608e+02 2.1812e+01
3.0000e+01 3.1074e+02 1.6697e+01
6.0000e+01 3.0908e+02 4.1103e+00
9.0000e+01 3.0032e+02 8.9761e+00
1.2000e+02 3.0460e+02 1.2213e+01
1.5000e+02 3.2622e+02 1.9551e+01
1.8000e+02 3.2573e+02 2.5900e+01
2.1000e+02 3.1166e+02 1.1826e+01
2.4000e+02 3.1051e+02 9.9063e+00
2.7000e+02 3.0904e+02 1.3420e+01
3.0000e+02 3.1377e+02 8.1456e+00
3.3000e+02 3.2791e+02 1.6328e+01
/newplot
/plotname contrast2=0.5
0.0000e+00 3.2571e+02 1.2820e+01
3.0000e+01 3.2238e+02 9.4129e+00
6.0000e+01 3.2857e+02 1.2334e+01
9.0000e+01 3.1657e+02 1.9649e+01
1.2000e+02 3.2325e+02 2.1028e+01
1.5000e+02 3.1574e+02 1.5114e+01
1.8000e+02 3.2874e+02 2.2344e+01
2.1000e+02 3.4005e+02 1.1173e+01
2.4000e+02 3.2153e+02 2.9348e+01
2.7000e+02 3.2602e+02 1.4004e+01
3.0000e+02 3.3082e+02 2.6458e+01
3.3000e+02 3.1992e+02 2.3125e+01
/newplot
/plotname baseline
0.000000e+00 3.036683e+02
3.300000e+02 3.036683e+02
