/newplot
/plotname contrast2=0.0
0.0000e+00 3.3392e+02 2.2816e+01
3.0000e+01 3.2474e+02 1.6550e+01
6.0000e+01 3.3017e+02 1.6180e+01
9.0000e+01 3.1645e+02 1.7114e+01
1.2000e+02 3.3347e+02 3.6846e+01
1.5000e+02 3.1467e+02 1.5440e+01
1.8000e+02 3.2049e+02 3.5019e+01
2.1000e+02 3.3357e+02 8.9502e+00
2.4000e+02 3.4562e+02 3.9086e+01
2.7000e+02 3.2720e+02 1.8732e+01
3.0000e+02 3.2950e+02 1.8385e+01
3.3000e+02 3.2502e+02 2.4941e+01
/newplot
/plotname contrast2=0.5
0.0000e+00 3.3967e+02 1.7668e+01
3.0000e+01 3.3682e+02 1.1772e+01
6.0000e+01 3.5231e+02 2.9875e+01
9.0000e+01 3.5142e+02 2.0619e+01
1.2000e+02 3.2577e+02 2.1726e+01
1.5000e+02 3.4766e+02 4.9622e+01
1.8000e+02 3.5396e+02 4.9881e+01
2.1000e+02 3.4311e+02 2.0067e+01
2.4000e+02 3.5327e+02 3.8171e+01
2.7000e+02 3.1246e+02 1.5664e+01
3.0000e+02 3.6476e+02 2.1981e+01
3.3000e+02 3.3684e+02 3.3538e+01
/newplot
/plotname baseline
0.000000e+00 3.194398e+02
3.300000e+02 3.194398e+02
