/newplot
/plotname contrast2=0.0
0.0000e+00 7.7704e+02 9.4500e+00
3.0000e+01 7.1365e+02 3.1581e+01
6.0000e+01 7.0394e+02 3.1836e+01
9.0000e+01 7.4636e+02 2.8684e+01
1.2000e+02 7.5178e+02 3.2197e+01
1.5000e+02 8.9349e+02 9.7936e+01
1.8000e+02 7.7463e+02 4.1137e+01
2.1000e+02 7.7693e+02 7.2229e+01
2.4000e+02 7.3592e+02 3.8239e+01
2.7000e+02 7.4647e+02 3.1583e+01
3.0000e+02 7.5088e+02 2.8403e+01
3.3000e+02 9.6428e+02 1.1296e+02
/newplot
/plotname contrast2=0.5
0.0000e+00 7.8709e+02 3.4753e+01
3.0000e+01 7.5715e+02 3.7071e+01
6.0000e+01 8.4460e+02 1.0215e+02
9.0000e+01 7.9414e+02 3.7484e+01
1.2000e+02 7.8902e+02 2.6032e+01
1.5000e+02 8.4931e+02 1.4922e+02
1.8000e+02 8.6121e+02 1.1597e+02
2.1000e+02 8.4656e+02 8.3137e+01
2.4000e+02 8.7487e+02 1.4335e+02
2.7000e+02 8.2535e+02 8.7835e+01
3.0000e+02 8.9692e+02 8.0133e+01
3.3000e+02 8.9684e+02 1.0879e+02
/newplot
/plotname baseline
0.000000e+00 7.435942e+02
3.300000e+02 7.435942e+02
