/newplot
/plotname contrast2=0.0
0.0000e+00 4.4268e+02 4.9944e+01
3.0000e+01 4.2799e+02 3.4705e+01
6.0000e+01 4.2173e+02 2.4970e+01
9.0000e+01 4.2465e+02 3.2049e+01
1.2000e+02 4.0620e+02 2.2299e+01
1.5000e+02 4.3526e+02 3.2381e+01
1.8000e+02 4.5476e+02 4.7382e+01
2.1000e+02 4.2534e+02 3.2100e+01
2.4000e+02 4.4350e+02 2.7059e+01
2.7000e+02 4.4591e+02 2.2076e+01
3.0000e+02 4.2272e+02 2.9142e+01
3.3000e+02 4.4794e+02 1.0673e+01
/newplot
/plotname contrast2=0.5
0.0000e+00 4.3382e+02 2.7599e+01
3.0000e+01 4.5385e+02 5.9283e+01
6.0000e+01 4.4702e+02 4.0456e+01
9.0000e+01 4.5879e+02 3.8469e+01
1.2000e+02 4.8540e+02 4.9431e+01
1.5000e+02 4.6146e+02 6.6220e+01
1.8000e+02 4.7527e+02 8.1711e+01
2.1000e+02 4.8825e+02 6.3108e+01
2.4000e+02 4.5991e+02 4.6613e+01
2.7000e+02 4.2962e+02 3.8519e+01
3.0000e+02 5.1012e+02 5.9634e+01
3.3000e+02 4.7570e+02 6.2960e+01
/newplot
/plotname baseline
0.000000e+00 4.034272e+02
3.300000e+02 4.034272e+02
