/newplot
/plotname contrast2=0.0
0.0000e+00 2.5966e+02 1.7171e+01
3.0000e+01 2.3495e+02 2.0370e+01
6.0000e+01 2.4344e+02 1.4156e+01
9.0000e+01 2.2863e+02 1.3480e+01
1.2000e+02 2.1481e+02 7.8107e+00
1.5000e+02 2.3439e+02 1.4324e+01
1.8000e+02 2.7213e+02 4.6231e+01
2.1000e+02 2.4308e+02 1.9960e+01
2.4000e+02 2.3226e+02 1.1989e+01
2.7000e+02 2.2281e+02 1.9357e+01
3.0000e+02 2.1247e+02 1.8600e+01
3.3000e+02 2.3433e+02 2.0894e+01
/newplot
/plotname contrast2=0.5
0.0000e+00 2.5788e+02 1.8410e+01
3.0000e+01 2.4293e+02 2.5711e+01
6.0000e+01 2.4271e+02 2.1574e+01
9.0000e+01 2.4454e+02 2.3141e+01
1.2000e+02 2.5764e+02 1.5261e+01
1.5000e+02 2.3780e+02 1.7356e+01
1.8000e+02 2.6355e+02 3.1141e+01
2.1000e+02 2.4835e+02 2.8546e+01
2.4000e+02 2.5741e+02 4.2112e+01
2.7000e+02 2.3308e+02 1.4882e+01
3.0000e+02 2.5559e+02 1.5849e+01
3.3000e+02 2.6339e+02 3.0670e+01
/newplot
/plotname baseline
0.000000e+00 2.201756e+02
3.300000e+02 2.201756e+02
