/newplot
/plotname contrast2=0.0
0.0000e+00 4.0523e+02 2.6587e+01
3.0000e+01 5.0071e+02 8.1695e+01
6.0000e+01 3.7224e+02 1.5232e+01
9.0000e+01 3.6539e+02 1.1625e+01
1.2000e+02 3.8349e+02 1.0342e+01
1.5000e+02 3.7737e+02 1.6334e+01
1.8000e+02 4.3681e+02 2.4002e+01
2.1000e+02 8.2035e+02 8.1679e+01
2.4000e+02 4.0346e+02 2.7771e+01
2.7000e+02 3.9271e+02 3.6322e+01
3.0000e+02 3.9187e+02 3.1905e+01
3.3000e+02 3.8152e+02 6.5209e+00
/newplot
/plotname contrast2=0.5
0.0000e+00 4.0255e+02 3.7882e+01
3.0000e+01 4.2661e+02 2.8133e+01
6.0000e+01 4.5563e+02 7.9505e+01
9.0000e+01 5.2511e+02 7.9646e+01
1.2000e+02 5.4776e+02 8.8040e+01
1.5000e+02 4.1517e+02 4.2753e+01
1.8000e+02 4.6283e+02 9.2828e+01
2.1000e+02 4.9772e+02 6.3618e+01
2.4000e+02 4.6523e+02 1.0658e+02
2.7000e+02 4.6004e+02 9.0025e+01
3.0000e+02 4.9247e+02 7.7651e+01
3.3000e+02 4.1940e+02 5.0180e+01
/newplot
/plotname baseline
0.000000e+00 3.875196e+02
3.300000e+02 3.875196e+02
