/newplot
/plotname contrast2=0.0
0.0000e+00 4.8270e+02 1.9452e+01
3.0000e+01 5.4989e+02 1.2666e+02
6.0000e+01 8.8346e+02 1.6896e+02
9.0000e+01 5.1296e+02 2.9122e+01
1.2000e+02 4.9104e+02 1.5986e+01
1.5000e+02 4.8285e+02 2.4705e+01
1.8000e+02 4.9541e+02 4.0432e+01
2.1000e+02 5.1963e+02 2.2437e+01
2.4000e+02 7.2727e+02 1.7901e+02
2.7000e+02 5.1943e+02 1.8235e+01
3.0000e+02 4.8451e+02 1.2769e+01
3.3000e+02 4.8673e+02 2.4689e+01
/newplot
/plotname contrast2=0.5
0.0000e+00 4.8515e+02 1.2187e+01
3.0000e+01 5.0604e+02 4.2355e+01
6.0000e+01 6.2420e+02 8.8320e+01
9.0000e+01 5.1433e+02 3.0561e+01
1.2000e+02 5.0745e+02 1.8584e+01
1.5000e+02 5.4738e+02 3.7665e+01
1.8000e+02 5.1376e+02 3.9628e+01
2.1000e+02 5.1651e+02 2.0919e+01
2.4000e+02 5.3180e+02 3.0130e+01
2.7000e+02 5.0310e+02 1.2557e+01
3.0000e+02 5.1531e+02 2.5990e+01
3.3000e+02 5.8562e+02 1.0277e+02
/newplot
/plotname baseline
0.000000e+00 4.885731e+02
3.300000e+02 4.885731e+02
