/newplot
/plotname contrast2=0.0
0.0000e+00 6.1106e+02 2.9539e+01
3.0000e+01 6.6142e+02 6.0691e+01
6.0000e+01 6.6851e+02 2.9328e+01
9.0000e+01 6.0105e+02 3.5844e+01
1.2000e+02 5.9631e+02 1.7215e+01
1.5000e+02 5.9422e+02 1.6787e+01
1.8000e+02 6.1456e+02 1.3408e+01
2.1000e+02 7.3099e+02 7.3433e+01
2.4000e+02 7.1022e+02 4.0486e+01
2.7000e+02 6.1674e+02 5.0419e+01
3.0000e+02 6.1118e+02 3.4795e+01
3.3000e+02 6.1072e+02 2.7623e+01
/newplot
/plotname contrast2=0.5
0.0000e+00 6.1377e+02 3.2986e+01
3.0000e+01 7.1019e+02 7.1716e+01
6.0000e+01 7.0359e+02 6.2236e+01
9.0000e+01 6.6846e+02 3.1533e+01
1.2000e+02 7.5930e+02 7.2545e+01
1.5000e+02 6.7186e+02 4.1350e+01
1.8000e+02 6.6507e+02 6.8148e+01
2.1000e+02 7.7827e+02 8.0009e+01
2.4000e+02 7.1561e+02 1.0753e+02
2.7000e+02 6.6973e+02 4.6264e+01
3.0000e+02 7.3697e+02 8.0270e+01
3.3000e+02 7.0555e+02 6.9078e+01
/newplot
/plotname baseline
0.000000e+00 6.113995e+02
3.300000e+02 6.113995e+02
