/newplot
/plotname contrast2=0.0
0.0000e+00 1.8621e+02 1.4048e+01
3.0000e+01 1.7798e+02 1.0915e+01
6.0000e+01 1.7968e+02 1.6892e+01
9.0000e+01 1.8491e+02 9.3177e+00
1.2000e+02 1.8908e+02 1.1399e+01
1.5000e+02 1.9772e+02 1.6671e+01
1.8000e+02 1.8312e+02 1.4499e+01
2.1000e+02 1.8542e+02 1.3906e+01
2.4000e+02 1.7881e+02 1.4139e+01
2.7000e+02 1.7944e+02 1.0977e+01
3.0000e+02 2.0166e+02 1.3250e+01
3.3000e+02 1.9994e+02 1.1217e+01
/newplot
/plotname contrast2=0.5
0.0000e+00 1.8872e+02 1.7139e+01
3.0000e+01 1.9366e+02 8.6847e+00
6.0000e+01 1.9566e+02 6.6010e+00
9.0000e+01 1.9149e+02 2.3210e+01
1.2000e+02 1.9957e+02 2.2593e+01
1.5000e+02 1.9527e+02 2.9817e+01
1.8000e+02 2.0577e+02 3.5169e+01
2.1000e+02 2.1175e+02 2.6206e+01
2.4000e+02 2.0386e+02 1.4440e+01
2.7000e+02 1.9586e+02 1.5042e+01
3.0000e+02 2.0128e+02 2.0394e+01
3.3000e+02 1.9602e+02 9.9794e+00
/newplot
/plotname baseline
0.000000e+00 1.768055e+02
3.300000e+02 1.768055e+02
