/newplot
/plotname contrast2=0.0
0.0000e+00 2.6108e+02 2.4075e+01
3.0000e+01 2.5484e+02 1.6856e+01
6.0000e+01 2.3305e+02 1.2990e+01
9.0000e+01 2.5180e+02 2.0714e+01
1.2000e+02 2.4807e+02 1.8921e+01
1.5000e+02 2.7574e+02 1.6219e+01
1.8000e+02 2.6546e+02 1.8101e+01
2.1000e+02 2.5430e+02 1.6095e+01
2.4000e+02 2.5286e+02 1.2160e+01
2.7000e+02 2.4627e+02 3.9923e+01
3.0000e+02 2.4843e+02 1.3944e+01
3.3000e+02 2.8589e+02 2.3321e+01
/newplot
/plotname contrast2=0.5
0.0000e+00 2.7330e+02 2.0578e+01
3.0000e+01 2.6628e+02 1.6709e+01
6.0000e+01 2.5296e+02 2.2261e+01
9.0000e+01 2.5973e+02 2.9103e+01
1.2000e+02 2.6317e+02 5.6088e+00
1.5000e+02 2.7384e+02 2.3317e+01
1.8000e+02 2.6750e+02 9.6028e+00
2.1000e+02 2.6733e+02 1.8754e+01
2.4000e+02 2.7285e+02 1.8107e+01
2.7000e+02 2.5125e+02 1.5460e+01
3.0000e+02 2.7937e+02 3.0134e+01
3.3000e+02 2.7451e+02 2.9574e+01
/newplot
/plotname baseline
0.000000e+00 2.513605e+02
3.300000e+02 2.513605e+02
