/newplot
/plotname contrast2=0.0
0.0000e+00 2.7308e+02 1.1951e+01
3.0000e+01 2.6429e+02 8.7455e+00
6.0000e+01 2.7506e+02 9.1694e+00
9.0000e+01 2.7067e+02 8.8025e+00
1.2000e+02 2.8158e+02 1.1499e+01
1.5000e+02 3.0306e+02 1.7941e+01
1.8000e+02 2.7870e+02 9.3770e+00
2.1000e+02 2.7806e+02 7.0649e+00
2.4000e+02 2.7521e+02 9.9457e+00
2.7000e+02 2.7568e+02 6.3357e+00
3.0000e+02 2.8195e+02 1.1893e+01
3.3000e+02 3.1021e+02 1.9566e+01
/newplot
/plotname contrast2=0.5
0.0000e+00 2.7545e+02 1.4078e+01
3.0000e+01 2.8080e+02 1.3329e+01
6.0000e+01 2.8072e+02 7.7889e+00
9.0000e+01 2.8710e+02 1.4721e+01
1.2000e+02 2.8740e+02 1.5271e+01
1.5000e+02 2.9182e+02 1.8669e+01
1.8000e+02 2.8571e+02 3.6897e+01
2.1000e+02 2.8732e+02 1.8162e+01
2.4000e+02 2.8823e+02 2.0752e+01
2.7000e+02 2.8416e+02 1.2231e+01
3.0000e+02 2.9851e+02 1.6239e+01
3.3000e+02 2.8556e+02 1.4858e+01
/newplot
/plotname baseline
0.000000e+00 2.671165e+02
3.300000e+02 2.671165e+02
