/newplot
/plotname contrast2=0.0
0.0000e+00 5.2044e+02 2.7226e+01
3.0000e+01 5.0055e+02 2.3366e+01
6.0000e+01 4.8022e+02 1.1690e+01
9.0000e+01 4.8179e+02 1.2109e+01
1.2000e+02 4.9225e+02 1.0248e+01
1.5000e+02 4.9683e+02 8.8453e+00
1.8000e+02 5.1814e+02 1.7245e+01
2.1000e+02 5.0103e+02 2.1829e+01
2.4000e+02 4.8436e+02 1.3368e+01
2.7000e+02 4.8358e+02 1.4828e+01
3.0000e+02 4.9150e+02 2.1407e+01
3.3000e+02 4.9383e+02 1.6096e+01
/newplot
/plotname contrast2=0.5
0.0000e+00 5.1441e+02 2.1010e+01
3.0000e+01 5.2742e+02 4.2094e+01
6.0000e+01 5.4460e+02 4.1760e+01
9.0000e+01 5.5968e+02 4.6091e+01
1.2000e+02 5.3971e+02 3.3116e+01
1.5000e+02 5.1389e+02 3.3034e+01
1.8000e+02 5.3131e+02 3.4945e+01
2.1000e+02 5.2677e+02 1.8521e+01
2.4000e+02 5.3479e+02 3.4773e+01
2.7000e+02 5.3862e+02 3.5681e+01
3.0000e+02 5.5939e+02 6.5235e+01
3.3000e+02 5.2217e+02 2.6029e+01
/newplot
/plotname baseline
0.000000e+00 4.786771e+02
3.300000e+02 4.786771e+02
