/newplot
/plotname contrast2=0.0
0.0000e+00 4.4654e+02 2.2219e+01
3.0000e+01 4.2246e+02 6.7285e+00
6.0000e+01 4.1693e+02 1.2306e+01
9.0000e+01 4.2987e+02 1.4193e+01
1.2000e+02 4.3141e+02 1.8638e+01
1.5000e+02 5.1297e+02 4.4149e+01
1.8000e+02 4.8055e+02 5.3648e+01
2.1000e+02 4.2243e+02 1.3449e+01
2.4000e+02 4.2496e+02 7.3911e+00
2.7000e+02 4.4947e+02 6.9382e+01
3.0000e+02 4.2659e+02 1.3235e+01
3.3000e+02 5.1178e+02 3.3461e+01
/newplot
/plotname contrast2=0.5
0.0000e+00 5.3725e+02 1.2765e+02
3.0000e+01 6.9213e+02 4.7266e+02
6.0000e+01 5.2395e+02 1.0940e+02
9.0000e+01 5.1960e+02 1.5947e+02
1.2000e+02 4.6095e+02 5.0739e+01
1.5000e+02 4.5215e+02 3.6475e+01
1.8000e+02 4.8558e+02 5.5541e+01
2.1000e+02 7.1733e+02 5.5920e+02
2.4000e+02 5.0474e+02 7.5075e+01
2.7000e+02 4.7309e+02 7.1690e+01
3.0000e+02 5.1488e+02 8.0495e+01
3.3000e+02 5.7616e+02 1.2517e+02
/newplot
/plotname baseline
0.000000e+00 4.245468e+02
3.300000e+02 4.245468e+02
