/newplot
/plotname contrast2=0.0
0.0000e+00 3.1394e+02 8.3574e+00
3.0000e+01 2.8217e+02 1.2521e+01
6.0000e+01 2.7254e+02 1.4547e+01
9.0000e+01 2.7970e+02 1.0387e+01
1.2000e+02 2.7624e+02 9.4598e+00
1.5000e+02 3.0573e+02 2.2268e+01
1.8000e+02 3.1635e+02 1.7034e+01
2.1000e+02 2.8605e+02 1.1662e+01
2.4000e+02 2.7192e+02 9.7100e+00
2.7000e+02 2.7391e+02 1.6045e+01
3.0000e+02 2.7506e+02 2.0544e+01
3.3000e+02 3.0981e+02 1.1134e+01
/newplot
/plotname contrast2=0.5
0.0000e+00 3.0493e+02 6.3855e+00
3.0000e+01 3.0007e+02 2.5195e+01
6.0000e+01 3.0133e+02 1.5713e+01
9.0000e+01 2.9868e+02 1.3190e+01
1.2000e+02 2.9817e+02 4.0115e+00
1.5000e+02 2.9477e+02 2.0434e+01
1.8000e+02 3.0871e+02 2.1420e+01
2.1000e+02 3.0109e+02 1.0070e+01
2.4000e+02 2.9411e+02 1.3762e+01
2.7000e+02 2.9816e+02 1.0348e+01
3.0000e+02 2.9778e+02 1.3497e+01
3.3000e+02 2.9492e+02 1.8320e+01
/newplot
/plotname baseline
0.000000e+00 2.794762e+02
3.300000e+02 2.794762e+02
