/newplot
/plotname contrast2=0.0
0.0000e+00 2.0843e+02 1.5325e+01
3.0000e+01 1.9754e+02 1.0801e+01
6.0000e+01 2.0034e+02 1.0752e+01
9.0000e+01 2.0494e+02 6.3551e+00
1.2000e+02 2.0074e+02 7.9309e+00
1.5000e+02 2.0345e+02 6.2405e+00
1.8000e+02 2.1289e+02 8.6441e+00
2.1000e+02 2.0831e+02 1.6573e+01
2.4000e+02 2.3388e+02 1.6860e+01
2.7000e+02 2.1693e+02 1.5382e+01
3.0000e+02 2.0124e+02 1.2490e+01
3.3000e+02 2.0997e+02 5.5508e+00
/newplot
/plotname contrast2=0.5
0.0000e+00 2.1114e+02 9.5212e+00
3.0000e+01 2.1601e+02 2.2906e+01
6.0000e+01 2.4058e+02 1.4275e+01
9.0000e+01 2.2647e+02 1.6430e+01
1.2000e+02 2.3427e+02 1.7116e+01
1.5000e+02 2.1986e+02 1.9212e+01
1.8000e+02 2.2597e+02 2.4658e+01
2.1000e+02 2.3118e+02 1.7005e+01
2.4000e+02 2.3124e+02 2.2552e+01
2.7000e+02 2.1488e+02 1.4111e+01
3.0000e+02 2.3815e+02 1.9324e+01
3.3000e+02 2.2403e+02 1.2569e+01
/newplot
/plotname baseline
0.000000e+00 1.987436e+02
3.300000e+02 1.987436e+02
