/newplot
/plotname contrast2=0.0
0.0000e+00 5.2843e+02 3.0415e+01
3.0000e+01 5.0593e+02 2.8980e+01
6.0000e+01 5.0472e+02 1.6169e+01
9.0000e+01 5.1929e+02 2.4822e+01
1.2000e+02 5.1587e+02 2.6045e+01
1.5000e+02 5.7426e+02 7.5934e+01
1.8000e+02 5.4293e+02 1.6421e+01
2.1000e+02 5.0497e+02 3.1650e+01
2.4000e+02 5.2121e+02 3.2762e+01
2.7000e+02 5.3380e+02 4.6229e+01
3.0000e+02 5.2363e+02 2.4759e+01
3.3000e+02 5.7762e+02 7.4338e+01
/newplot
/plotname contrast2=0.5
0.0000e+00 5.3134e+02 1.8247e+01
3.0000e+01 5.5546e+02 5.1374e+01
6.0000e+01 5.6374e+02 4.9043e+01
9.0000e+01 5.6454e+02 2.7024e+01
1.2000e+02 5.7205e+02 4.8317e+01
1.5000e+02 5.6433e+02 4.8064e+01
1.8000e+02 6.1128e+02 1.2945e+02
2.1000e+02 6.0839e+02 8.7035e+01
2.4000e+02 5.8237e+02 1.1012e+02
2.7000e+02 5.3064e+02 3.4112e+01
3.0000e+02 6.2654e+02 6.6221e+01
3.3000e+02 5.8536e+02 7.4769e+01
/newplot
/plotname baseline
0.000000e+00 5.027208e+02
3.300000e+02 5.027208e+02
