/newplot
/plotname contrast2=0.0
0.0000e+00 3.1650e+02 3.0116e+01
3.0000e+01 3.1777e+02 2.7551e+01
6.0000e+01 3.1987e+02 2.4111e+01
9.0000e+01 3.1174e+02 2.3138e+01
1.2000e+02 3.2166e+02 1.5335e+01
1.5000e+02 3.2314e+02 3.2435e+01
1.8000e+02 3.4510e+02 2.6534e+01
2.1000e+02 3.3628e+02 2.9247e+01
2.4000e+02 3.1280e+02 1.5619e+01
2.7000e+02 3.0982e+02 2.7616e+01
3.0000e+02 3.3416e+02 1.7416e+01
3.3000e+02 3.4940e+02 1.9820e+01
/newplot
/plotname contrast2=0.5
0.0000e+00 3.2818e+02 3.5552e+01
3.0000e+01 3.2991e+02 3.1689e+01
6.0000e+01 3.4477e+02 2.7712e+01
9.0000e+01 3.3481e+02 2.6847e+01
1.2000e+02 3.3760e+02 3.6667e+01
1.5000e+02 3.2648e+02 4.1577e+01
1.8000e+02 3.5038e+02 4.6272e+01
2.1000e+02 3.4287e+02 1.2192e+01
2.4000e+02 3.4234e+02 5.7492e+01
2.7000e+02 3.2557e+02 2.1055e+01
3.0000e+02 3.4605e+02 2.2838e+01
3.3000e+02 3.4020e+02 3.0817e+01
/newplot
/plotname baseline
0.000000e+00 3.209503e+02
3.300000e+02 3.209503e+02
