/newplot
/plotname contrast2=0.0
0.0000e+00 3.5176e+02 1.6002e+01
3.0000e+01 3.3196e+02 1.8593e+01
6.0000e+01 3.2276e+02 7.9960e+00
9.0000e+01 3.2918e+02 1.1595e+01
1.2000e+02 3.3254e+02 2.0312e+01
1.5000e+02 3.5312e+02 1.1750e+01
1.8000e+02 3.5635e+02 8.4490e+00
2.1000e+02 3.4157e+02 1.7070e+01
2.4000e+02 3.2498e+02 1.2882e+01
2.7000e+02 3.2520e+02 1.0806e+01
3.0000e+02 3.3102e+02 1.0699e+01
3.3000e+02 3.5524e+02 1.1001e+01
/newplot
/plotname contrast2=0.5
0.0000e+00 3.5789e+02 2.1280e+01
3.0000e+01 3.4673e+02 3.3390e+01
6.0000e+01 3.5595e+02 2.1875e+01
9.0000e+01 3.5898e+02 2.3829e+01
1.2000e+02 3.4839e+02 2.2107e+01
1.5000e+02 3.5113e+02 1.0556e+01
1.8000e+02 3.5568e+02 3.1484e+01
2.1000e+02 3.5129e+02 1.0329e+01
2.4000e+02 3.3597e+02 2.0612e+01
2.7000e+02 3.5279e+02 1.5521e+01
3.0000e+02 3.4775e+02 1.4520e+01
3.3000e+02 3.4580e+02 1.3002e+01
/newplot
/plotname baseline
0.000000e+00 3.283314e+02
3.300000e+02 3.283314e+02
