/newplot
/plotname contrast2=0.0
0.0000e+00 5.7069e+02 2.1943e+01
3.0000e+01 5.7489e+02 3.2127e+01
6.0000e+01 6.5095e+02 5.3870e+01
9.0000e+01 5.8331e+02 1.6269e+01
1.2000e+02 5.5837e+02 1.3524e+01
1.5000e+02 5.9336e+02 3.2621e+01
1.8000e+02 5.9410e+02 1.9489e+01
2.1000e+02 6.0041e+02 4.3137e+01
2.4000e+02 6.7324e+02 2.7883e+01
2.7000e+02 6.0011e+02 2.1742e+01
3.0000e+02 5.7672e+02 3.2194e+01
3.3000e+02 5.8166e+02 2.4840e+01
/newplot
/plotname contrast2=0.5
0.0000e+00 5.9460e+02 2.0781e+01
3.0000e+01 5.8315e+02 2.4869e+01
6.0000e+01 6.2634e+02 2.5231e+01
9.0000e+01 6.0645e+02 4.7769e+01
1.2000e+02 6.0103e+02 1.4046e+01
1.5000e+02 6.4006e+02 6.4750e+01
1.8000e+02 6.2556e+02 5.3216e+01
2.1000e+02 6.2386e+02 3.5805e+01
2.4000e+02 6.2204e+02 3.8024e+01
2.7000e+02 5.7862e+02 2.2041e+01
3.0000e+02 6.1043e+02 1.2188e+01
3.3000e+02 6.4286e+02 6.8398e+01
/newplot
/plotname baseline
0.000000e+00 5.701501e+02
3.300000e+02 5.701501e+02
