/newplot
/plotname contrast2=0.0
0.0000e+00 5.5221e+02 4.3305e+01
3.0000e+01 5.1230e+02 2.3290e+01
6.0000e+01 5.1797e+02 9.1351e+00
9.0000e+01 5.2592e+02 1.9773e+01
1.2000e+02 5.3643e+02 1.0320e+01
1.5000e+02 5.6419e+02 4.5005e+01
1.8000e+02 5.7493e+02 3.4954e+01
2.1000e+02 5.3798e+02 3.2061e+01
2.4000e+02 5.3081e+02 1.9432e+01
2.7000e+02 5.3040e+02 2.6533e+01
3.0000e+02 5.3293e+02 1.9472e+01
3.3000e+02 5.7847e+02 3.4730e+01
/newplot
/plotname contrast2=0.5
0.0000e+00 5.5786e+02 5.0969e+01
3.0000e+01 5.5713e+02 6.7758e+01
6.0000e+01 5.6384e+02 4.4213e+01
9.0000e+01 5.5136e+02 3.2968e+01
1.2000e+02 5.6965e+02 5.4664e+01
1.5000e+02 5.6297e+02 9.1943e+01
1.8000e+02 6.0756e+02 1.2199e+02
2.1000e+02 5.7897e+02 4.6980e+01
2.4000e+02 5.7130e+02 6.7765e+01
2.7000e+02 5.5736e+02 2.8480e+01
3.0000e+02 6.0271e+02 5.5422e+01
3.3000e+02 5.7898e+02 7.6040e+01
/newplot
/plotname baseline
0.000000e+00 5.343597e+02
3.300000e+02 5.343597e+02
