/newplot
/plotname contrast2=0.0
0.0000e+00 6.0807e+02 3.1178e+01
3.0000e+01 5.6508e+02 3.6179e+01
6.0000e+01 5.7848e+02 3.5607e+01
9.0000e+01 5.8236e+02 3.1009e+01
1.2000e+02 5.7577e+02 1.2027e+01
1.5000e+02 5.9618e+02 3.0250e+01
1.8000e+02 5.8940e+02 2.7504e+01
2.1000e+02 5.5973e+02 2.4020e+01
2.4000e+02 5.7017e+02 3.4707e+01
2.7000e+02 5.8215e+02 4.5395e+01
3.0000e+02 6.0826e+02 1.5703e+01
3.3000e+02 6.0653e+02 2.7969e+01
/newplot
/plotname contrast2=0.5
0.0000e+00 6.0330e+02 3.6537e+01
3.0000e+01 6.0636e+02 2.7693e+01
6.0000e+01 6.1990e+02 2.6327e+01
9.0000e+01 6.1451e+02 2.9417e+01
1.2000e+02 6.1167e+02 3.6636e+01
1.5000e+02 6.1719e+02 2.3956e+01
1.8000e+02 6.2353e+02 2.7951e+01
2.1000e+02 6.1825e+02 1.5169e+01
2.4000e+02 6.5062e+02 2.9369e+01
2.7000e+02 5.8583e+02 2.4818e+01
3.0000e+02 6.1343e+02 3.8015e+01
3.3000e+02 6.0343e+02 2.0360e+01
/newplot
/plotname baseline
0.000000e+00 5.582719e+02
3.300000e+02 5.582719e+02
