/newplot
/plotname contrast2=0.0
0.0000e+00 7.4294e+02 1.1231e+02
3.0000e+01 7.5173e+02 9.1165e+01
6.0000e+01 7.1072e+02 6.3305e+01
9.0000e+01 6.9667e+02 1.0285e+02
1.2000e+02 6.9555e+02 9.3530e+01
1.5000e+02 7.0011e+02 8.3701e+01
1.8000e+02 7.8033e+02 1.5964e+02
2.1000e+02 7.9180e+02 2.0477e+02
2.4000e+02 7.5269e+02 1.2004e+02
2.7000e+02 7.5155e+02 1.3384e+02
3.0000e+02 7.5940e+02 1.2250e+02
3.3000e+02 7.6905e+02 5.9194e+01
/newplot
/plotname contrast2=0.5
0.0000e+00 7.7706e+02 1.8260e+02
3.0000e+01 7.8848e+02 1.6140e+02
6.0000e+01 8.1147e+02 2.5854e+02
9.0000e+01 7.7189e+02 1.6094e+02
1.2000e+02 8.3042e+02 1.7962e+02
1.5000e+02 7.8488e+02 2.0276e+02
1.8000e+02 9.3152e+02 3.4644e+02
2.1000e+02 8.6333e+02 1.9753e+02
2.4000e+02 8.9311e+02 3.6307e+02
2.7000e+02 8.1960e+02 1.6020e+02
3.0000e+02 8.9069e+02 2.3062e+02
3.3000e+02 8.5437e+02 1.8080e+02
/newplot
/plotname baseline
0.000000e+00 7.392247e+02
3.300000e+02 7.392247e+02
