/newplot
/plotname contrast2=0.0
0.0000e+00 1.0504e+03 6.5072e+01
3.0000e+01 1.0194e+03 6.0738e+01
6.0000e+01 9.5147e+02 1.6193e+02
9.0000e+01 1.0151e+03 5.3692e+01
1.2000e+02 1.0066e+03 3.6543e+01
1.5000e+02 1.0355e+03 6.0960e+01
1.8000e+02 9.7758e+02 1.0341e+02
2.1000e+02 1.0173e+03 4.9771e+01
2.4000e+02 1.0123e+03 8.0430e+01
2.7000e+02 1.0161e+03 5.6407e+01
3.0000e+02 1.0157e+03 4.8223e+01
3.3000e+02 1.0139e+03 6.6147e+01
/newplot
/plotname contrast2=0.5
0.0000e+00 1.0139e+03 8.9133e+01
3.0000e+01 9.9474e+02 1.4249e+02
6.0000e+01 1.0380e+03 4.3090e+01
9.0000e+01 1.0456e+03 5.6738e+01
1.2000e+02 1.0603e+03 4.5253e+01
1.5000e+02 1.0554e+03 5.5162e+01
1.8000e+02 1.0551e+03 6.8261e+01
2.1000e+02 1.0674e+03 7.6580e+01
2.4000e+02 1.0781e+03 5.8258e+01
2.7000e+02 1.0455e+03 5.7658e+01
3.0000e+02 1.0760e+03 5.6672e+01
3.3000e+02 1.0524e+03 7.8733e+01
/newplot
/plotname baseline
0.000000e+00 9.989923e+02
3.300000e+02 9.989923e+02
