/newplot
/plotname contrast2=0.0
0.0000e+00 1.0293e+03 6.8217e+01
3.0000e+01 9.8932e+02 8.1927e+01
6.0000e+01 1.0260e+03 1.3780e+02
9.0000e+01 9.7446e+02 4.9632e+01
1.2000e+02 9.9450e+02 8.7238e+01
1.5000e+02 1.0084e+03 4.6229e+01
1.8000e+02 9.5872e+02 1.1378e+02
2.1000e+02 1.0394e+03 7.5395e+01
2.4000e+02 1.0215e+03 1.0144e+02
2.7000e+02 9.9239e+02 5.5760e+01
3.0000e+02 1.0073e+03 8.7783e+01
3.3000e+02 9.7361e+02 4.4776e+01
/newplot
/plotname contrast2=0.5
0.0000e+00 9.6924e+02 1.0713e+02
3.0000e+01 1.0147e+03 1.2352e+02
6.0000e+01 1.0396e+03 9.0949e+01
9.0000e+01 1.0521e+03 7.1449e+01
1.2000e+02 1.0336e+03 4.8369e+01
1.5000e+02 1.0410e+03 6.5912e+01
1.8000e+02 1.0325e+03 2.5981e+01
2.1000e+02 9.5916e+02 7.8507e+01
2.4000e+02 1.0296e+03 5.6555e+01
2.7000e+02 1.0453e+03 4.6101e+01
3.0000e+02 1.0580e+03 7.0147e+01
3.3000e+02 1.0109e+03 8.3186e+01
/newplot
/plotname baseline
0.000000e+00 1.000776e+03
3.300000e+02 1.000776e+03
