/newplot
/plotname contrast2=0.0
0.0000e+00 2.9360e+02 1.8646e+01
3.0000e+01 2.5735e+02 1.9412e+01
6.0000e+01 2.7503e+02 3.6271e+01
9.0000e+01 2.8191e+02 2.3602e+01
1.2000e+02 2.7148e+02 9.2036e+00
1.5000e+02 3.5337e+02 2.4949e+01
1.8000e+02 2.8753e+02 1.6579e+01
2.1000e+02 2.6183e+02 2.4336e+01
2.4000e+02 2.7220e+02 2.8040e+01
2.7000e+02 2.7201e+02 1.3695e+01
3.0000e+02 2.7878e+02 1.3795e+01
3.3000e+02 3.2832e+02 2.4886e+01
/newplot
/plotname contrast2=0.5
0.0000e+00 2.9020e+02 2.5790e+01
3.0000e+01 2.9629e+02 3.0419e+01
6.0000e+01 2.9194e+02 4.1493e+01
9.0000e+01 3.1213e+02 1.6921e+01
1.2000e+02 2.8418e+02 1.8512e+01
1.5000e+02 3.0110e+02 2.4700e+01
1.8000e+02 2.9622e+02 2.5332e+01
2.1000e+02 2.8420e+02 2.3304e+01
2.4000e+02 3.1257e+02 3.9816e+01
2.7000e+02 2.6813e+02 1.4972e+01
3.0000e+02 2.9122e+02 1.5288e+01
3.3000e+02 2.9846e+02 2.1976e+01
/newplot
/plotname baseline
0.000000e+00 2.684546e+02
3.300000e+02 2.684546e+02
