/newplot
/plotname contrast2=0.0
0.0000e+00 5.1064e+02 1.0821e+01
3.0000e+01 5.2112e+02 1.5760e+01
6.0000e+01 5.0739e+02 8.5216e+00
9.0000e+01 5.1597e+02 2.8849e+00
1.2000e+02 5.1187e+02 1.4249e+01
1.5000e+02 5.2648e+02 1.1290e+01
1.8000e+02 5.2034e+02 1.4648e+01
2.1000e+02 5.1477e+02 1.3030e+01
2.4000e+02 5.1610e+02 1.5156e+01
2.7000e+02 5.1302e+02 1.0042e+01
3.0000e+02 5.1914e+02 1.9945e+01
3.3000e+02 5.2537e+02 2.0048e+01
/newplot
/plotname contrast2=0.5
0.0000e+00 5.2854e+02 1.3300e+01
3.0000e+01 5.2209e+02 2.5211e+01
6.0000e+01 5.2071e+02 1.2110e+01
9.0000e+01 5.1415e+02 1.4687e+01
1.2000e+02 5.3286e+02 2.2052e+01
1.5000e+02 5.2601e+02 1.1461e+01
1.8000e+02 5.2232e+02 1.6359e+01
2.1000e+02 5.3145e+02 7.2141e+00
2.4000e+02 5.3621e+02 1.7926e+01
2.7000e+02 5.2328e+02 1.0898e+01
3.0000e+02 5.3277e+02 2.0813e+01
3.3000e+02 5.2965e+02 9.2711e+00
/newplot
/plotname baseline
0.000000e+00 5.054219e+02
3.300000e+02 5.054219e+02
