/newplot
/plotname contrast2=0.0
0.0000e+00 6.2618e+02 4.8451e+01
3.0000e+01 6.2717e+02 9.6773e+01
6.0000e+01 5.6447e+02 4.2143e+01
9.0000e+01 5.3678e+02 4.7252e+01
1.2000e+02 5.4890e+02 7.2262e+01
1.5000e+02 5.3737e+02 7.0111e+01
1.8000e+02 5.7955e+02 5.0090e+01
2.1000e+02 6.3337e+02 8.4583e+01
2.4000e+02 5.5592e+02 5.5214e+01
2.7000e+02 5.4766e+02 2.1060e+01
3.0000e+02 5.2305e+02 5.4892e+01
3.3000e+02 5.4091e+02 5.5252e+01
/newplot
/plotname contrast2=0.5
0.0000e+00 5.9157e+02 8.7769e+01
3.0000e+01 5.8033e+02 8.4130e+01
6.0000e+01 5.6682e+02 9.0846e+01
9.0000e+01 6.0131e+02 7.9313e+01
1.2000e+02 6.4013e+02 1.0059e+02
1.5000e+02 6.4988e+02 9.2028e+01
1.8000e+02 5.8861e+02 8.5645e+01
2.1000e+02 6.2573e+02 1.1286e+02
2.4000e+02 5.7529e+02 4.1250e+01
2.7000e+02 6.2836e+02 7.5452e+01
3.0000e+02 6.4353e+02 1.0563e+02
3.3000e+02 5.8933e+02 7.4438e+01
/newplot
/plotname baseline
0.000000e+00 5.384260e+02
3.300000e+02 5.384260e+02
