/newplot
/plotname contrast2=0.0
0.0000e+00 2.3035e+02 9.9248e+00
3.0000e+01 2.2369e+02 9.2701e+00
6.0000e+01 2.2017e+02 9.1528e+00
9.0000e+01 2.1809e+02 9.0483e+00
1.2000e+02 2.3096e+02 1.2192e+01
1.5000e+02 2.3497e+02 1.5934e+01
1.8000e+02 2.2341e+02 1.1650e+01
2.1000e+02 2.1901e+02 1.0851e+01
2.4000e+02 2.1622e+02 9.9500e+00
2.7000e+02 2.2231e+02 8.2486e+00
3.0000e+02 2.3851e+02 1.1141e+01
3.3000e+02 2.3759e+02 9.4394e+00
/newplot
/plotname contrast2=0.5
0.0000e+00 2.4148e+02 1.5993e+01
3.0000e+01 2.3567e+02 2.1247e+01
6.0000e+01 2.3705e+02 1.2052e+01
9.0000e+01 2.2665e+02 5.6446e+00
1.2000e+02 2.4015e+02 1.5751e+01
1.5000e+02 2.4103e+02 1.2571e+01
1.8000e+02 2.3360e+02 1.4477e+01
2.1000e+02 2.4685e+02 1.2421e+01
2.4000e+02 2.4689e+02 1.1403e+01
2.7000e+02 2.3457e+02 1.0431e+01
3.0000e+02 2.2976e+02 1.0112e+01
3.3000e+02 2.3813e+02 1.7648e+01
/newplot
/plotname baseline
0.000000e+00 2.150769e+02
3.300000e+02 2.150769e+02
