/newplot
/plotname contrast2=0.0
0.0000e+00 1.5326e+02 1.3559e+01
3.0000e+01 1.5854e+02 1.0186e+01
6.0000e+01 1.5296e+02 6.4644e+00
9.0000e+01 1.4817e+02 5.0233e+00
1.2000e+02 1.5150e+02 9.9965e+00
1.5000e+02 1.5454e+02 7.5164e+00
1.8000e+02 1.6382e+02 7.0817e+00
2.1000e+02 1.7129e+02 8.9411e+00
2.4000e+02 1.6007e+02 9.1914e+00
2.7000e+02 1.5095e+02 8.5366e+00
3.0000e+02 1.4863e+02 6.5137e+00
3.3000e+02 1.4793e+02 3.0158e+00
/newplot
/plotname contrast2=0.5
0.0000e+00 1.5569e+02 9.8765e+00
3.0000e+01 1.6256e+02 1.0054e+01
6.0000e+01 1.5623e+02 4.2568e+00
9.0000e+01 1.5754e+02 1.1131e+01
1.2000e+02 1.6923e+02 1.0744e+01
1.5000e+02 1.6100e+02 5.8878e+00
1.8000e+02 1.6056e+02 1.4091e+01
2.1000e+02 1.6635e+02 1.3348e+01
2.4000e+02 1.7163e+02 1.1091e+01
2.7000e+02 1.6121e+02 1.6598e+01
3.0000e+02 1.5857e+02 1.2799e+01
3.3000e+02 1.5299e+02 1.5082e+01
/newplot
/plotname baseline
0.000000e+00 1.457415e+02
3.300000e+02 1.457415e+02
