/newplot
/plotname contrast2=0.0
0.0000e+00 2.7396e+02 8.4778e+00
3.0000e+01 2.8840e+02 8.6010e+00
6.0000e+01 3.5764e+02 2.9944e+01
9.0000e+01 3.0661e+02 1.6182e+01
1.2000e+02 2.7028e+02 1.9510e+01
1.5000e+02 2.6893e+02 1.2958e+01
1.8000e+02 2.7148e+02 1.8591e+01
2.1000e+02 2.9730e+02 1.7872e+01
2.4000e+02 3.5089e+02 2.5026e+01
2.7000e+02 3.1952e+02 1.8435e+01
3.0000e+02 2.8206e+02 1.5201e+01
3.3000e+02 2.7193e+02 6.4769e+00
/newplot
/plotname contrast2=0.5
0.0000e+00 2.9336e+02 1.6998e+01
3.0000e+01 3.1817e+02 5.3079e+01
6.0000e+01 3.1640e+02 2.7460e+01
9.0000e+01 2.8851e+02 2.6719e+01
1.2000e+02 3.1541e+02 2.8053e+01
1.5000e+02 3.4685e+02 3.8801e+01
1.8000e+02 2.8744e+02 3.4758e+01
2.1000e+02 2.9904e+02 3.4255e+01
2.4000e+02 3.4492e+02 2.5710e+01
2.7000e+02 3.1941e+02 3.6387e+01
3.0000e+02 3.0203e+02 2.4068e+01
3.3000e+02 3.0361e+02 2.7301e+01
/newplot
/plotname baseline
0.000000e+00 2.719655e+02
3.300000e+02 2.719655e+02
