/newplot
/plotname contrast2=0.0
0.0000e+00 3.0413e+02 6.6138e+00
3.0000e+01 2.9374e+02 1.7017e+01
6.0000e+01 3.0185e+02 1.2726e+01
9.0000e+01 2.9828e+02 1.1492e+01
1.2000e+02 3.0162e+02 8.6655e+00
1.5000e+02 3.1780e+02 1.9276e+01
1.8000e+02 3.2326e+02 1.4184e+01
2.1000e+02 3.0702e+02 7.6031e+00
2.4000e+02 3.1056e+02 8.8755e+00
2.7000e+02 3.0279e+02 1.0799e+01
3.0000e+02 3.0555e+02 1.3753e+01
3.3000e+02 3.1332e+02 1.6808e+01
/newplot
/plotname contrast2=0.5
0.0000e+00 3.1353e+02 1.8294e+01
3.0000e+01 3.2000e+02 2.3442e+01
6.0000e+01 3.0845e+02 8.2290e+00
9.0000e+01 3.1060e+02 1.4612e+01
1.2000e+02 3.1715e+02 2.2602e+01
1.5000e+02 3.2620e+02 2.2893e+01
1.8000e+02 3.1075e+02 1.9389e+01
2.1000e+02 3.1364e+02 1.9825e+01
2.4000e+02 3.2068e+02 2.5753e+01
2.7000e+02 3.2083e+02 2.1882e+01
3.0000e+02 3.0978e+02 1.2780e+01
3.3000e+02 3.1999e+02 3.1433e+01
/newplot
/plotname baseline
0.000000e+00 2.916577e+02
3.300000e+02 2.916577e+02
