/newplot
/plotname contrast2=0.0
0.0000e+00 2.3297e+02 1.0718e+01
3.0000e+01 2.3269e+02 1.0278e+01
6.0000e+01 2.3622e+02 8.6246e+00
9.0000e+01 2.3653e+02 5.6819e+00
1.2000e+02 2.3531e+02 9.7593e+00
1.5000e+02 2.4376e+02 1.0143e+01
1.8000e+02 2.3848e+02 1.6070e+01
2.1000e+02 2.2997e+02 5.5172e+00
2.4000e+02 2.5226e+02 1.3504e+01
2.7000e+02 2.5310e+02 1.1635e+01
3.0000e+02 2.2651e+02 1.0640e+01
3.3000e+02 2.3252e+02 1.0605e+01
/newplot
/plotname contrast2=0.5
0.0000e+00 2.3947e+02 1.3158e+01
3.0000e+01 2.4463e+02 1.5035e+01
6.0000e+01 2.3467e+02 6.8574e+00
9.0000e+01 2.3348e+02 9.9140e+00
1.2000e+02 2.4618e+02 1.1186e+01
1.5000e+02 2.4619e+02 1.4021e+01
1.8000e+02 2.4022e+02 1.2746e+01
2.1000e+02 2.4623e+02 8.2418e+00
2.4000e+02 2.4511e+02 1.1988e+01
2.7000e+02 2.5666e+02 1.4190e+01
3.0000e+02 2.4032e+02 9.7504e+00
3.3000e+02 2.3451e+02 6.9293e+00
/newplot
/plotname baseline
0.000000e+00 2.301824e+02
3.300000e+02 2.301824e+02
