/newplot
/plotname contrast2=0.0
0.0000e+00 1.9827e+02 6.5231e+00
3.0000e+01 2.1485e+02 8.8191e+00
6.0000e+01 2.2774e+02 1.7187e+01
9.0000e+01 2.0941e+02 5.5959e+00
1.2000e+02 2.0190e+02 2.5901e+00
1.5000e+02 2.0029e+02 4.1281e+00
1.8000e+02 2.0600e+02 9.8756e+00
2.1000e+02 2.3523e+02 1.4582e+01
2.4000e+02 2.4093e+02 1.3029e+01
2.7000e+02 2.0760e+02 9.2618e+00
3.0000e+02 2.0202e+02 7.9372e+00
3.3000e+02 1.9698e+02 5.6567e+00
/newplot
/plotname contrast2=0.5
0.0000e+00 2.0946e+02 6.7090e+00
3.0000e+01 2.1427e+02 1.2632e+01
6.0000e+01 2.1454e+02 1.3044e+01
9.0000e+01 2.0886e+02 9.5852e+00
1.2000e+02 2.2584e+02 1.6259e+01
1.5000e+02 2.2529e+02 1.4521e+01
1.8000e+02 2.1259e+02 1.3600e+01
2.1000e+02 2.2783e+02 1.8157e+01
2.4000e+02 2.3883e+02 1.7398e+01
2.7000e+02 2.2292e+02 1.2081e+01
3.0000e+02 2.1455e+02 9.3192e+00
3.3000e+02 2.1189e+02 1.3619e+01
/newplot
/plotname baseline
0.000000e+00 1.970736e+02
3.300000e+02 1.970736e+02
