/newplot
/plotname contrast2=0.0
0.0000e+00 3.2044e+02 1.4658e+01
3.0000e+01 3.2492e+02 1.8837e+01
6.0000e+01 3.1212e+02 1.9607e+01
9.0000e+01 2.9746e+02 2.0169e+01
1.2000e+02 2.9155e+02 1.1546e+01
1.5000e+02 2.9796e+02 1.0138e+01
1.8000e+02 3.2503e+02 2.2971e+01
2.1000e+02 3.3744e+02 1.9538e+01
2.4000e+02 3.2576e+02 1.8590e+01
2.7000e+02 3.0655e+02 9.6597e+00
3.0000e+02 2.9971e+02 6.5486e+00
3.3000e+02 3.0507e+02 6.9652e+00
/newplot
/plotname contrast2=0.5
0.0000e+00 3.1235e+02 7.0037e+00
3.0000e+01 3.2134e+02 3.5119e+01
6.0000e+01 3.1409e+02 1.9400e+01
9.0000e+01 3.2905e+02 3.0774e+01
1.2000e+02 3.5240e+02 2.7488e+01
1.5000e+02 3.3281e+02 2.0959e+01
1.8000e+02 3.3336e+02 2.7505e+01
2.1000e+02 3.3632e+02 1.8996e+01
2.4000e+02 3.5143e+02 3.3894e+01
2.7000e+02 3.4816e+02 2.3067e+01
3.0000e+02 3.2766e+02 1.8328e+01
3.3000e+02 3.1750e+02 1.0334e+01
/newplot
/plotname baseline
0.000000e+00 2.950947e+02
3.300000e+02 2.950947e+02
