/newplot
/plotname contrast2=0.0
0.0000e+00 2.5072e+02 9.5456e+00
3.0000e+01 2.4245e+02 4.8963e+00
6.0000e+01 2.3219e+02 1.4110e+01
9.0000e+01 2.2976e+02 1.4288e+01
1.2000e+02 2.3815e+02 1.0929e+01
1.5000e+02 2.3958e+02 6.7660e+00
1.8000e+02 2.5420e+02 2.3307e+01
2.1000e+02 2.3528e+02 1.3420e+01
2.4000e+02 2.3334e+02 6.7681e+00
2.7000e+02 2.3976e+02 1.1389e+01
3.0000e+02 2.3285e+02 1.6213e+01
3.3000e+02 2.5612e+02 1.9821e+01
/newplot
/plotname contrast2=0.5
0.0000e+00 2.8663e+02 3.8189e+01
3.0000e+01 2.5098e+02 1.8227e+01
6.0000e+01 2.4910e+02 2.9062e+01
9.0000e+01 2.5728e+02 2.4957e+01
1.2000e+02 2.4005e+02 1.2205e+01
1.5000e+02 2.4627e+02 8.4147e+00
1.8000e+02 2.6898e+02 2.6060e+01
2.1000e+02 2.4983e+02 2.4443e+01
2.4000e+02 2.8368e+02 4.2607e+01
2.7000e+02 2.8478e+02 3.7775e+01
3.0000e+02 2.5315e+02 2.6431e+01
3.3000e+02 2.6323e+02 2.3172e+01
/newplot
/plotname baseline
0.000000e+00 2.364523e+02
3.300000e+02 2.364523e+02
