/newplot
/plotname contrast2=0.0
0.0000e+00 2.0121e+02 8.3821e+00
3.0000e+01 2.1269e+02 1.2553e+01
6.0000e+01 2.2811e+02 8.9400e+00
9.0000e+01 2.1039e+02 9.3177e+00
1.2000e+02 2.0671e+02 8.0971e+00
1.5000e+02 2.1043e+02 6.4939e+00
1.8000e+02 2.0518e+02 1.0684e+01
2.1000e+02 2.2409e+02 9.8721e+00
2.4000e+02 2.4561e+02 9.6855e+00
2.7000e+02 2.2559e+02 7.1164e+00
3.0000e+02 2.0843e+02 5.9961e+00
3.3000e+02 2.0697e+02 5.3598e+00
/newplot
/plotname contrast2=0.5
0.0000e+00 2.1814e+02 1.1932e+01
3.0000e+01 2.1553e+02 1.3762e+01
6.0000e+01 2.0952e+02 9.3246e+00
9.0000e+01 2.1889e+02 1.9106e+01
1.2000e+02 2.2777e+02 1.8298e+01
1.5000e+02 2.3342e+02 2.2191e+01
1.8000e+02 2.2696e+02 2.7906e+01
2.1000e+02 2.2820e+02 1.9555e+01
2.4000e+02 2.4094e+02 1.6295e+01
2.7000e+02 2.4972e+02 3.1628e+01
3.0000e+02 2.1605e+02 1.3476e+01
3.3000e+02 2.1304e+02 1.0387e+01
/newplot
/plotname baseline
0.000000e+00 2.060189e+02
3.300000e+02 2.060189e+02
