/newplot
/plotname contrast2=0.0
0.0000e+00 2.1459e+02 8.1897e+00
3.0000e+01 2.0372e+02 9.2039e+00
6.0000e+01 2.0038e+02 4.5749e+00
9.0000e+01 1.9629e+02 5.3093e+00
1.2000e+02 2.0045e+02 6.3438e+00
1.5000e+02 2.1898e+02 1.2533e+01
1.8000e+02 2.1029e+02 1.1686e+01
2.1000e+02 2.0445e+02 8.8006e+00
2.4000e+02 2.0635e+02 9.5539e+00
2.7000e+02 2.0594e+02 8.9060e+00
3.0000e+02 2.0196e+02 7.7178e+00
3.3000e+02 2.3562e+02 1.2873e+01
/newplot
/plotname contrast2=0.5
0.0000e+00 2.1907e+02 1.6489e+01
3.0000e+01 2.2023e+02 2.3340e+01
6.0000e+01 2.1513e+02 5.5927e+00
9.0000e+01 2.1100e+02 1.1555e+01
1.2000e+02 2.1754e+02 7.6648e+00
1.5000e+02 2.2670e+02 1.3848e+01
1.8000e+02 2.2561e+02 1.3352e+01
2.1000e+02 2.2253e+02 9.9718e+00
2.4000e+02 2.3622e+02 1.5174e+01
2.7000e+02 2.2344e+02 1.3490e+01
3.0000e+02 2.1666e+02 1.0818e+01
3.3000e+02 2.3011e+02 1.8236e+01
/newplot
/plotname baseline
0.000000e+00 1.993315e+02
3.300000e+02 1.993315e+02
