/newplot
/plotname contrast2=0.0
0.0000e+00 2.8186e+02 8.0342e+00
3.0000e+01 3.0137e+02 2.0086e+01
6.0000e+01 2.8097e+02 8.8051e+00
9.0000e+01 2.7137e+02 8.0777e+00
1.2000e+02 2.6477e+02 7.8608e+00
1.5000e+02 2.6873e+02 8.0332e+00
1.8000e+02 2.9076e+02 1.1883e+01
2.1000e+02 2.9346e+02 9.4867e+00
2.4000e+02 2.8648e+02 1.4039e+01
2.7000e+02 2.6902e+02 7.8486e+00
3.0000e+02 2.6512e+02 7.0069e+00
3.3000e+02 2.6434e+02 5.2135e+00
/newplot
/plotname contrast2=0.5
0.0000e+00 2.9332e+02 1.8919e+01
3.0000e+01 2.9403e+02 1.6629e+01
6.0000e+01 2.8195e+02 1.3981e+01
9.0000e+01 2.9546e+02 1.4399e+01
1.2000e+02 3.0045e+02 2.2491e+01
1.5000e+02 3.0974e+02 2.5242e+01
1.8000e+02 2.9410e+02 1.9569e+01
2.1000e+02 2.9362e+02 1.5781e+01
2.4000e+02 2.9802e+02 1.7278e+01
2.7000e+02 3.0685e+02 1.7609e+01
3.0000e+02 3.1050e+02 2.2081e+01
3.3000e+02 2.9876e+02 1.7879e+01
/newplot
/plotname baseline
0.000000e+00 2.653083e+02
3.300000e+02 2.653083e+02
