/newplot
/plotname contrast2=0.0
0.0000e+00 2.9290e+02 1.2182e+01
3.0000e+01 2.8832e+02 1.4927e+01
6.0000e+01 2.9207e+02 5.6738e+00
9.0000e+01 2.9374e+02 7.9781e+00
1.2000e+02 2.9144e+02 1.0080e+01
1.5000e+02 2.9389e+02 7.8916e+00
1.8000e+02 2.9561e+02 1.1553e+01
2.1000e+02 2.8780e+02 2.5987e+00
2.4000e+02 2.9664e+02 9.4414e+00
2.7000e+02 2.9834e+02 1.1951e+01
3.0000e+02 2.9835e+02 1.8851e+01
3.3000e+02 2.9070e+02 8.0271e+00
/newplot
/plotname contrast2=0.5
0.0000e+00 3.0219e+02 1.3529e+01
3.0000e+01 3.0648e+02 1.8436e+01
6.0000e+01 2.9152e+02 4.8573e+00
9.0000e+01 3.0959e+02 1.1577e+01
1.2000e+02 3.2375e+02 2.1911e+01
1.5000e+02 2.9716e+02 1.9869e+01
1.8000e+02 3.1414e+02 1.6526e+01
2.1000e+02 3.1319e+02 2.2480e+01
2.4000e+02 3.0948e+02 2.5750e+01
2.7000e+02 3.1942e+02 1.6309e+01
3.0000e+02 3.2727e+02 2.3120e+01
3.3000e+02 2.9813e+02 6.0986e+00
/newplot
/plotname baseline
0.000000e+00 2.967675e+02
3.300000e+02 2.967675e+02
