/newplot
/plotname contrast2=0.0
0.0000e+00 5.3640e+02 2.3977e+01
3.0000e+01 5.1372e+02 1.3786e+01
6.0000e+01 4.8262e+02 1.1679e+01
9.0000e+01 4.9427e+02 1.6389e+01
1.2000e+02 4.8732e+02 1.6218e+01
1.5000e+02 5.1015e+02 1.6426e+01
1.8000e+02 5.3464e+02 3.3086e+01
2.1000e+02 5.1228e+02 1.4202e+01
2.4000e+02 4.9596e+02 1.9990e+01
2.7000e+02 4.8410e+02 2.5264e+01
3.0000e+02 5.0368e+02 2.7569e+01
3.3000e+02 5.0528e+02 1.3252e+01
/newplot
/plotname contrast2=0.5
0.0000e+00 5.2874e+02 2.4176e+01
3.0000e+01 5.1762e+02 2.8064e+01
6.0000e+01 5.1076e+02 1.6764e+01
9.0000e+01 5.2508e+02 3.2332e+01
1.2000e+02 5.2051e+02 2.9144e+01
1.5000e+02 5.1105e+02 2.6009e+01
1.8000e+02 5.3388e+02 2.0825e+01
2.1000e+02 5.2354e+02 1.3481e+01
2.4000e+02 5.1854e+02 2.0438e+01
2.7000e+02 5.2210e+02 2.9110e+01
3.0000e+02 5.2222e+02 2.2281e+01
3.3000e+02 5.2603e+02 2.9269e+01
/newplot
/plotname baseline
0.000000e+00 4.975712e+02
3.300000e+02 4.975712e+02
