/newplot
/plotname contrast2=0.0
0.0000e+00 1.0762e+03 1.0185e+02
3.0000e+01 1.0656e+03 1.3180e+02
6.0000e+01 1.0336e+03 9.5026e+01
9.0000e+01 1.0093e+03 1.2967e+02
1.2000e+02 1.0502e+03 1.3611e+02
1.5000e+02 1.0062e+03 8.2406e+01
1.8000e+02 9.6845e+02 5.5697e+01
2.1000e+02 1.0100e+03 5.0686e+01
2.4000e+02 1.0032e+03 6.6671e+01
2.7000e+02 1.0435e+03 7.9235e+01
3.0000e+02 1.0561e+03 1.0616e+02
3.3000e+02 1.0665e+03 6.7139e+01
/newplot
/plotname contrast2=0.5
0.0000e+00 1.1066e+03 1.9665e+02
3.0000e+01 1.0599e+03 1.6528e+02
6.0000e+01 1.0478e+03 1.0272e+02
9.0000e+01 1.1331e+03 2.7302e+02
1.2000e+02 1.1493e+03 1.7268e+02
1.5000e+02 1.1458e+03 2.2349e+02
1.8000e+02 1.0933e+03 2.1347e+02
2.1000e+02 1.1304e+03 1.8749e+02
2.4000e+02 1.1310e+03 1.7944e+02
2.7000e+02 1.1473e+03 1.5842e+02
3.0000e+02 1.1553e+03 1.4687e+02
3.3000e+02 1.0228e+03 6.5077e+01
/newplot
/plotname baseline
0.000000e+00 1.017628e+03
3.300000e+02 1.017628e+03
