/newplot
/plotname contrast2=0.0
0.0000e+00 2.0881e+02 6.1676e+00
3.0000e+01 2.1046e+02 8.3568e+00
6.0000e+01 2.0571e+02 8.8498e+00
9.0000e+01 2.0343e+02 1.5495e+01
1.2000e+02 2.0622e+02 1.0836e+01
1.5000e+02 2.1620e+02 1.2375e+01
1.8000e+02 2.1144e+02 7.6706e+00
2.1000e+02 2.0847e+02 9.9217e+00
2.4000e+02 2.0572e+02 8.8569e+00
2.7000e+02 2.0486e+02 6.9930e+00
3.0000e+02 2.1237e+02 6.5243e+00
3.3000e+02 2.1485e+02 6.2750e+00
/newplot
/plotname contrast2=0.5
0.0000e+00 2.1767e+02 1.2400e+01
3.0000e+01 2.1516e+02 9.9594e+00
6.0000e+01 2.1410e+02 1.2832e+01
9.0000e+01 2.1346e+02 6.1651e+00
1.2000e+02 2.3006e+02 1.6947e+01
1.5000e+02 2.2017e+02 9.7733e+00
1.8000e+02 2.2497e+02 1.0861e+01
2.1000e+02 2.2660e+02 5.4242e+00
2.4000e+02 2.2279e+02 9.2586e+00
2.7000e+02 2.1342e+02 8.5861e+00
3.0000e+02 2.2892e+02 1.1596e+01
3.3000e+02 2.2724e+02 9.8933e+00
/newplot
/plotname baseline
0.000000e+00 1.954333e+02
3.300000e+02 1.954333e+02
