/newplot
/plotname contrast2=0.0
0.0000e+00 2.0983e+02 8.9922e+00
3.0000e+01 1.9649e+02 8.0350e+00
6.0000e+01 1.9170e+02 7.2407e+00
9.0000e+01 1.9916e+02 5.9807e+00
1.2000e+02 2.0177e+02 6.9760e+00
1.5000e+02 2.1952e+02 1.4511e+01
1.8000e+02 2.0842e+02 7.4295e+00
2.1000e+02 2.0054e+02 8.0813e+00
2.4000e+02 1.9518e+02 3.9239e+00
2.7000e+02 2.0339e+02 1.3204e+01
3.0000e+02 2.0061e+02 6.5483e+00
3.3000e+02 2.2080e+02 1.1083e+01
/newplot
/plotname contrast2=0.5
0.0000e+00 2.2276e+02 1.2465e+01
3.0000e+01 2.1690e+02 1.9316e+01
6.0000e+01 2.2422e+02 1.0773e+01
9.0000e+01 2.0835e+02 9.7813e+00
1.2000e+02 2.1731e+02 1.7233e+01
1.5000e+02 2.3139e+02 1.5926e+01
1.8000e+02 2.2154e+02 1.5593e+01
2.1000e+02 2.2480e+02 2.0085e+01
2.4000e+02 2.3631e+02 1.5132e+01
2.7000e+02 2.2475e+02 1.4809e+01
3.0000e+02 2.1218e+02 1.4451e+01
3.3000e+02 2.2577e+02 1.3239e+01
/newplot
/plotname baseline
0.000000e+00 1.971554e+02
3.300000e+02 1.971554e+02
