/newplot
/plotname contrast2=0.0
0.0000e+00 3.9665e+02 3.3381e+01
3.0000e+01 4.0265e+02 7.7506e+01
6.0000e+01 3.6106e+02 2.8019e+01
9.0000e+01 3.5761e+02 2.0586e+01
1.2000e+02 4.0037e+02 9.6941e+01
1.5000e+02 4.3201e+02 1.2997e+02
1.8000e+02 4.1625e+02 8.5951e+01
2.1000e+02 3.9468e+02 8.2276e+01
2.4000e+02 3.6217e+02 1.4413e+01
2.7000e+02 3.7634e+02 2.8608e+01
3.0000e+02 4.1684e+02 1.1236e+02
3.3000e+02 4.0117e+02 4.3920e+01
/newplot
/plotname contrast2=0.5
0.0000e+00 4.2832e+02 8.4072e+01
3.0000e+01 4.2024e+02 6.4228e+01
6.0000e+01 3.7327e+02 2.5675e+01
9.0000e+01 4.0927e+02 9.2397e+01
1.2000e+02 3.8447e+02 1.8508e+01
1.5000e+02 3.9590e+02 3.6386e+01
1.8000e+02 4.2356e+02 8.5692e+01
2.1000e+02 4.2430e+02 8.5662e+01
2.4000e+02 4.3248e+02 1.1770e+02
2.7000e+02 3.9716e+02 2.9216e+01
3.0000e+02 3.8193e+02 1.6570e+01
3.3000e+02 4.2560e+02 1.2127e+02
/newplot
/plotname baseline
0.000000e+00 3.753283e+02
3.300000e+02 3.753283e+02
