/newplot
/plotname contrast2=0.0
0.0000e+00 2.3744e+02 1.0148e+01
3.0000e+01 2.2937e+02 1.1452e+01
6.0000e+01 2.3331e+02 1.4838e+01
9.0000e+01 2.2670e+02 1.0033e+01
1.2000e+02 2.3365e+02 6.1005e+00
1.5000e+02 2.5996e+02 1.8135e+01
1.8000e+02 2.7374e+02 3.7576e+01
2.1000e+02 2.3461e+02 9.8458e+00
2.4000e+02 2.3204e+02 1.4662e+01
2.7000e+02 2.3672e+02 1.6591e+01
3.0000e+02 2.3476e+02 7.5354e+00
3.3000e+02 2.4221e+02 9.0700e+00
/newplot
/plotname contrast2=0.5
0.0000e+00 2.5153e+02 3.0386e+01
3.0000e+01 2.7181e+02 4.1912e+01
6.0000e+01 2.3907e+02 1.8312e+01
9.0000e+01 2.6892e+02 3.2149e+01
1.2000e+02 2.8780e+02 5.6553e+01
1.5000e+02 2.6523e+02 2.7340e+01
1.8000e+02 2.9325e+02 7.3151e+01
2.1000e+02 3.1433e+02 1.3045e+02
2.4000e+02 2.5638e+02 6.7471e+00
2.7000e+02 2.3293e+02 1.5946e+01
3.0000e+02 2.9526e+02 5.1301e+01
3.3000e+02 2.5819e+02 1.3420e+01
/newplot
/plotname baseline
0.000000e+00 2.269524e+02
3.300000e+02 2.269524e+02
