/newplot
/plotname contrast2=0.0
0.0000e+00 2.5618e+02 1.4301e+01
3.0000e+01 2.2991e+02 6.0675e+00
6.0000e+01 2.2397e+02 3.9606e+00
9.0000e+01 2.2594e+02 1.2240e+01
1.2000e+02 2.2644e+02 7.8857e+00
1.5000e+02 2.3425e+02 8.0094e+00
1.8000e+02 2.4473e+02 1.5065e+01
2.1000e+02 2.3522e+02 7.7149e+00
2.4000e+02 2.3718e+02 1.1761e+01
2.7000e+02 2.3081e+02 8.5096e+00
3.0000e+02 2.3098e+02 3.7941e+00
3.3000e+02 2.4228e+02 1.5308e+01
/newplot
/plotname contrast2=0.5
0.0000e+00 2.3882e+02 1.7433e+01
3.0000e+01 2.4744e+02 1.6981e+01
6.0000e+01 2.3519e+02 7.7666e+00
9.0000e+01 2.4681e+02 1.0521e+01
1.2000e+02 2.3728e+02 1.4500e+01
1.5000e+02 2.5098e+02 1.1295e+01
1.8000e+02 2.5721e+02 1.3813e+01
2.1000e+02 2.5157e+02 1.2487e+01
2.4000e+02 2.5144e+02 8.4469e+00
2.7000e+02 2.6093e+02 2.0379e+01
3.0000e+02 2.4137e+02 1.2604e+01
3.3000e+02 2.4280e+02 8.0500e+00
/newplot
/plotname baseline
0.000000e+00 2.229693e+02
3.300000e+02 2.229693e+02
