/newplot
/plotname contrast2=0.0
0.0000e+00 3.0147e+02 1.1650e+01
3.0000e+01 3.0181e+02 1.3210e+01
6.0000e+01 4.3004e+02 4.1716e+01
9.0000e+01 3.1908e+02 1.8322e+01
1.2000e+02 3.0303e+02 2.2040e+01
1.5000e+02 3.0190e+02 1.6125e+01
1.8000e+02 3.0202e+02 1.6405e+01
2.1000e+02 3.2100e+02 1.6809e+01
2.4000e+02 5.4305e+02 2.0781e+01
2.7000e+02 3.4271e+02 1.9408e+01
3.0000e+02 3.1030e+02 1.8235e+01
3.3000e+02 2.9665e+02 6.8267e+00
/newplot
/plotname contrast2=0.5
0.0000e+00 3.1189e+02 1.4696e+01
3.0000e+01 3.1351e+02 2.1259e+01
6.0000e+01 3.4740e+02 1.9204e+01
9.0000e+01 3.1434e+02 2.7499e+01
1.2000e+02 3.3817e+02 4.2700e+01
1.5000e+02 4.3164e+02 7.4821e+01
1.8000e+02 3.2075e+02 2.7453e+01
2.1000e+02 3.1969e+02 1.7786e+01
2.4000e+02 4.2677e+02 7.1328e+01
2.7000e+02 3.5673e+02 2.7448e+01
3.0000e+02 3.1885e+02 2.1730e+01
3.3000e+02 3.3705e+02 2.9235e+01
/newplot
/plotname baseline
0.000000e+00 2.953652e+02
3.300000e+02 2.953652e+02
