/newplot
/plotname contrast2=0.0
0.0000e+00 2.0932e+02 7.0240e+00
3.0000e+01 2.0440e+02 1.0969e+01
6.0000e+01 2.1370e+02 1.2054e+01
9.0000e+01 1.9752e+02 6.2239e+00
1.2000e+02 2.0654e+02 1.1331e+01
1.5000e+02 2.1366e+02 7.4808e+00
1.8000e+02 2.2454e+02 1.7686e+01
2.1000e+02 2.1129e+02 1.5806e+01
2.4000e+02 2.1618e+02 1.4374e+01
2.7000e+02 2.0698e+02 1.0791e+01
3.0000e+02 2.0591e+02 4.5391e+00
3.3000e+02 2.0228e+02 1.1879e+01
/newplot
/plotname contrast2=0.5
0.0000e+00 2.1370e+02 1.3712e+01
3.0000e+01 2.1345e+02 1.5634e+01
6.0000e+01 2.1116e+02 8.1988e+00
9.0000e+01 2.1122e+02 6.7982e+00
1.2000e+02 2.1742e+02 1.1525e+01
1.5000e+02 2.2258e+02 1.0034e+01
1.8000e+02 2.1986e+02 1.0324e+01
2.1000e+02 2.1991e+02 1.0775e+01
2.4000e+02 2.1926e+02 1.0827e+01
2.7000e+02 2.2222e+02 1.2269e+01
3.0000e+02 2.1778e+02 1.2420e+01
3.3000e+02 2.1399e+02 1.1359e+01
/newplot
/plotname baseline
0.000000e+00 1.997831e+02
3.300000e+02 1.997831e+02
