/newplot
/plotname contrast2=0.0
0.0000e+00 3.1224e+02 1.4488e+01
3.0000e+01 3.0195e+02 1.4260e+01
6.0000e+01 3.1635e+02 1.0297e+01
9.0000e+01 3.0765e+02 1.5458e+01
1.2000e+02 2.9865e+02 2.3513e+01
1.5000e+02 3.0253e+02 2.4105e+01
1.8000e+02 3.1060e+02 2.2793e+01
2.1000e+02 3.1456e+02 1.6095e+01
2.4000e+02 3.1277e+02 2.8886e+01
2.7000e+02 2.8975e+02 1.5121e+01
3.0000e+02 2.9259e+02 1.1373e+01
3.3000e+02 2.9253e+02 6.1894e+00
/newplot
/plotname contrast2=0.5
0.0000e+00 3.1797e+02 1.6712e+01
3.0000e+01 3.2869e+02 2.1094e+01
6.0000e+01 3.1564e+02 1.5620e+01
9.0000e+01 3.1995e+02 1.9254e+01
1.2000e+02 3.3864e+02 3.6416e+01
1.5000e+02 3.4650e+02 2.7316e+01
1.8000e+02 3.1865e+02 2.3562e+01
2.1000e+02 3.2736e+02 1.9652e+01
2.4000e+02 3.3003e+02 2.0003e+01
2.7000e+02 3.4303e+02 2.5638e+01
3.0000e+02 4.0460e+02 6.5003e+01
3.3000e+02 3.2951e+02 2.5804e+01
/newplot
/plotname baseline
0.000000e+00 2.889320e+02
3.300000e+02 2.889320e+02
