/newplot
/plotname contrast2=0.0
0.0000e+00 4.3782e+02 2.1586e+01
3.0000e+01 4.1789e+02 1.1166e+01
6.0000e+01 4.2350e+02 1.5819e+01
9.0000e+01 4.1860e+02 1.9523e+01
1.2000e+02 4.2907e+02 1.2305e+01
1.5000e+02 4.3617e+02 1.8810e+01
1.8000e+02 4.3734e+02 3.3959e+01
2.1000e+02 4.2270e+02 8.4628e+00
2.4000e+02 4.2688e+02 1.1355e+01
2.7000e+02 4.3314e+02 2.1408e+01
3.0000e+02 4.3352e+02 2.6946e+01
3.3000e+02 4.4007e+02 2.3021e+01
/newplot
/plotname contrast2=0.5
0.0000e+00 4.2496e+02 2.9405e+01
3.0000e+01 4.2869e+02 1.8431e+01
6.0000e+01 4.2433e+02 1.7672e+01
9.0000e+01 4.1671e+02 2.0561e+01
1.2000e+02 4.3207e+02 2.1812e+01
1.5000e+02 4.3001e+02 8.8742e+00
1.8000e+02 4.3521e+02 1.6621e+01
2.1000e+02 4.3745e+02 1.8920e+01
2.4000e+02 4.3408e+02 1.0784e+01
2.7000e+02 4.3038e+02 1.5608e+01
3.0000e+02 4.3377e+02 1.4131e+01
3.3000e+02 4.2564e+02 3.1630e+01
/newplot
/plotname baseline
0.000000e+00 4.205907e+02
3.300000e+02 4.205907e+02
