/newplot
/plotname contrast2=0.0
0.0000e+00 2.2008e+02 1.2863e+01
3.0000e+01 2.0242e+02 1.0251e+01
6.0000e+01 1.9541e+02 7.4153e+00
9.0000e+01 1.9600e+02 6.2937e+00
1.2000e+02 2.0464e+02 1.0491e+01
1.5000e+02 2.4412e+02 2.1373e+01
1.8000e+02 2.1709e+02 1.5873e+01
2.1000e+02 2.0339e+02 1.1376e+01
2.4000e+02 1.9727e+02 9.9040e+00
2.7000e+02 1.9889e+02 1.0822e+01
3.0000e+02 1.9837e+02 1.1411e+01
3.3000e+02 2.4838e+02 1.6306e+01
/newplot
/plotname contrast2=0.5
0.0000e+00 2.2052e+02 2.0403e+01
3.0000e+01 2.1201e+02 1.4881e+01
6.0000e+01 2.2326e+02 6.5982e+00
9.0000e+01 2.2076e+02 2.1856e+01
1.2000e+02 2.1543e+02 2.1602e+01
1.5000e+02 2.3879e+02 1.3000e+01
1.8000e+02 2.2240e+02 1.6259e+01
2.1000e+02 2.1853e+02 2.6564e+01
2.4000e+02 2.3339e+02 1.3943e+01
2.7000e+02 2.2097e+02 1.8731e+01
3.0000e+02 2.2382e+02 1.6343e+01
3.3000e+02 2.2655e+02 1.3858e+01
/newplot
/plotname baseline
0.000000e+00 1.997508e+02
3.300000e+02 1.997508e+02
