/newplot
/plotname contrast2=0.0
0.0000e+00 2.8061e+02 1.3715e+01
3.0000e+01 2.5887e+02 4.1906e+00
6.0000e+01 2.5098e+02 1.1555e+01
9.0000e+01 2.4903e+02 8.6509e+00
1.2000e+02 2.6197e+02 4.7548e+00
1.5000e+02 3.0392e+02 2.5671e+01
1.8000e+02 2.6884e+02 1.2680e+01
2.1000e+02 2.6141e+02 1.6142e+01
2.4000e+02 2.5340e+02 5.7535e+00
2.7000e+02 2.5743e+02 1.3788e+01
3.0000e+02 2.6114e+02 3.8203e+00
3.3000e+02 3.2364e+02 1.5286e+01
/newplot
/plotname contrast2=0.5
0.0000e+00 2.7296e+02 1.3272e+01
3.0000e+01 2.6487e+02 1.3970e+01
6.0000e+01 2.8194e+02 8.3200e+00
9.0000e+01 2.7720e+02 1.5051e+01
1.2000e+02 2.7276e+02 1.2888e+01
1.5000e+02 2.8638e+02 6.2963e+00
1.8000e+02 2.8384e+02 1.6930e+01
2.1000e+02 2.7687e+02 1.6997e+01
2.4000e+02 3.0038e+02 1.6210e+01
2.7000e+02 2.8192e+02 1.4217e+01
3.0000e+02 2.7419e+02 1.6214e+01
3.3000e+02 2.9950e+02 1.1019e+01
/newplot
/plotname baseline
0.000000e+00 2.515943e+02
3.300000e+02 2.515943e+02
