/newplot
/plotname contrast2=0.0
0.0000e+00 1.6504e+02 6.1946e+00
3.0000e+01 1.6258e+02 5.3086e+00
6.0000e+01 1.5750e+02 3.0455e+00
9.0000e+01 1.6274e+02 4.5551e+00
1.2000e+02 1.7460e+02 1.2141e+01
1.5000e+02 1.7789e+02 3.7160e+00
1.8000e+02 1.6509e+02 9.9443e+00
2.1000e+02 1.6083e+02 7.8361e+00
2.4000e+02 1.5828e+02 5.9966e+00
2.7000e+02 1.6456e+02 4.6977e+00
3.0000e+02 1.7316e+02 6.9000e+00
3.3000e+02 1.8940e+02 1.1768e+01
/newplot
/plotname contrast2=0.5
0.0000e+00 1.7229e+02 1.7881e+01
3.0000e+01 1.6675e+02 1.0516e+01
6.0000e+01 1.7070e+02 7.3250e+00
9.0000e+01 1.7368e+02 1.5785e+01
1.2000e+02 1.7815e+02 1.0880e+01
1.5000e+02 1.7257e+02 1.1893e+01
1.8000e+02 1.7685e+02 1.5258e+01
2.1000e+02 1.7234e+02 1.6228e+01
2.4000e+02 1.7963e+02 1.4867e+01
2.7000e+02 1.8589e+02 2.0874e+01
3.0000e+02 1.7882e+02 1.5657e+01
3.3000e+02 1.8024e+02 7.4023e+00
/newplot
/plotname baseline
0.000000e+00 1.592349e+02
3.300000e+02 1.592349e+02
