/newplot
/plotname contrast2=0.0
0.0000e+00 2.2988e+02 1.2113e+01
3.0000e+01 2.4193e+02 1.3613e+01
6.0000e+01 2.6427e+02 1.0119e+01
9.0000e+01 2.6302e+02 9.0259e+00
1.2000e+02 2.3431e+02 1.6280e+01
1.5000e+02 2.3219e+02 6.7473e+00
1.8000e+02 2.3114e+02 8.6333e+00
2.1000e+02 2.3892e+02 6.4556e+00
2.4000e+02 2.7993e+02 1.5544e+01
2.7000e+02 2.6553e+02 1.9648e+01
3.0000e+02 2.3539e+02 1.8441e+01
3.3000e+02 2.2844e+02 7.3828e+00
/newplot
/plotname contrast2=0.5
0.0000e+00 2.4682e+02 9.4400e+00
3.0000e+01 2.5270e+02 2.3749e+01
6.0000e+01 2.4997e+02 1.5986e+01
9.0000e+01 2.4622e+02 2.1685e+01
1.2000e+02 2.6139e+02 2.2408e+01
1.5000e+02 2.6804e+02 1.8807e+01
1.8000e+02 2.5237e+02 1.9763e+01
2.1000e+02 2.5144e+02 2.6716e+01
2.4000e+02 2.6454e+02 1.6165e+01
2.7000e+02 2.6201e+02 1.7451e+01
3.0000e+02 2.5541e+02 2.2714e+01
3.3000e+02 2.4080e+02 1.3119e+01
/newplot
/plotname baseline
0.000000e+00 2.293241e+02
3.300000e+02 2.293241e+02
