/newplot
/plotname contrast2=0.0
0.0000e+00 1.7888e+02 1.1543e+01
3.0000e+01 1.7016e+02 1.4100e+01
6.0000e+01 1.6405e+02 1.0969e+01
9.0000e+01 1.6930e+02 1.2190e+01
1.2000e+02 1.7173e+02 5.0057e+00
1.5000e+02 1.6986e+02 8.0015e+00
1.8000e+02 1.6826e+02 8.5335e+00
2.1000e+02 1.7167e+02 1.1305e+01
2.4000e+02 1.6969e+02 9.2366e+00
2.7000e+02 1.8344e+02 1.2422e+01
3.0000e+02 1.7053e+02 6.9016e+00
3.3000e+02 1.7792e+02 1.2558e+01
/newplot
/plotname contrast2=0.5
0.0000e+00 1.7967e+02 1.0064e+01
3.0000e+01 1.7385e+02 2.0046e+01
6.0000e+01 1.7478e+02 9.9152e+00
9.0000e+01 1.7311e+02 1.8961e+01
1.2000e+02 1.8888e+02 2.7994e+01
1.5000e+02 1.9243e+02 1.4779e+01
1.8000e+02 1.7924e+02 1.9191e+01
2.1000e+02 1.8190e+02 1.5144e+01
2.4000e+02 1.9052e+02 9.1201e+00
2.7000e+02 1.7800e+02 1.4235e+01
3.0000e+02 1.7807e+02 9.9126e+00
3.3000e+02 1.8945e+02 1.3148e+01
/newplot
/plotname baseline
0.000000e+00 1.598392e+02
3.300000e+02 1.598392e+02
