/newplot
/plotname contrast2=0.0
0.0000e+00 2.1991e+02 7.5840e+00
3.0000e+01 2.0993e+02 1.4629e+01
6.0000e+01 1.9607e+02 6.2088e+00
9.0000e+01 1.9840e+02 5.8411e+00
1.2000e+02 2.0577e+02 1.2066e+01
1.5000e+02 2.1976e+02 1.7562e+01
1.8000e+02 2.1313e+02 9.2550e+00
2.1000e+02 2.0421e+02 1.3207e+01
2.4000e+02 2.0531e+02 1.0736e+01
2.7000e+02 2.0423e+02 6.1942e+00
3.0000e+02 2.0978e+02 1.1942e+01
3.3000e+02 2.2857e+02 1.0952e+01
/newplot
/plotname contrast2=0.5
0.0000e+00 2.1894e+02 9.9581e+00
3.0000e+01 2.1464e+02 1.2185e+01
6.0000e+01 2.0924e+02 8.2906e+00
9.0000e+01 2.0873e+02 1.1695e+01
1.2000e+02 2.2244e+02 1.7571e+01
1.5000e+02 2.2260e+02 1.1786e+01
1.8000e+02 2.2481e+02 1.1672e+01
2.1000e+02 2.2008e+02 2.1175e+01
2.4000e+02 2.3109e+02 1.6176e+01
2.7000e+02 2.1633e+02 4.4656e+00
3.0000e+02 2.2368e+02 1.5798e+01
3.3000e+02 2.1899e+02 1.2675e+01
/newplot
/plotname baseline
0.000000e+00 2.032686e+02
3.300000e+02 2.032686e+02
