/newplot
/plotname contrast2=0.0
0.0000e+00 3.9106e+02 1.7498e+01
3.0000e+01 4.1392e+02 1.1821e+01
6.0000e+01 4.0256e+02 1.6063e+01
9.0000e+01 3.8703e+02 1.2711e+01
1.2000e+02 3.9389e+02 1.5303e+01
1.5000e+02 3.8181e+02 8.5839e+00
1.8000e+02 3.9274e+02 9.7303e+00
2.1000e+02 4.1818e+02 2.0265e+01
2.4000e+02 4.3204e+02 2.2006e+01
2.7000e+02 4.0575e+02 7.8167e+00
3.0000e+02 3.8594e+02 2.2329e+01
3.3000e+02 3.8428e+02 1.5671e+01
/newplot
/plotname contrast2=0.5
0.0000e+00 3.9908e+02 6.3341e+00
3.0000e+01 4.0126e+02 3.0202e+01
6.0000e+01 4.0766e+02 2.0898e+01
9.0000e+01 4.0663e+02 2.8668e+01
1.2000e+02 4.2389e+02 3.0426e+01
1.5000e+02 4.1198e+02 2.6919e+01
1.8000e+02 4.1938e+02 3.3463e+01
2.1000e+02 4.0090e+02 2.1615e+01
2.4000e+02 4.4555e+02 4.4638e+01
2.7000e+02 4.3194e+02 3.4316e+01
3.0000e+02 4.0757e+02 1.3458e+01
3.3000e+02 3.9858e+02 1.0309e+01
/newplot
/plotname baseline
0.000000e+00 3.864557e+02
3.300000e+02 3.864557e+02
