/newplot
/plotname contrast2=0.0
0.0000e+00 1.5508e+02 1.0578e+01
3.0000e+01 1.6011e+02 3.9603e+00
6.0000e+01 1.6161e+02 9.5251e+00
9.0000e+01 1.6218e+02 1.0393e+01
1.2000e+02 1.5322e+02 8.0733e+00
1.5000e+02 1.5512e+02 7.3811e+00
1.8000e+02 1.5531e+02 5.5823e+00
2.1000e+02 1.6478e+02 1.3256e+01
2.4000e+02 1.8426e+02 1.3011e+01
2.7000e+02 1.6839e+02 1.5310e+01
3.0000e+02 1.6076e+02 8.1227e+00
3.3000e+02 1.5298e+02 4.7436e+00
/newplot
/plotname contrast2=0.5
0.0000e+00 1.5852e+02 1.0599e+01
3.0000e+01 1.5848e+02 6.7128e+00
6.0000e+01 1.6030e+02 6.3785e+00
9.0000e+01 1.6391e+02 1.3218e+01
1.2000e+02 1.6958e+02 1.6488e+01
1.5000e+02 1.7559e+02 1.7000e+01
1.8000e+02 1.7261e+02 2.0313e+01
2.1000e+02 1.6723e+02 6.1944e+00
2.4000e+02 1.7227e+02 1.3701e+01
2.7000e+02 1.9183e+02 2.3678e+01
3.0000e+02 1.7128e+02 8.7602e+00
3.3000e+02 1.6615e+02 1.0878e+01
/newplot
/plotname baseline
0.000000e+00 1.512937e+02
3.300000e+02 1.512937e+02
