/newplot
/plotname contrast2=0.0
0.0000e+00 2.6886e+02 1.4976e+01
3.0000e+01 2.3744e+02 1.1640e+01
6.0000e+01 2.1992e+02 7.0399e+00
9.0000e+01 2.1840e+02 7.2883e+00
1.2000e+02 2.2665e+02 6.3336e+00
1.5000e+02 2.4414e+02 1.4321e+01
1.8000e+02 2.5764e+02 1.2429e+01
2.1000e+02 2.3178e+02 1.2220e+01
2.4000e+02 2.3054e+02 6.6266e+00
2.7000e+02 2.2382e+02 5.7107e+00
3.0000e+02 2.2598e+02 5.0896e+00
3.3000e+02 2.4254e+02 1.1779e+01
/newplot
/plotname contrast2=0.5
0.0000e+00 2.6200e+02 1.2493e+01
3.0000e+01 2.3847e+02 1.3350e+01
6.0000e+01 2.3549e+02 1.4096e+01
9.0000e+01 2.5139e+02 1.5941e+01
1.2000e+02 2.4409e+02 1.1107e+01
1.5000e+02 2.4850e+02 1.1402e+01
1.8000e+02 2.5536e+02 1.6005e+01
2.1000e+02 2.3631e+02 2.3824e+01
2.4000e+02 2.5082e+02 9.8011e+00
2.7000e+02 2.5454e+02 1.5764e+01
3.0000e+02 2.5061e+02 1.2977e+01
3.3000e+02 2.5270e+02 6.4429e+00
/newplot
/plotname baseline
0.000000e+00 2.216002e+02
3.300000e+02 2.216002e+02
