/newplot
/plotname contrast2=0.0
0.0000e+00 1.6000e+02 9.1757e+00
3.0000e+01 1.6070e+02 1.1585e+01
6.0000e+01 1.6239e+02 9.0558e+00
9.0000e+01 1.5799e+02 8.1255e+00
1.2000e+02 1.5898e+02 4.8858e+00
1.5000e+02 1.5830e+02 5.6449e+00
1.8000e+02 1.5995e+02 7.9861e+00
2.1000e+02 1.5932e+02 4.9260e+00
2.4000e+02 1.5898e+02 7.3814e+00
2.7000e+02 1.6310e+02 5.5149e+00
3.0000e+02 1.6375e+02 3.8803e+00
3.3000e+02 1.6050e+02 1.2574e+01
/newplot
/plotname contrast2=0.5
0.0000e+00 1.6118e+02 1.2578e+01
3.0000e+01 1.6851e+02 1.1982e+01
6.0000e+01 1.6793e+02 1.3875e+01
9.0000e+01 1.6164e+02 1.0262e+01
1.2000e+02 1.6979e+02 1.2249e+01
1.5000e+02 1.7379e+02 9.9371e+00
1.8000e+02 1.7518e+02 1.2633e+01
2.1000e+02 1.7282e+02 2.0783e+01
2.4000e+02 1.6804e+02 1.0057e+01
2.7000e+02 1.6459e+02 8.8256e+00
3.0000e+02 1.6947e+02 6.8666e+00
3.3000e+02 1.6271e+02 1.1422e+01
/newplot
/plotname baseline
0.000000e+00 1.576083e+02
3.300000e+02 1.576083e+02
