/newplot
/plotname contrast2=0.0
0.0000e+00 2.2186e+02 1.9340e+01
3.0000e+01 1.9125e+02 1.4597e+01
6.0000e+01 1.8965e+02 9.1688e+00
9.0000e+01 1.9432e+02 1.2118e+01
1.2000e+02 2.0906e+02 1.8622e+01
1.5000e+02 2.4980e+02 2.8632e+01
1.8000e+02 2.0130e+02 1.9633e+01
2.1000e+02 1.9434e+02 1.1872e+01
2.4000e+02 1.8851e+02 7.9028e+00
2.7000e+02 1.9048e+02 1.0173e+01
3.0000e+02 2.0516e+02 1.3559e+01
3.3000e+02 2.5543e+02 2.6610e+01
/newplot
/plotname contrast2=0.5
0.0000e+00 2.2717e+02 2.3640e+01
3.0000e+01 2.0932e+02 1.8399e+01
6.0000e+01 2.4956e+02 3.7689e+01
9.0000e+01 2.0499e+02 1.5250e+01
1.2000e+02 2.0921e+02 1.6623e+01
1.5000e+02 2.3186e+02 2.1624e+01
1.8000e+02 2.2871e+02 3.5231e+01
2.1000e+02 2.3315e+02 5.8308e+01
2.4000e+02 2.4719e+02 3.1711e+01
2.7000e+02 2.1100e+02 8.2867e+00
3.0000e+02 2.0997e+02 2.6457e+01
3.3000e+02 2.5622e+02 2.1175e+01
/newplot
/plotname baseline
0.000000e+00 1.904165e+02
3.300000e+02 1.904165e+02
