/newplot
/plotname contrast2=0.0
0.0000e+00 4.3256e+02 1.8006e+01
3.0000e+01 4.2016e+02 8.3888e+00
6.0000e+01 4.2246e+02 1.1125e+01
9.0000e+01 4.2316e+02 1.5786e+01
1.2000e+02 4.2572e+02 1.8787e+01
1.5000e+02 4.2701e+02 1.4550e+01
1.8000e+02 4.2905e+02 1.6397e+01
2.1000e+02 4.2139e+02 8.3850e+00
2.4000e+02 4.1641e+02 1.5944e+01
2.7000e+02 4.2197e+02 1.7475e+01
3.0000e+02 4.3541e+02 2.5226e+01
3.3000e+02 4.3001e+02 1.7720e+01
/newplot
/plotname contrast2=0.5
0.0000e+00 4.4015e+02 7.0540e+00
3.0000e+01 4.4046e+02 1.1215e+01
6.0000e+01 4.3198e+02 1.9068e+01
9.0000e+01 4.3306e+02 8.0692e+00
1.2000e+02 4.4152e+02 1.9295e+01
1.5000e+02 4.5347e+02 2.0610e+01
1.8000e+02 4.4553e+02 1.3388e+01
2.1000e+02 4.4575e+02 2.2594e+01
2.4000e+02 4.3809e+02 1.0722e+01
2.7000e+02 4.2872e+02 8.5357e+00
3.0000e+02 4.5570e+02 8.0200e+00
3.3000e+02 4.4176e+02 2.2125e+01
/newplot
/plotname baseline
0.000000e+00 4.156903e+02
3.300000e+02 4.156903e+02
