/newplot
/plotname contrast2=0.0
0.0000e+00 1.6044e+02 1.7808e+01
3.0000e+01 1.5586e+02 1.1035e+01
6.0000e+01 1.6287e+02 1.0921e+01
9.0000e+01 1.6508e+02 4.6820e+00
1.2000e+02 1.6163e+02 1.7615e+01
1.5000e+02 1.6690e+02 1.9112e+01
1.8000e+02 1.6239e+02 2.1211e+01
2.1000e+02 1.5980e+02 9.0361e+00
2.4000e+02 1.5673e+02 9.5412e+00
2.7000e+02 1.6271e+02 1.4201e+01
3.0000e+02 1.6746e+02 1.8597e+01
3.3000e+02 1.6927e+02 2.1113e+01
/newplot
/plotname contrast2=0.5
0.0000e+00 1.6517e+02 1.3364e+01
3.0000e+01 1.6585e+02 9.8064e+00
6.0000e+01 1.7699e+02 1.0533e+01
9.0000e+01 1.7634e+02 1.5680e+01
1.2000e+02 1.8151e+02 1.0704e+01
1.5000e+02 1.8099e+02 1.9422e+01
1.8000e+02 1.8996e+02 7.5811e+00
2.1000e+02 1.8868e+02 1.4243e+01
2.4000e+02 1.7927e+02 5.8249e+00
2.7000e+02 1.7482e+02 1.0554e+01
3.0000e+02 1.9089e+02 1.0358e+01
3.3000e+02 1.8335e+02 1.9431e+01
/newplot
/plotname baseline
0.000000e+00 1.518111e+02
3.300000e+02 1.518111e+02
