/newplot
/plotname contrast2=0.0
0.0000e+00 2.8179e+02 2.3528e+01
3.0000e+01 2.5525e+02 1.2734e+01
6.0000e+01 2.4734e+02 2.2869e+01
9.0000e+01 2.6371e+02 1.8345e+01
1.2000e+02 2.7206e+02 1.1167e+01
1.5000e+02 2.8507e+02 3.0079e+01
1.8000e+02 2.5627e+02 2.5616e+01
2.1000e+02 2.6057e+02 1.5144e+01
2.4000e+02 2.5413e+02 1.2424e+01
2.7000e+02 2.6391e+02 2.2678e+01
3.0000e+02 2.6839e+02 2.6955e+01
3.3000e+02 2.9793e+02 2.0449e+01
/newplot
/plotname contrast2=0.5
0.0000e+00 2.7204e+02 1.5075e+01
3.0000e+01 2.7768e+02 2.6650e+01
6.0000e+01 2.7441e+02 1.4162e+01
9.0000e+01 2.5764e+02 8.9662e+00
1.2000e+02 2.7539e+02 1.1603e+01
1.5000e+02 2.9890e+02 2.9019e+01
1.8000e+02 2.7618e+02 1.4582e+01
2.1000e+02 2.9352e+02 3.4844e+01
2.4000e+02 2.7167e+02 2.5941e+01
2.7000e+02 2.6524e+02 1.5879e+01
3.0000e+02 2.6563e+02 1.4984e+01
3.3000e+02 2.8233e+02 1.9597e+01
/newplot
/plotname baseline
0.000000e+00 2.505692e+02
3.300000e+02 2.505692e+02
