/newplot
/plotname contrast2=0.0
0.0000e+00 1.7807e+02 4.9907e+00
3.0000e+01 1.8023e+02 1.1513e+01
6.0000e+01 1.8249e+02 1.2363e+01
9.0000e+01 1.8428e+02 1.1447e+01
1.2000e+02 1.8434e+02 1.1060e+01
1.5000e+02 1.7353e+02 5.9843e+00
1.8000e+02 1.8232e+02 5.9467e+00
2.1000e+02 1.7845e+02 1.4105e+01
2.4000e+02 1.8098e+02 1.0128e+01
2.7000e+02 1.9997e+02 8.6280e+00
3.0000e+02 1.9619e+02 1.4940e+01
3.3000e+02 1.8620e+02 1.2749e+01
/newplot
/plotname contrast2=0.5
0.0000e+00 1.9531e+02 2.0395e+01
3.0000e+01 2.0320e+02 1.2548e+01
6.0000e+01 1.9118e+02 8.6585e+00
9.0000e+01 2.0213e+02 9.0130e+00
1.2000e+02 2.1592e+02 1.4806e+01
1.5000e+02 2.1199e+02 2.3098e+01
1.8000e+02 2.1604e+02 1.7674e+01
2.1000e+02 2.0072e+02 2.5470e+01
2.4000e+02 2.0407e+02 9.5681e+00
2.7000e+02 2.0718e+02 1.9797e+01
3.0000e+02 2.1585e+02 1.2826e+01
3.3000e+02 2.0714e+02 9.5629e+00
/newplot
/plotname baseline
0.000000e+00 1.728224e+02
3.300000e+02 1.728224e+02
