/newplot
/plotname contrast2=0.0
0.0000e+00 2.8499e+02 1.6599e+01
3.0000e+01 2.5397e+02 1.3817e+01
6.0000e+01 2.4766e+02 1.4582e+01
9.0000e+01 2.5734e+02 9.1943e+00
1.2000e+02 2.6257e+02 1.4539e+01
1.5000e+02 3.0852e+02 2.7748e+01
1.8000e+02 2.7867e+02 1.4687e+01
2.1000e+02 2.5368e+02 1.0786e+01
2.4000e+02 2.5686e+02 3.4483e+00
2.7000e+02 2.5256e+02 1.0352e+01
3.0000e+02 2.6593e+02 7.0815e+00
3.3000e+02 3.2706e+02 1.6921e+01
/newplot
/plotname contrast2=0.5
0.0000e+00 2.9819e+02 2.4600e+01
3.0000e+01 2.8301e+02 3.5889e+01
6.0000e+01 3.0512e+02 4.5569e+01
9.0000e+01 2.8319e+02 1.9338e+01
1.2000e+02 2.7957e+02 2.2494e+01
1.5000e+02 3.2195e+02 3.5577e+01
1.8000e+02 2.9631e+02 4.3220e+01
2.1000e+02 2.9553e+02 5.8269e+01
2.4000e+02 3.0574e+02 2.8499e+01
2.7000e+02 2.8529e+02 1.8128e+01
3.0000e+02 2.8407e+02 1.7284e+01
3.3000e+02 3.0734e+02 3.5527e+01
/newplot
/plotname baseline
0.000000e+00 2.550953e+02
3.300000e+02 2.550953e+02
