/newplot
/plotname contrast2=0.0
0.0000e+00 2.4776e+02 1.1510e+01
3.0000e+01 2.4429e+02 7.7540e+00
6.0000e+01 2.4534e+02 1.3032e+01
9.0000e+01 2.4112e+02 1.3279e+01
1.2000e+02 2.4629e+02 8.9562e+00
1.5000e+02 2.5047e+02 5.5387e+00
1.8000e+02 2.4646e+02 6.8631e+00
2.1000e+02 2.4456e+02 5.9102e+00
2.4000e+02 2.4962e+02 6.8285e+00
2.7000e+02 2.4155e+02 1.1984e+01
3.0000e+02 2.4686e+02 1.0663e+01
3.3000e+02 2.4531e+02 6.5848e+00
/newplot
/plotname contrast2=0.5
0.0000e+00 2.5002e+02 8.1324e+00
3.0000e+01 2.5610e+02 2.4150e+01
6.0000e+01 2.6001e+02 3.4049e+01
9.0000e+01 2.4558e+02 8.8868e+00
1.2000e+02 2.5649e+02 1.4651e+01
1.5000e+02 2.7353e+02 1.7095e+01
1.8000e+02 2.6304e+02 2.5529e+01
2.1000e+02 2.7297e+02 4.0632e+01
2.4000e+02 2.6891e+02 1.4335e+01
2.7000e+02 2.5080e+02 1.1968e+01
3.0000e+02 2.5526e+02 1.3174e+01
3.3000e+02 2.5094e+02 1.7347e+01
/newplot
/plotname baseline
0.000000e+00 2.462961e+02
3.300000e+02 2.462961e+02
