/newplot
/plotname contrast2=0.0
0.0000e+00 1.6612e+02 8.0059e+00
3.0000e+01 1.7001e+02 1.8943e+01
6.0000e+01 2.2866e+02 2.9390e+01
9.0000e+01 1.9166e+02 1.5273e+01
1.2000e+02 1.7709e+02 1.2203e+01
1.5000e+02 1.7044e+02 1.0265e+01
1.8000e+02 1.7015e+02 1.6959e+01
2.1000e+02 1.7809e+02 6.2130e+00
2.4000e+02 2.1973e+02 3.0686e+01
2.7000e+02 2.1781e+02 2.7257e+01
3.0000e+02 1.7664e+02 1.8182e+01
3.3000e+02 1.7226e+02 8.8591e+00
/newplot
/plotname contrast2=0.5
0.0000e+00 1.9108e+02 1.9304e+01
3.0000e+01 2.0840e+02 3.5106e+01
6.0000e+01 2.2188e+02 6.0423e+01
9.0000e+01 2.0775e+02 2.5615e+01
1.2000e+02 2.3357e+02 3.5966e+01
1.5000e+02 2.6181e+02 5.4101e+01
1.8000e+02 2.3413e+02 5.0869e+01
2.1000e+02 2.3532e+02 4.9492e+01
2.4000e+02 2.4504e+02 3.1456e+01
2.7000e+02 2.3788e+02 3.6447e+01
3.0000e+02 2.1250e+02 1.7315e+01
3.3000e+02 2.1532e+02 3.1620e+01
/newplot
/plotname baseline
0.000000e+00 1.765214e+02
3.300000e+02 1.765214e+02
