/newplot
/plotname contrast2=0.0
0.0000e+00 1.4202e+02 1.4803e+01
3.0000e+01 1.3452e+02 8.3766e+00
6.0000e+01 1.4797e+02 1.3921e+01
9.0000e+01 1.4778e+02 1.3190e+01
1.2000e+02 1.5509e+02 1.7612e+01
1.5000e+02 1.4826e+02 2.8805e+01
1.8000e+02 1.4945e+02 1.6013e+01
2.1000e+02 1.5009e+02 1.3942e+01
2.4000e+02 1.4445e+02 1.2705e+01
2.7000e+02 1.5295e+02 7.0863e+00
3.0000e+02 1.7343e+02 4.0109e+01
3.3000e+02 1.5150e+02 1.0459e+01
/newplot
/plotname contrast2=0.5
0.0000e+00 1.6620e+02 8.2139e+00
3.0000e+01 1.5418e+02 3.2466e+01
6.0000e+01 1.7321e+02 2.3137e+01
9.0000e+01 1.5179e+02 1.1859e+01
1.2000e+02 1.6725e+02 1.2248e+01
1.5000e+02 1.6119e+02 1.8600e+01
1.8000e+02 1.6471e+02 1.6156e+01
2.1000e+02 1.5664e+02 2.3811e+01
2.4000e+02 1.7406e+02 2.5618e+01
2.7000e+02 1.5097e+02 1.9418e+01
3.0000e+02 1.5767e+02 1.2168e+01
3.3000e+02 1.5075e+02 1.6921e+01
/newplot
/plotname baseline
0.000000e+00 1.401228e+02
3.300000e+02 1.401228e+02
