/newplot
/plotname contrast2=0.0
0.0000e+00 1.7761e+02 4.6818e+00
3.0000e+01 2.0465e+02 1.1917e+01
6.0000e+01 2.2935e+02 2.0723e+01
9.0000e+01 1.7549e+02 1.4872e+01
1.2000e+02 1.7585e+02 6.4057e+00
1.5000e+02 1.7459e+02 1.3441e+01
1.8000e+02 1.7242e+02 1.0374e+01
2.1000e+02 2.2531e+02 1.5214e+01
2.4000e+02 2.4295e+02 9.5393e+00
2.7000e+02 1.7697e+02 1.4722e+01
3.0000e+02 1.7284e+02 6.6639e+00
3.3000e+02 1.6954e+02 7.1665e+00
/newplot
/plotname contrast2=0.5
0.0000e+00 1.8245e+02 1.1708e+01
3.0000e+01 2.0769e+02 1.3499e+01
6.0000e+01 2.2837e+02 3.6431e+01
9.0000e+01 2.0985e+02 1.7857e+01
1.2000e+02 2.2503e+02 2.1513e+01
1.5000e+02 2.5891e+02 4.0662e+01
1.8000e+02 1.9643e+02 1.6688e+01
2.1000e+02 2.2550e+02 2.5794e+01
2.4000e+02 2.6533e+02 2.9757e+01
2.7000e+02 2.1540e+02 2.6575e+01
3.0000e+02 2.1835e+02 1.6127e+01
3.3000e+02 2.1295e+02 3.2453e+01
/newplot
/plotname baseline
0.000000e+00 1.768795e+02
3.300000e+02 1.768795e+02
