/newplot
/plotname contrast2=0.0
0.0000e+00 1.6036e+02 1.5161e+01
3.0000e+01 1.4167e+02 9.9012e+00
6.0000e+01 1.4291e+02 1.5765e+01
9.0000e+01 1.4062e+02 7.1398e+00
1.2000e+02 1.6555e+02 1.1791e+01
1.5000e+02 1.9511e+02 1.8865e+01
1.8000e+02 1.5329e+02 1.1341e+01
2.1000e+02 1.4268e+02 8.3349e+00
2.4000e+02 1.4128e+02 8.6928e+00
2.7000e+02 1.4559e+02 3.3453e+00
3.0000e+02 1.6569e+02 9.9960e+00
3.3000e+02 1.9512e+02 2.4939e+01
/newplot
/plotname contrast2=0.5
0.0000e+00 1.6925e+02 1.4118e+01
3.0000e+01 1.6484e+02 2.7384e+01
6.0000e+01 1.9130e+02 4.4451e+01
9.0000e+01 1.6257e+02 9.4762e+00
1.2000e+02 1.5607e+02 1.6189e+01
1.5000e+02 1.9784e+02 2.6960e+01
1.8000e+02 1.9888e+02 4.9194e+01
2.1000e+02 1.8238e+02 4.0902e+01
2.4000e+02 1.8401e+02 2.4526e+01
2.7000e+02 1.5763e+02 1.1884e+01
3.0000e+02 1.6249e+02 9.6035e+00
3.3000e+02 1.8506e+02 2.9812e+01
/newplot
/plotname baseline
0.000000e+00 1.423817e+02
3.300000e+02 1.423817e+02
