/newplot
/plotname contrast2=0.0
0.0000e+00 3.4712e+02 3.6508e+01
3.0000e+01 3.1399e+02 2.3594e+01
6.0000e+01 2.7847e+02 1.2324e+01
9.0000e+01 2.5713e+02 7.6163e+00
1.2000e+02 2.7089e+02 1.0970e+01
1.5000e+02 2.7969e+02 2.0787e+01
1.8000e+02 3.2802e+02 2.7250e+01
2.1000e+02 3.1242e+02 1.7515e+01
2.4000e+02 2.7697e+02 1.1338e+01
2.7000e+02 2.6275e+02 1.3250e+01
3.0000e+02 2.6661e+02 6.2717e+00
3.3000e+02 2.7393e+02 8.5731e+00
/newplot
/plotname contrast2=0.5
0.0000e+00 3.2041e+02 2.9623e+01
3.0000e+01 3.5212e+02 2.8116e+01
6.0000e+01 3.3226e+02 6.7341e+01
9.0000e+01 3.1654e+02 2.4065e+01
1.2000e+02 3.2858e+02 3.6201e+01
1.5000e+02 3.2821e+02 3.3274e+01
1.8000e+02 3.1940e+02 3.4145e+01
2.1000e+02 3.5580e+02 4.9332e+01
2.4000e+02 3.2908e+02 3.3130e+01
2.7000e+02 3.2694e+02 2.7381e+01
3.0000e+02 3.4462e+02 2.1177e+01
3.3000e+02 3.1430e+02 3.7722e+01
/newplot
/plotname baseline
0.000000e+00 2.700165e+02
3.300000e+02 2.700165e+02
