/newplot
/plotname contrast2=0.0
0.0000e+00 1.9718e+02 1.1862e+01
3.0000e+01 1.8487e+02 8.1041e+00
6.0000e+01 1.9266e+02 7.2469e+00
9.0000e+01 1.9127e+02 4.2362e+00
1.2000e+02 2.1426e+02 1.1094e+01
1.5000e+02 2.0739e+02 8.6320e+00
1.8000e+02 1.9004e+02 1.5791e+01
2.1000e+02 1.8878e+02 1.1411e+01
2.4000e+02 1.9187e+02 5.9078e+00
2.7000e+02 1.9754e+02 1.2102e+01
3.0000e+02 2.2108e+02 7.3211e+00
3.3000e+02 2.1474e+02 1.8066e+01
/newplot
/plotname contrast2=0.5
0.0000e+00 2.0623e+02 1.3161e+01
3.0000e+01 2.2153e+02 1.7852e+01
6.0000e+01 2.0303e+02 1.0712e+01
9.0000e+01 2.0639e+02 7.2591e+00
1.2000e+02 2.1761e+02 2.3449e+01
1.5000e+02 2.2582e+02 1.9403e+01
1.8000e+02 2.1824e+02 1.3298e+01
2.1000e+02 2.2607e+02 2.3048e+01
2.4000e+02 2.1692e+02 5.6056e+00
2.7000e+02 2.1370e+02 1.0468e+01
3.0000e+02 2.2629e+02 7.8783e+00
3.3000e+02 2.1822e+02 1.4482e+01
/newplot
/plotname baseline
0.000000e+00 1.838707e+02
3.300000e+02 1.838707e+02
