/newplot
/plotname contrast2=0.0
0.0000e+00 2.1760e+02 1.4486e+01
3.0000e+01 1.7906e+02 7.9987e+00
6.0000e+01 1.7998e+02 6.8358e+00
9.0000e+01 1.7242e+02 4.6315e+00
1.2000e+02 1.9176e+02 6.1243e+00
1.5000e+02 2.3498e+02 2.5557e+01
1.8000e+02 2.0048e+02 1.3531e+01
2.1000e+02 1.8439e+02 7.3556e+00
2.4000e+02 1.7766e+02 5.9689e+00
2.7000e+02 1.7755e+02 1.1650e+01
3.0000e+02 1.8949e+02 4.6360e+00
3.3000e+02 2.4591e+02 1.4711e+01
/newplot
/plotname contrast2=0.5
0.0000e+00 2.0570e+02 1.5736e+01
3.0000e+01 1.9757e+02 2.0504e+01
6.0000e+01 2.2011e+02 4.1887e+01
9.0000e+01 1.9602e+02 9.5255e+00
1.2000e+02 1.8950e+02 1.6577e+01
1.5000e+02 2.3839e+02 3.3241e+01
1.8000e+02 2.1179e+02 2.3164e+01
2.1000e+02 2.1715e+02 4.0890e+01
2.4000e+02 2.3366e+02 2.9402e+01
2.7000e+02 1.9555e+02 1.2392e+01
3.0000e+02 2.0294e+02 1.6391e+01
3.3000e+02 2.3836e+02 3.2869e+01
/newplot
/plotname baseline
0.000000e+00 1.771788e+02
3.300000e+02 1.771788e+02
