/newplot
/plotname contrast2=0.0
0.0000e+00 5.8709e+02 2.9531e+01
3.0000e+01 5.4501e+02 3.5057e+01
6.0000e+01 5.3423e+02 1.6009e+01
9.0000e+01 5.4140e+02 2.3861e+01
1.2000e+02 5.7744e+02 1.0101e+01
1.5000e+02 6.1769e+02 4.0922e+01
1.8000e+02 5.7096e+02 4.7621e+01
2.1000e+02 5.6131e+02 1.6453e+01
2.4000e+02 5.4756e+02 2.8682e+01
2.7000e+02 5.6075e+02 3.3666e+01
3.0000e+02 6.0158e+02 3.1866e+01
3.3000e+02 6.1063e+02 3.1005e+01
/newplot
/plotname contrast2=0.5
0.0000e+00 5.6561e+02 2.3290e+01
3.0000e+01 5.7920e+02 3.0789e+01
6.0000e+01 5.7724e+02 2.9552e+01
9.0000e+01 5.8016e+02 3.4991e+01
1.2000e+02 5.6417e+02 3.1832e+01
1.5000e+02 6.0223e+02 2.1060e+01
1.8000e+02 5.8853e+02 3.2531e+01
2.1000e+02 5.8894e+02 3.3923e+01
2.4000e+02 5.7291e+02 2.3131e+01
2.7000e+02 5.5830e+02 1.4377e+01
3.0000e+02 5.6899e+02 1.9902e+01
3.3000e+02 5.9771e+02 3.8266e+01
/newplot
/plotname baseline
0.000000e+00 5.436545e+02
3.300000e+02 5.436545e+02
