/newplot
/plotname contrast2=0.0
0.0000e+00 2.1634e+02 1.3982e+01
3.0000e+01 2.2216e+02 1.7960e+01
6.0000e+01 2.5789e+02 1.6830e+01
9.0000e+01 2.4148e+02 1.9625e+01
1.2000e+02 2.5070e+02 2.3669e+01
1.5000e+02 2.3002e+02 1.8903e+01
1.8000e+02 2.2237e+02 1.6829e+01
2.1000e+02 2.2897e+02 1.0428e+01
2.4000e+02 2.7214e+02 2.9068e+01
2.7000e+02 2.6283e+02 2.2615e+01
3.0000e+02 2.5500e+02 2.6416e+01
3.3000e+02 2.3762e+02 1.3704e+01
/newplot
/plotname contrast2=0.5
0.0000e+00 2.7364e+02 3.4657e+01
3.0000e+01 2.8010e+02 3.0057e+01
6.0000e+01 2.8208e+02 5.2400e+01
9.0000e+01 2.8539e+02 3.2355e+01
1.2000e+02 3.1413e+02 4.7053e+01
1.5000e+02 3.2286e+02 6.1492e+01
1.8000e+02 3.0260e+02 5.0390e+01
2.1000e+02 2.9792e+02 6.0122e+01
2.4000e+02 3.4028e+02 4.0725e+01
2.7000e+02 3.1737e+02 3.0024e+01
3.0000e+02 2.8596e+02 2.9077e+01
3.3000e+02 2.7980e+02 3.6006e+01
/newplot
/plotname baseline
0.000000e+00 2.322878e+02
3.300000e+02 2.322878e+02
