/newplot
/plotname contrast2=0.0
0.0000e+00 6.5875e+02 4.6757e+01
3.0000e+01 6.4837e+02 4.2282e+01
6.0000e+01 6.4158e+02 4.2216e+01
9.0000e+01 6.6046e+02 3.5211e+01
1.2000e+02 6.2828e+02 4.1041e+01
1.5000e+02 6.7852e+02 3.8488e+01
1.8000e+02 6.5217e+02 4.7268e+01
2.1000e+02 6.5415e+02 2.1812e+01
2.4000e+02 6.4742e+02 5.4563e+01
2.7000e+02 6.5697e+02 3.4734e+01
3.0000e+02 6.6607e+02 5.5990e+01
3.3000e+02 6.7064e+02 3.5125e+01
/newplot
/plotname contrast2=0.5
0.0000e+00 6.8767e+02 6.6659e+01
3.0000e+01 6.7193e+02 3.7749e+01
6.0000e+01 6.9173e+02 8.5896e+01
9.0000e+01 6.6033e+02 4.3787e+01
1.2000e+02 6.6710e+02 3.1260e+01
1.5000e+02 6.7763e+02 7.8066e+01
1.8000e+02 6.8686e+02 5.6807e+01
2.1000e+02 6.9026e+02 6.6560e+01
2.4000e+02 6.8040e+02 4.0666e+01
2.7000e+02 6.7830e+02 5.0926e+01
3.0000e+02 6.8488e+02 3.9138e+01
3.3000e+02 6.5815e+02 4.6447e+01
/newplot
/plotname baseline
0.000000e+00 6.580778e+02
3.300000e+02 6.580778e+02
