/newplot
/plotname contrast2=0.0
0.0000e+00 1.5298e+02 1.3990e+01
3.0000e+01 1.3660e+02 5.3549e+00
6.0000e+01 1.4182e+02 9.5157e+00
9.0000e+01 1.4538e+02 1.6504e+01
1.2000e+02 1.4210e+02 1.0014e+01
1.5000e+02 1.5646e+02 6.9738e+00
1.8000e+02 1.4642e+02 1.4385e+01
2.1000e+02 1.4607e+02 8.3813e+00
2.4000e+02 1.3937e+02 9.9276e+00
2.7000e+02 1.3985e+02 1.0805e+01
3.0000e+02 1.4356e+02 6.7633e+00
3.3000e+02 1.4234e+02 9.0693e+00
/newplot
/plotname contrast2=0.5
0.0000e+00 1.4708e+02 8.8627e+00
3.0000e+01 1.5065e+02 9.7383e+00
6.0000e+01 1.5840e+02 1.2574e+01
9.0000e+01 1.5779e+02 1.7761e+01
1.2000e+02 1.5404e+02 1.4640e+01
1.5000e+02 1.6063e+02 8.8296e+00
1.8000e+02 1.5796e+02 1.1245e+01
2.1000e+02 1.5770e+02 1.3261e+01
2.4000e+02 1.5373e+02 4.1330e+00
2.7000e+02 1.5928e+02 8.8102e+00
3.0000e+02 1.5088e+02 9.2401e+00
3.3000e+02 1.6334e+02 3.4691e+01
/newplot
/plotname baseline
0.000000e+00 1.359209e+02
3.300000e+02 1.359209e+02
