/newplot
/plotname contrast2=0.0
0.0000e+00 1.8908e+02 9.0724e+00
3.0000e+01 1.6960e+02 3.9423e+00
6.0000e+01 1.6768e+02 7.4453e+00
9.0000e+01 1.7413e+02 7.3132e+00
1.2000e+02 1.7922e+02 7.0941e+00
1.5000e+02 1.8420e+02 1.3334e+01
1.8000e+02 1.8102e+02 1.2114e+01
2.1000e+02 1.7381e+02 6.8572e+00
2.4000e+02 1.6632e+02 6.9848e+00
2.7000e+02 1.7035e+02 1.1800e+01
3.0000e+02 1.7446e+02 1.1002e+01
3.3000e+02 1.8507e+02 7.6715e+00
/newplot
/plotname contrast2=0.5
0.0000e+00 1.8893e+02 8.1670e+00
3.0000e+01 1.9402e+02 1.2514e+01
6.0000e+01 1.9337e+02 1.9003e+01
9.0000e+01 1.9870e+02 1.5768e+01
1.2000e+02 1.9995e+02 1.2530e+01
1.5000e+02 2.1484e+02 1.7134e+01
1.8000e+02 2.0734e+02 1.3574e+01
2.1000e+02 2.1228e+02 3.2673e+01
2.4000e+02 1.9646e+02 1.3846e+01
2.7000e+02 1.9934e+02 1.1128e+01
3.0000e+02 2.0112e+02 1.2938e+01
3.3000e+02 2.1129e+02 1.6872e+01
/newplot
/plotname baseline
0.000000e+00 1.650400e+02
3.300000e+02 1.650400e+02
