/newplot
/plotname contrast2=0.0
0.0000e+00 2.1106e+02 8.0243e+00
3.0000e+01 1.9903e+02 6.6031e+00
6.0000e+01 1.9521e+02 6.3435e+00
9.0000e+01 2.0035e+02 7.1380e+00
1.2000e+02 1.9781e+02 6.7941e+00
1.5000e+02 2.0405e+02 1.1089e+01
1.8000e+02 2.0402e+02 1.2952e+01
2.1000e+02 1.9491e+02 4.2676e+00
2.4000e+02 1.9373e+02 5.4601e+00
2.7000e+02 2.0592e+02 7.5710e+00
3.0000e+02 2.0167e+02 1.3243e+01
3.3000e+02 2.0837e+02 1.5035e+01
/newplot
/plotname contrast2=0.5
0.0000e+00 2.1735e+02 1.0683e+01
3.0000e+01 2.2094e+02 1.3476e+01
6.0000e+01 2.1795e+02 1.8136e+01
9.0000e+01 2.1562e+02 1.0575e+01
1.2000e+02 2.2352e+02 1.1456e+01
1.5000e+02 2.2406e+02 9.4043e+00
1.8000e+02 2.2840e+02 2.0435e+01
2.1000e+02 2.2530e+02 8.0360e+00
2.4000e+02 2.2112e+02 1.0833e+01
2.7000e+02 2.2147e+02 1.0662e+01
3.0000e+02 2.2427e+02 4.6538e+00
3.3000e+02 2.3619e+02 4.7416e+01
/newplot
/plotname baseline
0.000000e+00 1.925589e+02
3.300000e+02 1.925589e+02
