/newplot
/plotname contrast2=0.0
0.0000e+00 3.4929e+02 1.9188e+01
3.0000e+01 3.3588e+02 1.2527e+01
6.0000e+01 3.3618e+02 2.5095e+01
9.0000e+01 3.2525e+02 1.0550e+01
1.2000e+02 3.3657e+02 2.1750e+01
1.5000e+02 3.8468e+02 2.3937e+01
1.8000e+02 3.5033e+02 1.8202e+01
2.1000e+02 3.2791e+02 1.2827e+01
2.4000e+02 3.3142e+02 1.1472e+01
2.7000e+02 3.2644e+02 1.1740e+01
3.0000e+02 3.4051e+02 1.3926e+01
3.3000e+02 3.7285e+02 1.4620e+01
/newplot
/plotname contrast2=0.5
0.0000e+00 3.7234e+02 2.1272e+01
3.0000e+01 3.5404e+02 2.3048e+01
6.0000e+01 3.7999e+02 5.4446e+01
9.0000e+01 3.4814e+02 1.8227e+01
1.2000e+02 3.4753e+02 1.6242e+01
1.5000e+02 3.9714e+02 2.9485e+01
1.8000e+02 3.7944e+02 4.0251e+01
2.1000e+02 3.7389e+02 5.0079e+01
2.4000e+02 3.8570e+02 3.6057e+01
2.7000e+02 3.5255e+02 2.3958e+01
3.0000e+02 3.5716e+02 2.1921e+01
3.3000e+02 3.7715e+02 4.0073e+01
/newplot
/plotname baseline
0.000000e+00 3.330230e+02
3.300000e+02 3.330230e+02
