/newplot
/plotname contrast2=0.0
0.0000e+00 2.7995e+02 7.8044e+00
3.0000e+01 2.7798e+02 1.4379e+01
6.0000e+01 2.7916e+02 1.0828e+01
9.0000e+01 2.6891e+02 1.3959e+01
1.2000e+02 2.8459e+02 1.6654e+01
1.5000e+02 2.8257e+02 1.5462e+01
1.8000e+02 2.7143e+02 2.1676e+01
2.1000e+02 2.6944e+02 2.1712e+01
2.4000e+02 2.7125e+02 9.0720e+00
2.7000e+02 2.7142e+02 7.7836e+00
3.0000e+02 2.8053e+02 7.3073e+00
3.3000e+02 2.7354e+02 8.7661e+00
/newplot
/plotname contrast2=0.5
0.0000e+00 2.7112e+02 8.5846e+00
3.0000e+01 2.8252e+02 1.3111e+01
6.0000e+01 2.8153e+02 3.1764e+01
9.0000e+01 2.7461e+02 1.5531e+01
1.2000e+02 2.7796e+02 1.4245e+01
1.5000e+02 2.9351e+02 1.1151e+01
1.8000e+02 2.8560e+02 1.7027e+01
2.1000e+02 2.9478e+02 3.3963e+01
2.4000e+02 2.8468e+02 1.8749e+01
2.7000e+02 2.7332e+02 1.6456e+01
3.0000e+02 2.9582e+02 2.0378e+01
3.3000e+02 2.8190e+02 1.3213e+01
/newplot
/plotname baseline
0.000000e+00 2.762586e+02
3.300000e+02 2.762586e+02
