/newplot
/plotname contrast2=0.0
0.0000e+00 1.4359e+02 8.9092e+00
3.0000e+01 1.3864e+02 4.8624e+00
6.0000e+01 1.3711e+02 1.2315e+01
9.0000e+01 1.3599e+02 7.2380e+00
1.2000e+02 1.4197e+02 4.9555e+00
1.5000e+02 1.3712e+02 6.5304e+00
1.8000e+02 1.3972e+02 1.3155e+01
2.1000e+02 1.4443e+02 6.4591e+00
2.4000e+02 1.3680e+02 6.8364e+00
2.7000e+02 1.4117e+02 7.2047e+00
3.0000e+02 1.3629e+02 7.2595e+00
3.3000e+02 1.3818e+02 7.7264e+00
/newplot
/plotname contrast2=0.5
0.0000e+00 1.5558e+02 9.8228e+00
3.0000e+01 1.5216e+02 1.4858e+01
6.0000e+01 1.5014e+02 1.3605e+01
9.0000e+01 1.5744e+02 1.0235e+01
1.2000e+02 1.6233e+02 1.6878e+01
1.5000e+02 1.7915e+02 1.5721e+01
1.8000e+02 1.5953e+02 1.9930e+01
2.1000e+02 1.5002e+02 1.7501e+01
2.4000e+02 1.5402e+02 8.4101e+00
2.7000e+02 1.5192e+02 8.9412e+00
3.0000e+02 1.5682e+02 1.1032e+01
3.3000e+02 1.5784e+02 1.2883e+01
/newplot
/plotname baseline
0.000000e+00 1.312979e+02
3.300000e+02 1.312979e+02
