/newplot
/plotname contrast2=0.0
0.0000e+00 2.5073e+02 1.6266e+01
3.0000e+01 2.2653e+02 1.2472e+01
6.0000e+01 2.4289e+02 1.3462e+01
9.0000e+01 2.3319e+02 1.1245e+01
1.2000e+02 2.7571e+02 2.5665e+01
1.5000e+02 2.7766e+02 1.8794e+01
1.8000e+02 2.3748e+02 1.7966e+01
2.1000e+02 2.4456e+02 1.4038e+01
2.4000e+02 2.4554e+02 1.5939e+01
2.7000e+02 2.4326e+02 1.4444e+01
3.0000e+02 2.5916e+02 1.2599e+01
3.3000e+02 2.8643e+02 1.8825e+01
/newplot
/plotname contrast2=0.5
0.0000e+00 2.5650e+02 1.4665e+01
3.0000e+01 2.7244e+02 4.5439e+01
6.0000e+01 2.9398e+02 4.0530e+01
9.0000e+01 2.6736e+02 1.0649e+01
1.2000e+02 2.7032e+02 1.8102e+01
1.5000e+02 3.2368e+02 3.7888e+01
1.8000e+02 2.7501e+02 3.4327e+01
2.1000e+02 2.7946e+02 4.2093e+01
2.4000e+02 2.8599e+02 2.5408e+01
2.7000e+02 2.5575e+02 1.0618e+01
3.0000e+02 2.5275e+02 1.3178e+01
3.3000e+02 2.9778e+02 3.1713e+01
/newplot
/plotname baseline
0.000000e+00 2.362506e+02
3.300000e+02 2.362506e+02
