/newplot
/plotname contrast2=0.0
0.0000e+00 8.7305e+02 1.4821e+02
3.0000e+01 8.5195e+02 2.4082e+02
6.0000e+01 8.0977e+02 1.8776e+02
9.0000e+01 6.6211e+02 1.4619e+02
1.2000e+02 6.8897e+02 9.7755e+01
1.5000e+02 9.1179e+02 1.6338e+02
1.8000e+02 9.1341e+02 1.7302e+02
2.1000e+02 7.1300e+02 1.6333e+02
2.4000e+02 6.6560e+02 1.5773e+02
2.7000e+02 6.8369e+02 1.1294e+02
3.0000e+02 6.7919e+02 4.5093e+01
3.3000e+02 8.7493e+02 1.6198e+02
/newplot
/plotname contrast2=0.5
0.0000e+00 7.8233e+02 8.4907e+01
3.0000e+01 8.0456e+02 1.4312e+02
6.0000e+01 8.4230e+02 3.2500e+02
9.0000e+01 8.1214e+02 1.4491e+02
1.2000e+02 7.6248e+02 1.8388e+02
1.5000e+02 8.8180e+02 1.8029e+02
1.8000e+02 8.5937e+02 2.3738e+02
2.1000e+02 8.8150e+02 2.5934e+02
2.4000e+02 8.6261e+02 2.2396e+02
2.7000e+02 7.3359e+02 1.0077e+02
3.0000e+02 9.2632e+02 1.7573e+02
3.3000e+02 8.8442e+02 2.4509e+02
/newplot
/plotname baseline
0.000000e+00 7.117643e+02
3.300000e+02 7.117643e+02
