/newplot
/plotname contrast2=0.0
0.0000e+00 1.0705e+02 1.6529e+01
3.0000e+01 1.0469e+02 1.5002e+01
6.0000e+01 9.7967e+01 1.3045e+01
9.0000e+01 1.0213e+02 1.5290e+01
1.2000e+02 1.1897e+02 8.5595e+00
1.5000e+02 1.0693e+02 1.6467e+01
1.8000e+02 1.0559e+02 1.6720e+01
2.1000e+02 1.0907e+02 1.5772e+01
2.4000e+02 1.0717e+02 1.0536e+01
2.7000e+02 1.1488e+02 1.1141e+01
3.0000e+02 1.3382e+02 8.7590e+00
3.3000e+02 1.1719e+02 1.2420e+01
/newplot
/plotname contrast2=0.5
0.0000e+00 1.1647e+02 7.7706e+00
3.0000e+01 1.1500e+02 1.1072e+01
6.0000e+01 1.2272e+02 1.1141e+01
9.0000e+01 1.1538e+02 9.9334e+00
1.2000e+02 1.2326e+02 1.7862e+01
1.5000e+02 1.2436e+02 1.7529e+01
1.8000e+02 1.1910e+02 1.0845e+01
2.1000e+02 1.3227e+02 1.5471e+01
2.4000e+02 1.1316e+02 1.1299e+01
2.7000e+02 1.1991e+02 8.9945e+00
3.0000e+02 1.2214e+02 1.2377e+01
3.3000e+02 1.1554e+02 9.3945e+00
/newplot
/plotname baseline
0.000000e+00 9.992466e+01
3.300000e+02 9.992466e+01
