/newplot
/plotname contrast2=0.0
0.0000e+00 1.9589e+02 1.0517e+01
3.0000e+01 1.8585e+02 1.2962e+01
6.0000e+01 1.9265e+02 1.2164e+01
9.0000e+01 1.9130e+02 1.5153e+01
1.2000e+02 1.9937e+02 1.5696e+01
1.5000e+02 2.1870e+02 1.6163e+01
1.8000e+02 2.0791e+02 2.8791e+01
2.1000e+02 1.9110e+02 1.7554e+01
2.4000e+02 1.8229e+02 1.0566e+01
2.7000e+02 1.8420e+02 1.6344e+01
3.0000e+02 2.0257e+02 2.1741e+01
3.3000e+02 2.2006e+02 2.2850e+01
/newplot
/plotname contrast2=0.5
0.0000e+00 2.2380e+02 2.7175e+01
3.0000e+01 2.3014e+02 2.5733e+01
6.0000e+01 2.4177e+02 3.8608e+01
9.0000e+01 2.2906e+02 3.3152e+01
1.2000e+02 2.2607e+02 2.5421e+01
1.5000e+02 2.5221e+02 1.2674e+01
1.8000e+02 2.6067e+02 3.1655e+01
2.1000e+02 2.5273e+02 2.4237e+01
2.4000e+02 2.5467e+02 2.5478e+01
2.7000e+02 2.4330e+02 1.6738e+01
3.0000e+02 2.5178e+02 2.7189e+01
3.3000e+02 2.4615e+02 2.6191e+01
/newplot
/plotname baseline
0.000000e+00 1.853010e+02
3.300000e+02 1.853010e+02
