/newplot
/plotname contrast2=0.0
0.0000e+00 2.2137e+02 1.3092e+01
3.0000e+01 2.2466e+02 1.1383e+01
6.0000e+01 2.2080e+02 9.8168e+00
9.0000e+01 2.1977e+02 5.7936e+00
1.2000e+02 2.1824e+02 8.6892e+00
1.5000e+02 2.2233e+02 4.6028e+00
1.8000e+02 2.1774e+02 1.2522e+01
2.1000e+02 2.2128e+02 6.4647e+00
2.4000e+02 2.2087e+02 1.1079e+01
2.7000e+02 2.1950e+02 7.6544e+00
3.0000e+02 2.1654e+02 1.5643e+01
3.3000e+02 2.3094e+02 7.8206e+00
/newplot
/plotname contrast2=0.5
0.0000e+00 2.2415e+02 1.0484e+01
3.0000e+01 2.2602e+02 1.3018e+01
6.0000e+01 2.2737e+02 1.0003e+01
9.0000e+01 2.2967e+02 1.7698e+01
1.2000e+02 2.2435e+02 1.0396e+01
1.5000e+02 2.2610e+02 1.3295e+01
1.8000e+02 2.2991e+02 1.3099e+01
2.1000e+02 2.2314e+02 1.5362e+01
2.4000e+02 2.2472e+02 1.0414e+01
2.7000e+02 2.2771e+02 1.1876e+01
3.0000e+02 2.3124e+02 1.1622e+01
3.3000e+02 2.3314e+02 1.0712e+01
/newplot
/plotname baseline
0.000000e+00 2.205414e+02
3.300000e+02 2.205414e+02
