/newplot
/plotname contrast2=0.0
0.0000e+00 1.5576e+02 1.2238e+01
3.0000e+01 1.6736e+02 1.5640e+01
6.0000e+01 1.7892e+02 1.6244e+01
9.0000e+01 1.6597e+02 8.3506e+00
1.2000e+02 1.6311e+02 3.7581e+00
1.5000e+02 1.4586e+02 9.1439e+00
1.8000e+02 1.5270e+02 1.9390e+01
2.1000e+02 1.6849e+02 9.4945e+00
2.4000e+02 1.8769e+02 8.1133e+00
2.7000e+02 1.6918e+02 1.6501e+01
3.0000e+02 1.6148e+02 7.1669e+00
3.3000e+02 1.5203e+02 1.0912e+01
/newplot
/plotname contrast2=0.5
0.0000e+00 1.8076e+02 1.7545e+01
3.0000e+01 1.7740e+02 1.9799e+01
6.0000e+01 1.8902e+02 4.3373e+01
9.0000e+01 1.7089e+02 2.0818e+01
1.2000e+02 1.9021e+02 1.4363e+01
1.5000e+02 2.1501e+02 2.7113e+01
1.8000e+02 2.0024e+02 3.7146e+01
2.1000e+02 1.9620e+02 2.9593e+01
2.4000e+02 1.9158e+02 8.8086e+00
2.7000e+02 1.8494e+02 2.3294e+01
3.0000e+02 1.8916e+02 2.6303e+01
3.3000e+02 1.7411e+02 2.3887e+01
/newplot
/plotname baseline
0.000000e+00 1.583200e+02
3.300000e+02 1.583200e+02
