/newplot
/plotname contrast2=0.0
0.0000e+00 2.2918e+02 1.1702e+01
3.0000e+01 2.2724e+02 1.5219e+01
6.0000e+01 2.1225e+02 1.3853e+01
9.0000e+01 2.1934e+02 1.6223e+01
1.2000e+02 2.1734e+02 1.4820e+01
1.5000e+02 2.3266e+02 3.8526e+01
1.8000e+02 2.3559e+02 2.8877e+01
2.1000e+02 2.3625e+02 2.4824e+01
2.4000e+02 2.1668e+02 1.5607e+01
2.7000e+02 2.2344e+02 3.1074e+01
3.0000e+02 2.4516e+02 5.8665e+01
3.3000e+02 2.4900e+02 4.9533e+01
/newplot
/plotname contrast2=0.5
0.0000e+00 2.3107e+02 1.2127e+01
3.0000e+01 2.2903e+02 1.5869e+01
6.0000e+01 2.2032e+02 2.1965e+01
9.0000e+01 2.3389e+02 2.0034e+01
1.2000e+02 2.4968e+02 2.6714e+01
1.5000e+02 2.4660e+02 2.5917e+01
1.8000e+02 2.6858e+02 5.2923e+01
2.1000e+02 2.4086e+02 1.9287e+01
2.4000e+02 2.3590e+02 2.8220e+01
2.7000e+02 2.4719e+02 3.7037e+01
3.0000e+02 2.4913e+02 3.3913e+01
3.3000e+02 2.4704e+02 2.7808e+01
/newplot
/plotname baseline
0.000000e+00 2.119679e+02
3.300000e+02 2.119679e+02
