/newplot
/plotname contrast2=0.0
0.0000e+00 8.3052e+02 5.8155e+01
3.0000e+01 8.2581e+02 3.6154e+01
6.0000e+01 7.8873e+02 3.9144e+01
9.0000e+01 8.0912e+02 4.3810e+01
1.2000e+02 8.3328e+02 5.4029e+01
1.5000e+02 8.4164e+02 3.2009e+01
1.8000e+02 8.8663e+02 6.9109e+01
2.1000e+02 8.3991e+02 4.5401e+01
2.4000e+02 8.3296e+02 3.6702e+01
2.7000e+02 8.1032e+02 3.8813e+01
3.0000e+02 8.5101e+02 3.9538e+01
3.3000e+02 8.5255e+02 4.5822e+01
/newplot
/plotname contrast2=0.5
0.0000e+00 8.2473e+02 1.6967e+01
3.0000e+01 8.2634e+02 5.6767e+01
6.0000e+01 8.7709e+02 6.1918e+01
9.0000e+01 8.4089e+02 3.5267e+01
1.2000e+02 8.6418e+02 5.0202e+01
1.5000e+02 8.3534e+02 4.9759e+01
1.8000e+02 8.2913e+02 1.1869e+01
2.1000e+02 8.6443e+02 6.0189e+01
2.4000e+02 9.0770e+02 4.2677e+01
2.7000e+02 8.4422e+02 4.0535e+01
3.0000e+02 8.2490e+02 4.0004e+01
3.3000e+02 8.2642e+02 4.0266e+01
/newplot
/plotname baseline
0.000000e+00 8.129488e+02
3.300000e+02 8.129488e+02
