/newplot
/plotname contrast2=0.0
0.0000e+00 8.2135e+02 1.8736e+01
3.0000e+01 7.7699e+02 3.1880e+01
6.0000e+01 7.7511e+02 5.5492e+01
9.0000e+01 7.4285e+02 1.8833e+01
1.2000e+02 7.3977e+02 3.4066e+01
1.5000e+02 7.9104e+02 9.3778e+01
1.8000e+02 1.0104e+03 7.4569e+01
2.1000e+02 8.1442e+02 2.8100e+01
2.4000e+02 7.3935e+02 1.5983e+01
2.7000e+02 7.7473e+02 2.9950e+01
3.0000e+02 7.7149e+02 3.4612e+01
3.3000e+02 7.8074e+02 1.5905e+01
/newplot
/plotname contrast2=0.5
0.0000e+00 8.4517e+02 7.6600e+01
3.0000e+01 7.8674e+02 1.9275e+01
6.0000e+01 7.8725e+02 4.3761e+01
9.0000e+01 9.5314e+02 9.5119e+01
1.2000e+02 7.9318e+02 5.1693e+01
1.5000e+02 7.8851e+02 6.6080e+00
1.8000e+02 9.3517e+02 7.5639e+01
2.1000e+02 8.3682e+02 5.7516e+01
2.4000e+02 7.8628e+02 3.0609e+01
2.7000e+02 8.6487e+02 5.0676e+01
3.0000e+02 7.8026e+02 3.0170e+01
3.3000e+02 7.7957e+02 1.6766e+01
/newplot
/plotname baseline
0.000000e+00 7.576892e+02
3.300000e+02 7.576892e+02
