/newplot
/plotname contrast2=0.0
0.0000e+00 9.9974e+02 3.7201e+01
3.0000e+01 1.0201e+03 3.6218e+01
6.0000e+01 1.0096e+03 4.3900e+01
9.0000e+01 9.9233e+02 2.9890e+01
1.2000e+02 1.0361e+03 3.8419e+01
1.5000e+02 1.0510e+03 4.0473e+01
1.8000e+02 1.0312e+03 5.0781e+01
2.1000e+02 1.0010e+03 5.6754e+01
2.4000e+02 9.9817e+02 5.5209e+01
2.7000e+02 1.0267e+03 4.4584e+01
3.0000e+02 1.0328e+03 5.0066e+01
3.3000e+02 1.0232e+03 5.1459e+01
/newplot
/plotname contrast2=0.5
0.0000e+00 1.0318e+03 3.2758e+01
3.0000e+01 1.0136e+03 3.1588e+01
6.0000e+01 1.0302e+03 4.7988e+01
9.0000e+01 1.0293e+03 3.8415e+01
1.2000e+02 1.0564e+03 4.2082e+01
1.5000e+02 1.0173e+03 7.7819e+01
1.8000e+02 1.0437e+03 6.0848e+01
2.1000e+02 1.0140e+03 3.1325e+01
2.4000e+02 1.0452e+03 4.8500e+01
2.7000e+02 1.0617e+03 2.7087e+01
3.0000e+02 1.0866e+03 4.0676e+01
3.3000e+02 9.9617e+02 2.9836e+01
/newplot
/plotname baseline
0.000000e+00 9.949874e+02
3.300000e+02 9.949874e+02
