/newplot
/plotname contrast2=0.0
0.0000e+00 7.1636e+02 1.7157e+01
3.0000e+01 6.9014e+02 1.9460e+01
6.0000e+01 6.8317e+02 2.0071e+01
9.0000e+01 6.8173e+02 2.0633e+01
1.2000e+02 7.0702e+02 1.5001e+01
1.5000e+02 7.0188e+02 2.0072e+01
1.8000e+02 7.0971e+02 1.9575e+01
2.1000e+02 7.0033e+02 2.4142e+01
2.4000e+02 6.7374e+02 1.7673e+01
2.7000e+02 6.9276e+02 1.1904e+01
3.0000e+02 7.0769e+02 1.7240e+01
3.3000e+02 7.0864e+02 1.6594e+01
/newplot
/plotname contrast2=0.5
0.0000e+00 7.1324e+02 1.8293e+01
3.0000e+01 6.8976e+02 1.5090e+01
6.0000e+01 7.0779e+02 1.9136e+01
9.0000e+01 6.9951e+02 2.4978e+01
1.2000e+02 7.0344e+02 1.7005e+01
1.5000e+02 7.0336e+02 2.2436e+01
1.8000e+02 7.0778e+02 1.2491e+01
2.1000e+02 6.8781e+02 1.7611e+01
2.4000e+02 7.2418e+02 2.7535e+01
2.7000e+02 7.1683e+02 1.2026e+01
3.0000e+02 7.1256e+02 2.1579e+01
3.3000e+02 7.2111e+02 1.3490e+01
/newplot
/plotname baseline
0.000000e+00 6.808069e+02
3.300000e+02 6.808069e+02
