/newplot
/plotname contrast2=0.0
0.0000e+00 8.5686e+02 4.8652e+01
3.0000e+01 8.1902e+02 2.4663e+01
6.0000e+01 8.0899e+02 1.9984e+01
9.0000e+01 7.6506e+02 2.9536e+01
1.2000e+02 8.2400e+02 3.2371e+01
1.5000e+02 8.6494e+02 3.3628e+01
1.8000e+02 8.5630e+02 1.6102e+01
2.1000e+02 8.1937e+02 2.0848e+01
2.4000e+02 8.2087e+02 3.1742e+01
2.7000e+02 8.2402e+02 2.9176e+01
3.0000e+02 8.1443e+02 2.3718e+01
3.3000e+02 8.8932e+02 2.9953e+01
/newplot
/plotname contrast2=0.5
0.0000e+00 8.2882e+02 1.5373e+01
3.0000e+01 8.0281e+02 2.4000e+01
6.0000e+01 8.4053e+02 3.0820e+01
9.0000e+01 8.3465e+02 2.9138e+01
1.2000e+02 8.3704e+02 4.6749e+01
1.5000e+02 8.6132e+02 4.1871e+01
1.8000e+02 8.2515e+02 2.8657e+01
2.1000e+02 8.2396e+02 3.0004e+01
2.4000e+02 8.8041e+02 3.6751e+01
2.7000e+02 8.6878e+02 2.1493e+01
3.0000e+02 8.6073e+02 2.9747e+01
3.3000e+02 8.6423e+02 4.1545e+01
/newplot
/plotname baseline
0.000000e+00 8.055641e+02
3.300000e+02 8.055641e+02
