/newplot
/plotname contrast2=0.0
0.0000e+00 7.9546e+02 3.7759e+01
3.0000e+01 7.4516e+02 6.5828e+01
6.0000e+01 6.9762e+02 2.0566e+01
9.0000e+01 6.8272e+02 1.7700e+01
1.2000e+02 7.1018e+02 2.1459e+01
1.5000e+02 7.5790e+02 3.0092e+01
1.8000e+02 7.4998e+02 1.6686e+01
2.1000e+02 6.9540e+02 2.1766e+01
2.4000e+02 7.1595e+02 3.3908e+01
2.7000e+02 6.9888e+02 1.1256e+01
3.0000e+02 7.1506e+02 4.4331e+01
3.3000e+02 8.5917e+02 4.1149e+01
/newplot
/plotname contrast2=0.5
0.0000e+00 7.4409e+02 1.7250e+01
3.0000e+01 7.0289e+02 3.7097e+01
6.0000e+01 7.3052e+02 2.7022e+01
9.0000e+01 7.3400e+02 2.6764e+01
1.2000e+02 7.2425e+02 2.2124e+01
1.5000e+02 7.5296e+02 3.1444e+01
1.8000e+02 7.1967e+02 4.6182e+01
2.1000e+02 7.2639e+02 2.9907e+01
2.4000e+02 7.9832e+02 3.3888e+01
2.7000e+02 7.8920e+02 6.5819e+01
3.0000e+02 7.4519e+02 4.3976e+01
3.3000e+02 7.9634e+02 2.2722e+01
/newplot
/plotname baseline
0.000000e+00 7.005071e+02
3.300000e+02 7.005071e+02
