/newplot
/plotname contrast2=0.0
0.0000e+00 7.7622e+02 1.9595e+01
3.0000e+01 7.2606e+02 1.6328e+01
6.0000e+01 7.2271e+02 1.9674e+01
9.0000e+01 7.1285e+02 1.4611e+01
1.2000e+02 7.3060e+02 2.3074e+01
1.5000e+02 7.6194e+02 2.9922e+01
1.8000e+02 7.7882e+02 3.1204e+01
2.1000e+02 7.3677e+02 1.7625e+01
2.4000e+02 7.2298e+02 1.5956e+01
2.7000e+02 7.2649e+02 1.7167e+01
3.0000e+02 7.1946e+02 1.9404e+01
3.3000e+02 7.6560e+02 1.0859e+01
/newplot
/plotname contrast2=0.5
0.0000e+00 7.7138e+02 1.7848e+01
3.0000e+01 7.3347e+02 1.8194e+01
6.0000e+01 7.4960e+02 1.6012e+01
9.0000e+01 7.6926e+02 2.9214e+01
1.2000e+02 7.3943e+02 1.2013e+01
1.5000e+02 7.6654e+02 2.1086e+01
1.8000e+02 7.5425e+02 1.9447e+01
2.1000e+02 7.4272e+02 2.9339e+01
2.4000e+02 7.6911e+02 2.6138e+01
2.7000e+02 7.5794e+02 1.6015e+01
3.0000e+02 7.3844e+02 2.0797e+01
3.3000e+02 7.6871e+02 1.4212e+01
/newplot
/plotname baseline
0.000000e+00 7.105297e+02
3.300000e+02 7.105297e+02
