/newplot
/plotname contrast2=0.0
0.0000e+00 7.2885e+02 2.2350e+01
3.0000e+01 6.8975e+02 9.6415e+00
6.0000e+01 6.9299e+02 2.4314e+01
9.0000e+01 6.7667e+02 3.9214e+01
1.2000e+02 7.0846e+02 2.0499e+01
1.5000e+02 7.3225e+02 1.9582e+01
1.8000e+02 7.1803e+02 1.8787e+01
2.1000e+02 6.9469e+02 2.3837e+01
2.4000e+02 7.0153e+02 1.9403e+01
2.7000e+02 6.9787e+02 1.3286e+01
3.0000e+02 7.0582e+02 2.4066e+01
3.3000e+02 7.4325e+02 2.4333e+01
/newplot
/plotname contrast2=0.5
0.0000e+00 7.1071e+02 1.6710e+01
3.0000e+01 6.9842e+02 1.2172e+01
6.0000e+01 7.0015e+02 1.3812e+01
9.0000e+01 7.1992e+02 2.2145e+01
1.2000e+02 7.0889e+02 1.8982e+01
1.5000e+02 7.4334e+02 3.8144e+01
1.8000e+02 7.0767e+02 1.0729e+01
2.1000e+02 7.0919e+02 1.8936e+01
2.4000e+02 7.2754e+02 3.3528e+01
2.7000e+02 7.2371e+02 2.5940e+01
3.0000e+02 7.1982e+02 2.3611e+01
3.3000e+02 7.5532e+02 2.4946e+01
/newplot
/plotname baseline
0.000000e+00 6.897609e+02
3.300000e+02 6.897609e+02
