/newplot
/plotname contrast2=0.0
0.0000e+00 9.0926e+02 4.2174e+01
3.0000e+01 8.5614e+02 5.9047e+01
6.0000e+01 8.5715e+02 4.7979e+01
9.0000e+01 8.6239e+02 5.3695e+01
1.2000e+02 8.8631e+02 4.1340e+01
1.5000e+02 8.8298e+02 1.5019e+01
1.8000e+02 9.0813e+02 2.0060e+01
2.1000e+02 8.6257e+02 2.5635e+01
2.4000e+02 8.6380e+02 4.2112e+01
2.7000e+02 8.8471e+02 3.4564e+01
3.0000e+02 8.8491e+02 3.6088e+01
3.3000e+02 8.7735e+02 1.8749e+01
/newplot
/plotname contrast2=0.5
0.0000e+00 8.8944e+02 4.3662e+01
3.0000e+01 8.9648e+02 5.5617e+01
6.0000e+01 8.6828e+02 2.9281e+01
9.0000e+01 9.0021e+02 1.5413e+01
1.2000e+02 8.8477e+02 3.1487e+01
1.5000e+02 9.0798e+02 4.6361e+01
1.8000e+02 8.9513e+02 6.5183e+01
2.1000e+02 9.0682e+02 4.1781e+01
2.4000e+02 9.1293e+02 2.3923e+01
2.7000e+02 9.1559e+02 6.8960e+01
3.0000e+02 9.0598e+02 2.0801e+01
3.3000e+02 8.8382e+02 3.0986e+01
/newplot
/plotname baseline
0.000000e+00 8.689138e+02
3.300000e+02 8.689138e+02
