/newplot
/plotname contrast2=0.0
0.0000e+00 9.2340e+02 4.5316e+01
3.0000e+01 9.6921e+02 4.4646e+01
6.0000e+01 9.0744e+02 2.3006e+01
9.0000e+01 9.3138e+02 4.3728e+01
1.2000e+02 9.7285e+02 1.0139e+02
1.5000e+02 9.2173e+02 2.5785e+01
1.8000e+02 9.3509e+02 2.9798e+01
2.1000e+02 9.0683e+02 4.2465e+01
2.4000e+02 9.0231e+02 1.9772e+01
2.7000e+02 9.4043e+02 4.7581e+01
3.0000e+02 9.6434e+02 6.2002e+01
3.3000e+02 9.4564e+02 4.9533e+01
/newplot
/plotname contrast2=0.5
0.0000e+00 1.0222e+03 1.0613e+02
3.0000e+01 9.6205e+02 3.4209e+01
6.0000e+01 9.3439e+02 5.9486e+01
9.0000e+01 9.0491e+02 1.9343e+01
1.2000e+02 9.0978e+02 3.3452e+01
1.5000e+02 9.8521e+02 9.5151e+01
1.8000e+02 1.0230e+03 1.0127e+02
2.1000e+02 9.8410e+02 9.9607e+01
2.4000e+02 1.0040e+03 1.3977e+02
2.7000e+02 9.3978e+02 4.0777e+01
3.0000e+02 9.3497e+02 5.9435e+01
3.3000e+02 9.6640e+02 7.7233e+01
/newplot
/plotname baseline
0.000000e+00 9.211104e+02
3.300000e+02 9.211104e+02
