/newplot
/plotname contrast2=0.0
0.0000e+00 5.1676e+02 1.9609e+01
3.0000e+01 5.2757e+02 1.4341e+01
6.0000e+01 5.1803e+02 2.6272e+01
9.0000e+01 4.7803e+02 3.0132e+01
1.2000e+02 4.8653e+02 1.6907e+01
1.5000e+02 4.9916e+02 1.8219e+01
1.8000e+02 5.2162e+02 4.5791e+01
2.1000e+02 5.2668e+02 2.5217e+01
2.4000e+02 5.1948e+02 3.3290e+01
2.7000e+02 5.2803e+02 2.3980e+01
3.0000e+02 4.7972e+02 2.1037e+01
3.3000e+02 5.0433e+02 1.5505e+01
/newplot
/plotname contrast2=0.5
0.0000e+00 5.2729e+02 3.2128e+01
3.0000e+01 5.1891e+02 5.3420e+01
6.0000e+01 5.0566e+02 2.1313e+01
9.0000e+01 5.2804e+02 3.1035e+01
1.2000e+02 5.4669e+02 1.9464e+01
1.5000e+02 5.3431e+02 3.3415e+01
1.8000e+02 5.2114e+02 1.4961e+01
2.1000e+02 5.2560e+02 3.7567e+01
2.4000e+02 5.1959e+02 2.6116e+01
2.7000e+02 5.3069e+02 1.8610e+01
3.0000e+02 5.4440e+02 3.1805e+01
3.3000e+02 4.9133e+02 2.4804e+01
/newplot
/plotname baseline
0.000000e+00 4.891672e+02
3.300000e+02 4.891672e+02
