/newplot
/plotname contrast2=0.0
0.0000e+00 7.3115e+02 1.1139e+01
3.0000e+01 6.9673e+02 1.8914e+01
6.0000e+01 6.8178e+02 9.5320e+00
9.0000e+01 6.6974e+02 2.4009e+01
1.2000e+02 6.8989e+02 1.9139e+01
1.5000e+02 7.2696e+02 1.3099e+01
1.8000e+02 7.3844e+02 2.0564e+01
2.1000e+02 6.8702e+02 1.9259e+01
2.4000e+02 6.8000e+02 1.9656e+01
2.7000e+02 6.9410e+02 2.8551e+01
3.0000e+02 7.1161e+02 2.2526e+01
3.3000e+02 7.6529e+02 3.3594e+01
/newplot
/plotname contrast2=0.5
0.0000e+00 7.1995e+02 1.6053e+01
3.0000e+01 6.9116e+02 2.1285e+01
6.0000e+01 7.1451e+02 1.2909e+01
9.0000e+01 7.3110e+02 2.1299e+01
1.2000e+02 7.1232e+02 2.3375e+01
1.5000e+02 7.1443e+02 2.4749e+01
1.8000e+02 7.2342e+02 2.4450e+01
2.1000e+02 6.9959e+02 1.4080e+01
2.4000e+02 7.4276e+02 2.9328e+01
2.7000e+02 7.5891e+02 2.2396e+01
3.0000e+02 7.3855e+02 2.9497e+01
3.3000e+02 7.3829e+02 1.7329e+01
/newplot
/plotname baseline
0.000000e+00 6.762922e+02
3.300000e+02 6.762922e+02
