/newplot
/plotname contrast2=0.0
0.0000e+00 7.9057e+02 1.4249e+01
3.0000e+01 7.4995e+02 2.4787e+01
6.0000e+01 7.6510e+02 3.0581e+01
9.0000e+01 7.2466e+02 1.9196e+01
1.2000e+02 7.4991e+02 2.6125e+01
1.5000e+02 7.6873e+02 2.4250e+01
1.8000e+02 7.8620e+02 2.4048e+01
2.1000e+02 7.4080e+02 2.5710e+01
2.4000e+02 7.4627e+02 3.0125e+01
2.7000e+02 7.4807e+02 2.0263e+01
3.0000e+02 7.4311e+02 2.5169e+01
3.3000e+02 8.0024e+02 2.6480e+01
/newplot
/plotname contrast2=0.5
0.0000e+00 7.8415e+02 2.7276e+01
3.0000e+01 7.6233e+02 3.5495e+01
6.0000e+01 7.6117e+02 2.7139e+01
9.0000e+01 7.9847e+02 1.2420e+01
1.2000e+02 7.7718e+02 4.5020e+01
1.5000e+02 7.7375e+02 3.0415e+01
1.8000e+02 7.8307e+02 3.6608e+01
2.1000e+02 7.7761e+02 3.9235e+01
2.4000e+02 7.9565e+02 3.0560e+01
2.7000e+02 7.9423e+02 3.4760e+01
3.0000e+02 7.8341e+02 4.5635e+01
3.3000e+02 8.0099e+02 2.0713e+01
/newplot
/plotname baseline
0.000000e+00 7.307713e+02
3.300000e+02 7.307713e+02
