/newplot
/plotname contrast2=0.0
0.0000e+00 8.6744e+02 5.7278e+01
3.0000e+01 8.6200e+02 2.8828e+01
6.0000e+01 8.5848e+02 3.9271e+01
9.0000e+01 8.6125e+02 2.8222e+01
1.2000e+02 8.5471e+02 3.7117e+01
1.5000e+02 8.6782e+02 1.9552e+01
1.8000e+02 8.7320e+02 3.5565e+01
2.1000e+02 8.6241e+02 4.4984e+01
2.4000e+02 8.5887e+02 2.7445e+01
2.7000e+02 8.7197e+02 3.1313e+01
3.0000e+02 8.6327e+02 3.9031e+01
3.3000e+02 8.4526e+02 4.0362e+01
/newplot
/plotname contrast2=0.5
0.0000e+00 8.4630e+02 1.1051e+01
3.0000e+01 8.5575e+02 1.5333e+01
6.0000e+01 8.8801e+02 3.8101e+01
9.0000e+01 8.5812e+02 4.3286e+01
1.2000e+02 8.7388e+02 3.2670e+01
1.5000e+02 8.6780e+02 5.1513e+01
1.8000e+02 8.8440e+02 2.7216e+01
2.1000e+02 8.4368e+02 3.4402e+01
2.4000e+02 8.7606e+02 4.3209e+01
2.7000e+02 8.7905e+02 3.3479e+01
3.0000e+02 8.8941e+02 4.6476e+01
3.3000e+02 8.9794e+02 1.7946e+01
/newplot
/plotname baseline
0.000000e+00 8.582213e+02
3.300000e+02 8.582213e+02
