/newplot
/plotname contrast2=0.0
0.0000e+00 9.1335e+02 3.1253e+01
3.0000e+01 8.6661e+02 1.6012e+01
6.0000e+01 8.4674e+02 2.7286e+01
9.0000e+01 8.1698e+02 3.8439e+01
1.2000e+02 8.0862e+02 2.4738e+01
1.5000e+02 8.9612e+02 4.8637e+01
1.8000e+02 1.0506e+03 3.7560e+01
2.1000e+02 9.2365e+02 1.1162e+01
2.4000e+02 8.3953e+02 1.8802e+01
2.7000e+02 8.4919e+02 1.5990e+01
3.0000e+02 8.2655e+02 4.7223e+01
3.3000e+02 8.3482e+02 3.5379e+01
/newplot
/plotname contrast2=0.5
0.0000e+00 9.1942e+02 4.2035e+01
3.0000e+01 8.5295e+02 2.6680e+01
6.0000e+01 8.6330e+02 4.7944e+01
9.0000e+01 1.0031e+03 6.0374e+01
1.2000e+02 9.2602e+02 4.2085e+01
1.5000e+02 8.8661e+02 1.7242e+01
1.8000e+02 1.0052e+03 4.0649e+01
2.1000e+02 9.1172e+02 4.3580e+01
2.4000e+02 8.6218e+02 3.3332e+01
2.7000e+02 9.1077e+02 6.3665e+01
3.0000e+02 8.5444e+02 9.8817e+00
3.3000e+02 8.6193e+02 4.7418e+01
/newplot
/plotname baseline
0.000000e+00 8.242990e+02
3.300000e+02 8.242990e+02
