/newplot
/plotname contrast2=0.0
0.0000e+00 1.1410e+03 8.6708e+01
3.0000e+01 1.1586e+03 1.0579e+02
6.0000e+01 1.1291e+03 7.4223e+01
9.0000e+01 1.1523e+03 8.6157e+01
1.2000e+02 1.2183e+03 2.8338e+01
1.5000e+02 1.1594e+03 5.0798e+01
1.8000e+02 1.1465e+03 5.6345e+01
2.1000e+02 1.1602e+03 1.0171e+02
2.4000e+02 1.1283e+03 4.5830e+01
2.7000e+02 1.1810e+03 7.4573e+01
3.0000e+02 1.2182e+03 9.0822e+01
3.3000e+02 1.1346e+03 8.7449e+01
/newplot
/plotname contrast2=0.5
0.0000e+00 1.1675e+03 8.8892e+01
3.0000e+01 1.2144e+03 7.4904e+01
6.0000e+01 1.1688e+03 6.1494e+01
9.0000e+01 1.1322e+03 6.4776e+01
1.2000e+02 1.1914e+03 7.0362e+01
1.5000e+02 1.1837e+03 1.0514e+02
1.8000e+02 1.2122e+03 6.3095e+01
2.1000e+02 1.2057e+03 5.4580e+01
2.4000e+02 1.1705e+03 6.8987e+01
2.7000e+02 1.1475e+03 5.2134e+01
3.0000e+02 1.1656e+03 8.9599e+01
3.3000e+02 1.2218e+03 1.2398e+02
/newplot
/plotname baseline
0.000000e+00 1.137935e+03
3.300000e+02 1.137935e+03
