/newplot
/plotname contrast2=0.0
0.0000e+00 8.3565e+02 2.5057e+01
3.0000e+01 8.1099e+02 2.4468e+01
6.0000e+01 7.8201e+02 2.7866e+01
9.0000e+01 7.6570e+02 1.7810e+01
1.2000e+02 7.7908e+02 1.7962e+01
1.5000e+02 8.0237e+02 1.6622e+01
1.8000e+02 8.3824e+02 2.4991e+01
2.1000e+02 8.1294e+02 1.6494e+01
2.4000e+02 7.9325e+02 1.3863e+01
2.7000e+02 7.9086e+02 2.9354e+01
3.0000e+02 7.8836e+02 3.3639e+01
3.3000e+02 8.0469e+02 1.4505e+01
/newplot
/plotname contrast2=0.5
0.0000e+00 8.2061e+02 2.0530e+01
3.0000e+01 8.1312e+02 2.0552e+01
6.0000e+01 8.0690e+02 2.3955e+01
9.0000e+01 8.2782e+02 2.3324e+01
1.2000e+02 8.1571e+02 2.3637e+01
1.5000e+02 8.1823e+02 1.3936e+01
1.8000e+02 8.2338e+02 2.4784e+01
2.1000e+02 8.2476e+02 2.1357e+01
2.4000e+02 8.3294e+02 2.2430e+01
2.7000e+02 8.4558e+02 1.3525e+01
3.0000e+02 8.3622e+02 1.7571e+01
3.3000e+02 7.9994e+02 1.1664e+01
/newplot
/plotname baseline
0.000000e+00 7.768954e+02
3.300000e+02 7.768954e+02
