/newplot
/plotname contrast2=0.0
0.0000e+00 7.4840e+02 3.0726e+01
3.0000e+01 7.8175e+02 6.2804e+01
6.0000e+01 7.8509e+02 3.4970e+01
9.0000e+01 8.4374e+02 1.4095e+02
1.2000e+02 7.6641e+02 3.1935e+01
1.5000e+02 7.2202e+02 2.8666e+01
1.8000e+02 7.4914e+02 4.7428e+01
2.1000e+02 7.3845e+02 2.5197e+01
2.4000e+02 7.4424e+02 3.1533e+01
2.7000e+02 8.0043e+02 6.8590e+01
3.0000e+02 7.5670e+02 2.1660e+01
3.3000e+02 7.3275e+02 2.9660e+01
/newplot
/plotname contrast2=0.5
0.0000e+00 7.8779e+02 7.4859e+01
3.0000e+01 8.2056e+02 1.7143e+02
6.0000e+01 7.3567e+02 2.1141e+01
9.0000e+01 7.6977e+02 3.1990e+01
1.2000e+02 7.6744e+02 3.5250e+01
1.5000e+02 7.8002e+02 7.1426e+01
1.8000e+02 8.1905e+02 1.3044e+02
2.1000e+02 7.5818e+02 5.2953e+01
2.4000e+02 8.0509e+02 1.0020e+02
2.7000e+02 7.8461e+02 3.9773e+01
3.0000e+02 7.7108e+02 3.0538e+01
3.3000e+02 7.4442e+02 2.4132e+01
/newplot
/plotname baseline
0.000000e+00 7.375003e+02
3.300000e+02 7.375003e+02
