/newplot
/plotname contrast2=0.0
0.0000e+00 6.1621e+02 1.2464e+01
3.0000e+01 5.8665e+02 1.3572e+01
6.0000e+01 5.7143e+02 2.1362e+01
9.0000e+01 5.5575e+02 1.1793e+01
1.2000e+02 5.5663e+02 1.6206e+01
1.5000e+02 5.6561e+02 3.5260e+01
1.8000e+02 6.6237e+02 3.5849e+01
2.1000e+02 6.1789e+02 1.3250e+01
2.4000e+02 5.5104e+02 1.4396e+01
2.7000e+02 5.6528e+02 1.3828e+01
3.0000e+02 5.5519e+02 1.6789e+01
3.3000e+02 5.7962e+02 1.3326e+01
/newplot
/plotname contrast2=0.5
0.0000e+00 6.2407e+02 2.6475e+01
3.0000e+01 5.8577e+02 2.1642e+01
6.0000e+01 5.6860e+02 1.6912e+01
9.0000e+01 6.4003e+02 1.9238e+01
1.2000e+02 5.9743e+02 2.0506e+01
1.5000e+02 5.7324e+02 1.4237e+01
1.8000e+02 6.1717e+02 1.6118e+01
2.1000e+02 6.0265e+02 1.8576e+01
2.4000e+02 5.7740e+02 2.2023e+01
2.7000e+02 6.1927e+02 1.4190e+01
3.0000e+02 5.9268e+02 1.0671e+01
3.3000e+02 5.8282e+02 1.6333e+01
/newplot
/plotname baseline
0.000000e+00 5.535604e+02
3.300000e+02 5.535604e+02
