/newplot
/plotname contrast2=0.0
0.0000e+00 8.4837e+02 2.2574e+01
3.0000e+01 8.2108e+02 2.2207e+01
6.0000e+01 8.1673e+02 2.0020e+01
9.0000e+01 8.1185e+02 1.1870e+01
1.2000e+02 8.4750e+02 3.1153e+01
1.5000e+02 8.4253e+02 5.3262e+01
1.8000e+02 8.6326e+02 4.6539e+01
2.1000e+02 8.1734e+02 2.0909e+01
2.4000e+02 8.0052e+02 1.5943e+01
2.7000e+02 8.3414e+02 3.7870e+01
3.0000e+02 8.2167e+02 1.7683e+01
3.3000e+02 8.2736e+02 4.0598e+01
/newplot
/plotname contrast2=0.5
0.0000e+00 8.4390e+02 3.5390e+01
3.0000e+01 8.4234e+02 4.1224e+01
6.0000e+01 8.3288e+02 3.5896e+01
9.0000e+01 8.5559e+02 1.7322e+01
1.2000e+02 8.3694e+02 2.2611e+01
1.5000e+02 8.5953e+02 3.4845e+01
1.8000e+02 8.5036e+02 1.5595e+01
2.1000e+02 8.2038e+02 2.1828e+01
2.4000e+02 8.4961e+02 4.0748e+01
2.7000e+02 8.7791e+02 6.4303e+01
3.0000e+02 8.3317e+02 3.1930e+01
3.3000e+02 8.3587e+02 2.7853e+01
/newplot
/plotname baseline
0.000000e+00 8.131708e+02
3.300000e+02 8.131708e+02
