/newplot
/plotname contrast2=0.0
0.0000e+00 6.7333e+02 2.4501e+01
3.0000e+01 6.9208e+02 4.1967e+01
6.0000e+01 7.1210e+02 3.0518e+01
9.0000e+01 6.9156e+02 4.5314e+01
1.2000e+02 6.5985e+02 2.7961e+01
1.5000e+02 6.4673e+02 4.2328e+01
1.8000e+02 6.7359e+02 4.3969e+01
2.1000e+02 6.9525e+02 4.9447e+01
2.4000e+02 7.3100e+02 1.5769e+01
2.7000e+02 7.3599e+02 5.4305e+01
3.0000e+02 6.6846e+02 3.5650e+01
3.3000e+02 6.5987e+02 2.7347e+01
/newplot
/plotname contrast2=0.5
0.0000e+00 7.0951e+02 5.9263e+01
3.0000e+01 6.9924e+02 6.7800e+01
6.0000e+01 6.7182e+02 3.2930e+01
9.0000e+01 6.9393e+02 3.9976e+01
1.2000e+02 6.9639e+02 3.4775e+01
1.5000e+02 7.3960e+02 5.0588e+01
1.8000e+02 7.3028e+02 7.8269e+01
2.1000e+02 7.0313e+02 4.6648e+01
2.4000e+02 7.4662e+02 5.3543e+01
2.7000e+02 7.0709e+02 3.8483e+01
3.0000e+02 7.0991e+02 3.2663e+01
3.3000e+02 6.9234e+02 3.8614e+01
/newplot
/plotname baseline
0.000000e+00 6.634158e+02
3.300000e+02 6.634158e+02
