/newplot
/plotname contrast2=0.0
0.0000e+00 6.8940e+02 1.7909e+01
3.0000e+01 6.7156e+02 1.6197e+01
6.0000e+01 6.6237e+02 1.8215e+01
9.0000e+01 6.6492e+02 7.3126e+00
1.2000e+02 7.0241e+02 1.8636e+01
1.5000e+02 7.0513e+02 1.7352e+01
1.8000e+02 6.8942e+02 1.5423e+01
2.1000e+02 6.6964e+02 1.8205e+01
2.4000e+02 6.7689e+02 1.1396e+01
2.7000e+02 6.8792e+02 1.1464e+01
3.0000e+02 7.0391e+02 1.4887e+01
3.3000e+02 7.1289e+02 2.7624e+01
/newplot
/plotname contrast2=0.5
0.0000e+00 6.8536e+02 9.3575e+00
3.0000e+01 6.7801e+02 2.4242e+01
6.0000e+01 6.9551e+02 2.0275e+01
9.0000e+01 6.8909e+02 1.1417e+01
1.2000e+02 6.8836e+02 4.9971e+00
1.5000e+02 6.9964e+02 1.6154e+01
1.8000e+02 6.9949e+02 1.7894e+01
2.1000e+02 7.0341e+02 9.8055e+00
2.4000e+02 7.1901e+02 2.0204e+01
2.7000e+02 6.9760e+02 9.9800e+00
3.0000e+02 7.1465e+02 1.3095e+01
3.3000e+02 7.1678e+02 1.4748e+01
/newplot
/plotname baseline
0.000000e+00 6.660728e+02
3.300000e+02 6.660728e+02
