/newplot
/plotname contrast2=0.0
0.0000e+00 8.6903e+02 2.4629e+01
3.0000e+01 8.6351e+02 2.4313e+01
6.0000e+01 8.6526e+02 1.6276e+01
9.0000e+01 8.7537e+02 3.0346e+01
1.2000e+02 9.6303e+02 5.6516e+01
1.5000e+02 8.7981e+02 2.3399e+01
1.8000e+02 8.9637e+02 1.8962e+01
2.1000e+02 8.8844e+02 2.9286e+01
2.4000e+02 8.8084e+02 2.7031e+01
2.7000e+02 8.7027e+02 3.2063e+01
3.0000e+02 8.7883e+02 2.0596e+01
3.3000e+02 8.6077e+02 3.6122e+01
/newplot
/plotname contrast2=0.5
0.0000e+00 8.9840e+02 2.4863e+01
3.0000e+01 8.9307e+02 2.9707e+01
6.0000e+01 8.9160e+02 3.4989e+01
9.0000e+01 9.0109e+02 2.3516e+01
1.2000e+02 9.0181e+02 2.8000e+01
1.5000e+02 9.0218e+02 4.2334e+01
1.8000e+02 8.9128e+02 1.6870e+01
2.1000e+02 8.8188e+02 2.3168e+01
2.4000e+02 9.0175e+02 4.1646e+01
2.7000e+02 8.8724e+02 2.4689e+01
3.0000e+02 8.8579e+02 3.2175e+01
3.3000e+02 8.9684e+02 3.2438e+01
/newplot
/plotname baseline
0.000000e+00 8.588207e+02
3.300000e+02 8.588207e+02
