/newplot
/plotname contrast2=0.0
0.0000e+00 7.0635e+02 1.3986e+01
3.0000e+01 7.1376e+02 2.3658e+01
6.0000e+01 7.7144e+02 3.8590e+01
9.0000e+01 7.1383e+02 1.2315e+01
1.2000e+02 7.0844e+02 1.5874e+01
1.5000e+02 6.9663e+02 1.8522e+01
1.8000e+02 6.8947e+02 1.2740e+01
2.1000e+02 7.2393e+02 1.3958e+01
2.4000e+02 7.6311e+02 2.0469e+01
2.7000e+02 7.5962e+02 3.1487e+01
3.0000e+02 7.0804e+02 3.8256e+00
3.3000e+02 7.0100e+02 1.2915e+01
/newplot
/plotname contrast2=0.5
0.0000e+00 7.2517e+02 1.7174e+01
3.0000e+01 7.1919e+02 3.1647e+01
6.0000e+01 7.2338e+02 1.2402e+01
9.0000e+01 7.2613e+02 2.9911e+01
1.2000e+02 7.3593e+02 1.9692e+01
1.5000e+02 7.3417e+02 2.0806e+01
1.8000e+02 7.4468e+02 3.5336e+01
2.1000e+02 7.3136e+02 1.1098e+01
2.4000e+02 7.6824e+02 3.5019e+01
2.7000e+02 7.4189e+02 1.0737e+01
3.0000e+02 7.4036e+02 2.3077e+01
3.3000e+02 7.6076e+02 2.2734e+01
/newplot
/plotname baseline
0.000000e+00 6.924808e+02
3.300000e+02 6.924808e+02
