/newplot
/plotname contrast2=0.0
0.0000e+00 6.4254e+02 2.8889e+01
3.0000e+01 6.0094e+02 2.0052e+01
6.0000e+01 5.8249e+02 3.7624e+01
9.0000e+01 5.5594e+02 3.9224e+01
1.2000e+02 5.4729e+02 9.7510e+00
1.5000e+02 5.6506e+02 1.8677e+01
1.8000e+02 6.2219e+02 2.9609e+01
2.1000e+02 5.7262e+02 1.9853e+01
2.4000e+02 5.5803e+02 1.7959e+01
2.7000e+02 5.7738e+02 3.1383e+01
3.0000e+02 5.6266e+02 1.1787e+01
3.3000e+02 5.8696e+02 1.5767e+01
/newplot
/plotname contrast2=0.5
0.0000e+00 6.1805e+02 3.5588e+01
3.0000e+01 5.8063e+02 3.4183e+01
6.0000e+01 5.6487e+02 1.3299e+01
9.0000e+01 6.1795e+02 2.0338e+01
1.2000e+02 5.7155e+02 1.8304e+01
1.5000e+02 5.8832e+02 2.3900e+01
1.8000e+02 5.9366e+02 2.4444e+01
2.1000e+02 5.8569e+02 2.9313e+01
2.4000e+02 5.8424e+02 2.2442e+01
2.7000e+02 6.1746e+02 2.4290e+01
3.0000e+02 6.1632e+02 2.3414e+01
3.3000e+02 6.0352e+02 3.4108e+01
/newplot
/plotname baseline
0.000000e+00 5.562904e+02
3.300000e+02 5.562904e+02
