/newplot
/plotname contrast2=0.0
0.0000e+00 8.0575e+02 1.2232e+01
3.0000e+01 7.5704e+02 1.0422e+01
6.0000e+01 7.6029e+02 1.5714e+01
9.0000e+01 7.3671e+02 2.8859e+01
1.2000e+02 7.6726e+02 1.4883e+01
1.5000e+02 8.3974e+02 3.8205e+01
1.8000e+02 8.5202e+02 3.0827e+01
2.1000e+02 7.8260e+02 9.4681e+00
2.4000e+02 7.4504e+02 8.1113e+00
2.7000e+02 7.7547e+02 2.0165e+01
3.0000e+02 7.7138e+02 2.0153e+01
3.3000e+02 8.0654e+02 2.6204e+01
/newplot
/plotname contrast2=0.5
0.0000e+00 8.1335e+02 2.2991e+01
3.0000e+01 7.6214e+02 1.5989e+01
6.0000e+01 8.1137e+02 2.6931e+01
9.0000e+01 8.3845e+02 1.6946e+01
1.2000e+02 7.7376e+02 1.9123e+01
1.5000e+02 8.1247e+02 1.2023e+01
1.8000e+02 8.1095e+02 3.3034e+01
2.1000e+02 7.8703e+02 2.6956e+01
2.4000e+02 8.1318e+02 1.7895e+01
2.7000e+02 8.3530e+02 2.6331e+01
3.0000e+02 7.8818e+02 1.2145e+01
3.3000e+02 8.1934e+02 2.4855e+01
/newplot
/plotname baseline
0.000000e+00 7.556556e+02
3.300000e+02 7.556556e+02
