/newplot
/plotname contrast2=0.0
0.0000e+00 5.2361e+02 1.0522e+01
3.0000e+01 5.3730e+02 1.5300e+01
6.0000e+01 5.2335e+02 4.6617e+00
9.0000e+01 4.7562e+02 2.8723e+01
1.2000e+02 4.8510e+02 2.2536e+01
1.5000e+02 4.8980e+02 2.9848e+01
1.8000e+02 5.6457e+02 4.3323e+01
2.1000e+02 5.5169e+02 1.5183e+01
2.4000e+02 4.9294e+02 1.9337e+01
2.7000e+02 4.9078e+02 2.0152e+01
3.0000e+02 4.7946e+02 1.2549e+01
3.3000e+02 4.8658e+02 1.1690e+01
/newplot
/plotname contrast2=0.5
0.0000e+00 5.1255e+02 1.7330e+01
3.0000e+01 5.2274e+02 3.2267e+01
6.0000e+01 5.0029e+02 2.0562e+01
9.0000e+01 5.2667e+02 2.1226e+01
1.2000e+02 5.4672e+02 2.2354e+01
1.5000e+02 5.1603e+02 1.5265e+01
1.8000e+02 5.2461e+02 3.7956e+01
2.1000e+02 5.4533e+02 1.9982e+01
2.4000e+02 5.0082e+02 1.5312e+01
2.7000e+02 5.2000e+02 2.8190e+01
3.0000e+02 5.3477e+02 6.4613e+00
3.3000e+02 5.0439e+02 2.4072e+01
/newplot
/plotname baseline
0.000000e+00 4.843967e+02
3.300000e+02 4.843967e+02
