/newplot
/plotname contrast2=0.0
0.0000e+00 9.7565e+02 1.6924e+01
3.0000e+01 9.3540e+02 1.7470e+01
6.0000e+01 9.2038e+02 2.2665e+01
9.0000e+01 9.0626e+02 2.8533e+01
1.2000e+02 9.1670e+02 1.6742e+01
1.5000e+02 9.8773e+02 4.0937e+01
1.8000e+02 1.0467e+03 4.8798e+01
2.1000e+02 9.5079e+02 2.2170e+01
2.4000e+02 9.1120e+02 2.0478e+01
2.7000e+02 9.3234e+02 3.0723e+01
3.0000e+02 9.1067e+02 2.9140e+01
3.3000e+02 9.5232e+02 1.0777e+01
/newplot
/plotname contrast2=0.5
0.0000e+00 9.7150e+02 3.2730e+01
3.0000e+01 9.4251e+02 2.6610e+01
6.0000e+01 9.4539e+02 1.4553e+01
9.0000e+01 1.0107e+03 1.5431e+01
1.2000e+02 9.3562e+02 2.1674e+01
1.5000e+02 9.8296e+02 4.1394e+01
1.8000e+02 9.8921e+02 4.5850e+01
2.1000e+02 9.4743e+02 1.8013e+01
2.4000e+02 9.3604e+02 2.6060e+01
2.7000e+02 9.8746e+02 3.8722e+01
3.0000e+02 9.3129e+02 1.9680e+01
3.3000e+02 9.4202e+02 5.0742e+00
/newplot
/plotname baseline
0.000000e+00 9.054651e+02
3.300000e+02 9.054651e+02
