/newplot
/plotname contrast2=0.0
0.0000e+00 6.7828e+02 2.8617e+01
3.0000e+01 6.3602e+02 3.8004e+01
6.0000e+01 6.4289e+02 2.3440e+01
9.0000e+01 6.2478e+02 5.0053e+01
1.2000e+02 6.4032e+02 2.4190e+01
1.5000e+02 7.0126e+02 3.3048e+01
1.8000e+02 6.9033e+02 2.5176e+01
2.1000e+02 6.5891e+02 2.5507e+01
2.4000e+02 6.4212e+02 1.5402e+01
2.7000e+02 6.5596e+02 2.9977e+01
3.0000e+02 6.5247e+02 2.2496e+01
3.3000e+02 7.3758e+02 2.8338e+01
/newplot
/plotname contrast2=0.5
0.0000e+00 6.7399e+02 3.2703e+01
3.0000e+01 6.5275e+02 3.9169e+01
6.0000e+01 6.6204e+02 1.7470e+01
9.0000e+01 6.8568e+02 3.2826e+01
1.2000e+02 6.5127e+02 1.2797e+01
1.5000e+02 6.7596e+02 2.6420e+01
1.8000e+02 6.5954e+02 3.8408e+01
2.1000e+02 6.5216e+02 1.4057e+01
2.4000e+02 7.1669e+02 4.0295e+01
2.7000e+02 6.9403e+02 2.5657e+01
3.0000e+02 6.8628e+02 3.1861e+01
3.3000e+02 7.0631e+02 1.9541e+01
/newplot
/plotname baseline
0.000000e+00 6.364308e+02
3.300000e+02 6.364308e+02
