/newplot
/plotname contrast2=0.0
0.0000e+00 5.7441e+02 1.0820e+01
3.0000e+01 5.4851e+02 1.2819e+01
6.0000e+01 5.2197e+02 1.4233e+01
9.0000e+01 4.9470e+02 2.0401e+01
1.2000e+02 4.9866e+02 1.5937e+01
1.5000e+02 5.1820e+02 1.7573e+01
1.8000e+02 5.7652e+02 2.1079e+01
2.1000e+02 5.3286e+02 1.6092e+01
2.4000e+02 5.0254e+02 1.7458e+01
2.7000e+02 5.1636e+02 1.4671e+01
3.0000e+02 4.9670e+02 1.3176e+01
3.3000e+02 5.1858e+02 1.4976e+01
/newplot
/plotname contrast2=0.5
0.0000e+00 5.5305e+02 1.8852e+01
3.0000e+01 5.3665e+02 2.6917e+01
6.0000e+01 5.0956e+02 1.5207e+01
9.0000e+01 5.5300e+02 1.4114e+01
1.2000e+02 5.3464e+02 1.8908e+01
1.5000e+02 5.2080e+02 1.0591e+01
1.8000e+02 5.4780e+02 2.1433e+01
2.1000e+02 5.3739e+02 1.6107e+01
2.4000e+02 5.3037e+02 2.3195e+01
2.7000e+02 5.5852e+02 1.0498e+01
3.0000e+02 5.6461e+02 1.7504e+01
3.3000e+02 5.2271e+02 2.9955e+01
/newplot
/plotname baseline
0.000000e+00 4.993466e+02
3.300000e+02 4.993466e+02
