/newplot
/plotname contrast2=0.0
0.0000e+00 8.3851e+02 2.0171e+01
3.0000e+01 8.6146e+02 1.0915e+01
6.0000e+01 8.7669e+02 2.3470e+01
9.0000e+01 8.5993e+02 2.5333e+01
1.2000e+02 8.5488e+02 1.3659e+01
1.5000e+02 8.3606e+02 2.7073e+01
1.8000e+02 8.6055e+02 3.0890e+01
2.1000e+02 8.7805e+02 2.0083e+01
2.4000e+02 8.8507e+02 2.7925e+01
2.7000e+02 8.8712e+02 3.1289e+01
3.0000e+02 8.6375e+02 2.6063e+01
3.3000e+02 8.3208e+02 2.3454e+01
/newplot
/plotname contrast2=0.5
0.0000e+00 8.6244e+02 2.0202e+01
3.0000e+01 8.5697e+02 3.0097e+01
6.0000e+01 8.5691e+02 3.4870e+01
9.0000e+01 8.5890e+02 2.2089e+01
1.2000e+02 8.7839e+02 2.3595e+01
1.5000e+02 8.8866e+02 3.0376e+01
1.8000e+02 8.8683e+02 3.0192e+01
2.1000e+02 8.7486e+02 1.3053e+01
2.4000e+02 8.9197e+02 3.0737e+01
2.7000e+02 8.6873e+02 3.0146e+01
3.0000e+02 8.7182e+02 2.7399e+01
3.3000e+02 8.7748e+02 2.8995e+01
/newplot
/plotname baseline
0.000000e+00 8.277330e+02
3.300000e+02 8.277330e+02
