/newplot
/plotname contrast2=0.0
0.0000e+00 7.6580e+02 2.5546e+01
3.0000e+01 7.6856e+02 1.0839e+01
6.0000e+01 7.9960e+02 3.8300e+01
9.0000e+01 7.7704e+02 3.7911e+01
1.2000e+02 7.7846e+02 1.7521e+01
1.5000e+02 7.6041e+02 2.4573e+01
1.8000e+02 7.6272e+02 3.1961e+01
2.1000e+02 7.8461e+02 1.8374e+01
2.4000e+02 8.0484e+02 2.5096e+01
2.7000e+02 7.8620e+02 2.7647e+01
3.0000e+02 7.8945e+02 2.4751e+01
3.3000e+02 7.6729e+02 1.9976e+01
/newplot
/plotname contrast2=0.5
0.0000e+00 7.9476e+02 2.4654e+01
3.0000e+01 7.7071e+02 5.0153e+01
6.0000e+01 7.8029e+02 3.5366e+01
9.0000e+01 7.8806e+02 1.8061e+01
1.2000e+02 8.0373e+02 2.3829e+01
1.5000e+02 8.0936e+02 4.0254e+01
1.8000e+02 8.0362e+02 2.9192e+01
2.1000e+02 7.9101e+02 2.0544e+01
2.4000e+02 8.0074e+02 2.7739e+01
2.7000e+02 7.8679e+02 2.6346e+01
3.0000e+02 7.9248e+02 2.1162e+01
3.3000e+02 7.7898e+02 3.3748e+01
/newplot
/plotname baseline
0.000000e+00 7.442433e+02
3.300000e+02 7.442433e+02
