/newplot
/plotname contrast2=0.0
0.0000e+00 7.0608e+02 8.1580e+00
3.0000e+01 6.5630e+02 1.4922e+01
6.0000e+01 6.3444e+02 2.1345e+01
9.0000e+01 6.0228e+02 1.6984e+01
1.2000e+02 6.0671e+02 1.2851e+01
1.5000e+02 6.3188e+02 2.1986e+01
1.8000e+02 7.2221e+02 3.5918e+01
2.1000e+02 6.5172e+02 2.2687e+01
2.4000e+02 6.2742e+02 1.4984e+01
2.7000e+02 6.3277e+02 2.0658e+01
3.0000e+02 6.3202e+02 1.7174e+01
3.3000e+02 6.5357e+02 3.3006e+01
/newplot
/plotname contrast2=0.5
0.0000e+00 6.8001e+02 2.6198e+01
3.0000e+01 6.4840e+02 3.4075e+01
6.0000e+01 6.2717e+02 1.5172e+01
9.0000e+01 7.2755e+02 2.5652e+01
1.2000e+02 6.6054e+02 1.6009e+01
1.5000e+02 6.3564e+02 1.7044e+01
1.8000e+02 6.7659e+02 2.6211e+01
2.1000e+02 6.4400e+02 1.7023e+01
2.4000e+02 6.3659e+02 1.6526e+01
2.7000e+02 7.1539e+02 1.6798e+01
3.0000e+02 6.6353e+02 2.1645e+01
3.3000e+02 6.4971e+02 1.9400e+01
/newplot
/plotname baseline
0.000000e+00 6.123426e+02
3.300000e+02 6.123426e+02
