/newplot
/plotname contrast2=0.0
0.0000e+00 7.5235e+02 1.2599e+01
3.0000e+01 7.4049e+02 1.8505e+01
6.0000e+01 7.3051e+02 1.8483e+01
9.0000e+01 7.2900e+02 2.9571e+01
1.2000e+02 7.8653e+02 1.3934e+01
1.5000e+02 7.8666e+02 2.2810e+01
1.8000e+02 7.6839e+02 2.6277e+01
2.1000e+02 7.3810e+02 2.4116e+01
2.4000e+02 7.2490e+02 2.0605e+01
2.7000e+02 7.6181e+02 2.8773e+01
3.0000e+02 7.8671e+02 1.6391e+01
3.3000e+02 7.7165e+02 2.1577e+01
/newplot
/plotname contrast2=0.5
0.0000e+00 7.3666e+02 2.7617e+01
3.0000e+01 7.6469e+02 2.4462e+01
6.0000e+01 7.8658e+02 2.4012e+01
9.0000e+01 7.6950e+02 1.9441e+01
1.2000e+02 7.5230e+02 2.6376e+01
1.5000e+02 8.0090e+02 1.6780e+01
1.8000e+02 7.6984e+02 2.6945e+01
2.1000e+02 7.7708e+02 2.5366e+01
2.4000e+02 7.8649e+02 6.5857e+00
2.7000e+02 7.6696e+02 2.1773e+01
3.0000e+02 7.6724e+02 2.4912e+01
3.3000e+02 7.8483e+02 2.9201e+01
/newplot
/plotname baseline
0.000000e+00 7.199581e+02
3.300000e+02 7.199581e+02
