/newplot
/plotname contrast2=0.0
0.0000e+00 7.7117e+02 1.0185e+01
3.0000e+01 7.5472e+02 2.5418e+01
6.0000e+01 7.4319e+02 9.6383e+00
9.0000e+01 7.5738e+02 3.0386e+01
1.2000e+02 8.0163e+02 2.2985e+01
1.5000e+02 8.1358e+02 4.7929e+00
1.8000e+02 7.8895e+02 6.9406e+00
2.1000e+02 7.5963e+02 2.0921e+01
2.4000e+02 7.5881e+02 1.0534e+01
2.7000e+02 7.9255e+02 1.7070e+01
3.0000e+02 7.9068e+02 1.8375e+01
3.3000e+02 8.1304e+02 2.6683e+01
/newplot
/plotname contrast2=0.5
0.0000e+00 7.6335e+02 2.6025e+01
3.0000e+01 7.6710e+02 1.8617e+01
6.0000e+01 7.8738e+02 2.8366e+01
9.0000e+01 7.8106e+02 2.0466e+01
1.2000e+02 7.6056e+02 9.9038e+00
1.5000e+02 7.9858e+02 3.0139e+01
1.8000e+02 7.7026e+02 1.2094e+01
2.1000e+02 7.8294e+02 1.3933e+01
2.4000e+02 7.9610e+02 2.3653e+01
2.7000e+02 7.8331e+02 1.3562e+01
3.0000e+02 7.9334e+02 1.7017e+01
3.3000e+02 8.0952e+02 2.6896e+01
/newplot
/plotname baseline
0.000000e+00 7.407836e+02
3.300000e+02 7.407836e+02
