/newplot
/plotname contrast2=0.0
0.0000e+00 7.0542e+02 1.2420e+01
3.0000e+01 6.7575e+02 1.2428e+01
6.0000e+01 6.8219e+02 1.8590e+01
9.0000e+01 7.1838e+02 9.6470e+01
1.2000e+02 6.9846e+02 1.4949e+01
1.5000e+02 7.1447e+02 1.2000e+01
1.8000e+02 7.0741e+02 1.5957e+01
2.1000e+02 6.8900e+02 1.3275e+01
2.4000e+02 6.7056e+02 1.4274e+01
2.7000e+02 6.9206e+02 1.8863e+01
3.0000e+02 7.0300e+02 1.8263e+01
3.3000e+02 7.3035e+02 1.9369e+01
/newplot
/plotname contrast2=0.5
0.0000e+00 7.0260e+02 1.7475e+01
3.0000e+01 7.3533e+02 1.2580e+02
6.0000e+01 6.9659e+02 9.0005e+00
9.0000e+01 6.9288e+02 1.1039e+01
1.2000e+02 7.0393e+02 1.5414e+01
1.5000e+02 7.2295e+02 3.6072e+01
1.8000e+02 7.3175e+02 7.8368e+01
2.1000e+02 6.9475e+02 1.4207e+01
2.4000e+02 7.3057e+02 4.6718e+01
2.7000e+02 6.9783e+02 1.3134e+01
3.0000e+02 7.1421e+02 1.2942e+01
3.3000e+02 7.2361e+02 2.4057e+01
/newplot
/plotname baseline
0.000000e+00 6.670780e+02
3.300000e+02 6.670780e+02
