/newplot
/plotname contrast2=0.0
0.0000e+00 6.9926e+02 6.1719e+01
3.0000e+01 7.6472e+02 1.3173e+02
6.0000e+01 7.4885e+02 5.9480e+01
9.0000e+01 9.0245e+02 9.0159e+01
1.2000e+02 7.4912e+02 6.6876e+01
1.5000e+02 6.9330e+02 4.5493e+01
1.8000e+02 7.3086e+02 1.0494e+02
2.1000e+02 7.1884e+02 2.4924e+01
2.4000e+02 7.5324e+02 3.7363e+01
2.7000e+02 7.7161e+02 5.4028e+01
3.0000e+02 7.3979e+02 4.8707e+01
3.3000e+02 7.1275e+02 1.0532e+02
/newplot
/plotname contrast2=0.5
0.0000e+00 8.5218e+02 8.7254e+01
3.0000e+01 7.3609e+02 5.4768e+01
6.0000e+01 7.2009e+02 5.5110e+01
9.0000e+01 8.4502e+02 7.0708e+01
1.2000e+02 7.4767e+02 8.0243e+01
1.5000e+02 7.8249e+02 6.6207e+01
1.8000e+02 7.6175e+02 6.2855e+01
2.1000e+02 7.1468e+02 2.3563e+01
2.4000e+02 7.4151e+02 3.3527e+01
2.7000e+02 7.2718e+02 2.7057e+01
3.0000e+02 7.2847e+02 3.9331e+01
3.3000e+02 7.4925e+02 5.6266e+01
/newplot
/plotname baseline
0.000000e+00 7.060504e+02
3.300000e+02 7.060504e+02
