/newplot
/plotname contrast2=0.0
0.0000e+00 8.4904e+02 2.2911e+01
3.0000e+01 8.5379e+02 2.3809e+01
6.0000e+01 8.1685e+02 1.5480e+01
9.0000e+01 8.0795e+02 2.4849e+01
1.2000e+02 8.2260e+02 1.3913e+01
1.5000e+02 8.5643e+02 2.2244e+01
1.8000e+02 9.0510e+02 2.3387e+01
2.1000e+02 8.5924e+02 2.0885e+01
2.4000e+02 8.2700e+02 9.5431e+00
2.7000e+02 8.3811e+02 2.8126e+01
3.0000e+02 8.2642e+02 1.8339e+01
3.3000e+02 8.3009e+02 1.7689e+01
/newplot
/plotname contrast2=0.5
0.0000e+00 8.3393e+02 1.7941e+01
3.0000e+01 8.1401e+02 2.5402e+01
6.0000e+01 8.4013e+02 1.7600e+01
9.0000e+01 8.6339e+02 3.1378e+01
1.2000e+02 8.4553e+02 1.7513e+01
1.5000e+02 8.5372e+02 2.3408e+01
1.8000e+02 8.6788e+02 2.0364e+01
2.1000e+02 8.5101e+02 1.6119e+01
2.4000e+02 8.5079e+02 1.5300e+01
2.7000e+02 8.5549e+02 1.4763e+01
3.0000e+02 8.4977e+02 2.1971e+01
3.3000e+02 8.4976e+02 1.1763e+01
/newplot
/plotname baseline
0.000000e+00 8.231789e+02
3.300000e+02 8.231789e+02
