/newplot
/plotname contrast2=0.0
0.0000e+00 9.4362e+02 4.1213e+01
3.0000e+01 9.3322e+02 4.2514e+01
6.0000e+01 9.1569e+02 2.7551e+01
9.0000e+01 9.3654e+02 4.9244e+01
1.2000e+02 9.4203e+02 3.4782e+01
1.5000e+02 9.4375e+02 5.5005e+01
1.8000e+02 9.7120e+02 3.1375e+01
2.1000e+02 9.4657e+02 4.5685e+01
2.4000e+02 9.4519e+02 5.4898e+01
2.7000e+02 9.4265e+02 3.4089e+01
3.0000e+02 9.5942e+02 4.9930e+01
3.3000e+02 9.4147e+02 4.3085e+01
/newplot
/plotname contrast2=0.5
0.0000e+00 9.5213e+02 3.6430e+01
3.0000e+01 9.2699e+02 4.4565e+01
6.0000e+01 9.4231e+02 5.4306e+01
9.0000e+01 9.3769e+02 6.4674e+01
1.2000e+02 9.7078e+02 2.4378e+01
1.5000e+02 9.3938e+02 4.6627e+01
1.8000e+02 9.2986e+02 3.7326e+01
2.1000e+02 9.6297e+02 4.9810e+01
2.4000e+02 9.4703e+02 4.0066e+01
2.7000e+02 9.5328e+02 3.8481e+01
3.0000e+02 9.6882e+02 3.8483e+01
3.3000e+02 9.7487e+02 3.6384e+01
/newplot
/plotname baseline
0.000000e+00 9.252190e+02
3.300000e+02 9.252190e+02
