/newplot
/plotname contrast2=0.0
0.0000e+00 7.1592e+02 1.8515e+01
3.0000e+01 7.2988e+02 1.9500e+01
6.0000e+01 7.6440e+02 2.5153e+01
9.0000e+01 7.1702e+02 1.5719e+01
1.2000e+02 7.3010e+02 1.7828e+01
1.5000e+02 7.0968e+02 9.4432e+00
1.8000e+02 7.2619e+02 1.6039e+01
2.1000e+02 7.4349e+02 1.5905e+01
2.4000e+02 7.7980e+02 2.1176e+01
2.7000e+02 7.6981e+02 1.8388e+01
3.0000e+02 7.2086e+02 2.6328e+01
3.3000e+02 7.1135e+02 1.8322e+01
/newplot
/plotname contrast2=0.5
0.0000e+00 7.4386e+02 1.4938e+01
3.0000e+01 7.3531e+02 2.9485e+01
6.0000e+01 7.3207e+02 2.9994e+01
9.0000e+01 7.5538e+02 1.3638e+01
1.2000e+02 7.5656e+02 2.7258e+01
1.5000e+02 7.7623e+02 1.3514e+01
1.8000e+02 7.7519e+02 2.7601e+01
2.1000e+02 7.5987e+02 1.1524e+01
2.4000e+02 8.0046e+02 3.2146e+01
2.7000e+02 7.5917e+02 2.7441e+01
3.0000e+02 7.4753e+02 2.9172e+01
3.3000e+02 7.5501e+02 2.5065e+01
/newplot
/plotname baseline
0.000000e+00 7.122334e+02
3.300000e+02 7.122334e+02
