/newplot
/plotname contrast2=0.0
0.0000e+00 6.8673e+02 2.9302e+01
3.0000e+01 6.4468e+02 4.5397e+01
6.0000e+01 6.2061e+02 1.4051e+01
9.0000e+01 6.1326e+02 2.3788e+01
1.2000e+02 6.4574e+02 1.9817e+01
1.5000e+02 6.8029e+02 3.8174e+01
1.8000e+02 6.6891e+02 1.3247e+01
2.1000e+02 6.2412e+02 1.9356e+01
2.4000e+02 6.3517e+02 4.2359e+01
2.7000e+02 6.2057e+02 2.5058e+01
3.0000e+02 6.5258e+02 3.8235e+01
3.3000e+02 7.7746e+02 3.6909e+01
/newplot
/plotname contrast2=0.5
0.0000e+00 6.5639e+02 1.8698e+01
3.0000e+01 6.2767e+02 2.1694e+01
6.0000e+01 6.5028e+02 2.1507e+01
9.0000e+01 6.5581e+02 1.4362e+01
1.2000e+02 6.5125e+02 2.6304e+01
1.5000e+02 6.8074e+02 3.6070e+01
1.8000e+02 6.4592e+02 1.6546e+01
2.1000e+02 6.7347e+02 4.6916e+01
2.4000e+02 7.3786e+02 2.5912e+01
2.7000e+02 6.9823e+02 4.8482e+01
3.0000e+02 6.6689e+02 3.9513e+01
3.3000e+02 7.3672e+02 3.0870e+01
/newplot
/plotname baseline
0.000000e+00 6.254113e+02
3.300000e+02 6.254113e+02
