ROI              M_S         M_C       SNR_g       SNR_p    M_S_norm   M_S_ratio         M_X
--------------------------------------------------------------------------------------------
1            -4.3146      0.3463      0.1261    0.062251    -0.98066      0.8706    -0.24162
3            -13.428     0.51928  -0.0066103   0.0086527     -3.3252     0.70508   -0.090103
4             -7.529     0.30148    0.077247   -0.025344      -2.084     0.75304     0.32115
5            -15.477     0.21835     0.23723   0.0033955     -2.7423     0.64981      0.5745
6           -0.67591      0.6863     0.93329      0.1131    -0.15555     0.98671     0.10084
7            -20.908    0.031958    0.071132   -0.018263     -3.0378      0.5624     0.73852
8             -4.825     0.37136     0.13666    0.045077     -1.0864     0.88826     0.48888
9             -8.689     0.44019     0.09078   -0.075062     -2.7245      0.6519     0.56066
10           -15.966     0.22895    0.055865    0.027855     -2.4136     0.62542     0.64497
13           -10.123     0.41888     0.31344     0.11735     -2.5597     0.83147     -0.1989
14           -11.724     0.36234     0.16139     0.05334      -2.778     0.72739    -0.16148
15            -14.41     0.69027      1.1907     0.35314     -2.1931     0.71114     0.37647
16           -12.611     0.18444     0.26731    0.038023     -2.6689     0.70013     0.46762
17           -9.8441    -0.38154  -0.0065738   -0.087204     -1.4276     0.83783    0.080695
21           -9.7647     0.28139    0.060999  -0.0034559     -2.7899     0.65258     0.23818
24             3.016     0.21528      0.1051   -0.038837     0.26473      1.2121     0.74258
26           -8.0326     0.69671     0.20818  -0.0058336     -1.7102     0.86315   -0.076727
28           -18.421     0.16466     0.15668   -0.021402     -4.4585     0.60899     0.56535
30           -9.5224   -0.085384    0.041553   -0.018159     -1.5309     0.73611     0.40571
31           -10.514     0.68303     0.67371    0.069271     -1.6354      0.7783    -0.15176
33           -5.7434    0.099554     0.21036   -0.017546     -1.3685     0.88181     0.42809
35           -1.1377     0.18783     0.19996   -0.035763    -0.14748     0.95443     0.70106
36           -7.5449    0.073478   0.0082068   -0.033371      -1.598     0.79961     0.50215
37           -15.154     0.67218     0.17311   0.0025445     -3.3005     0.70573     0.31837
39           -11.297     0.40238     0.39629   -0.070946     -1.3826     0.77282     0.65296
41           -11.263    0.014434  -0.0040732   -0.044077     -2.1896     0.68816     0.64109
43           -18.609     0.41855    0.037413    0.025795     -4.0551     0.67027       0.247
44           -7.8735     0.40407     0.16744 -0.00038084    -0.90382     0.81538     0.76037
45           -1.2995     0.63304     0.60771   -0.062524    -0.28627     0.97354     0.51378
46            3.2759     0.36217     0.65956     0.38394     0.80439      1.0724     0.70919
49           -5.5554      0.4433     0.15037   -0.040755    -0.78411     0.82213     0.50774
50             2.089     0.28919    0.012372   -0.066191     0.30818      1.0805     0.52663
51            2.8832     0.80405     0.43413     0.17747     0.58004      1.0794    0.037751
52           -5.1182     0.20829     0.25144    0.029173     -1.0633      0.8898     0.56963
54           -5.2368     0.29273   0.0027144   -0.042116    -0.70186     0.76464    -0.31311
57           -8.9722    0.075772     0.32782    0.064894     -1.8867     0.80609     0.56938
58            -3.117     0.34587     0.38973     0.21987    -0.70481      0.9278    0.038215
59           -16.715      0.3836   0.0063732  -0.0010095     -3.0066     0.57676     0.31875
60           -10.896     0.69926      1.0839    0.042452     -2.6384     0.77559     0.53257
61           -11.371     0.61023      1.1086      0.2011     -2.5354     0.76224     0.18884
64           -21.929     0.82159     0.48696     0.22406     -3.2844     0.64554     0.31599
65           -13.011      0.5849     0.51002     0.15035      -2.135      0.7635     0.25932
67           -7.3427     0.58219      1.0202     0.10833     -1.6664     0.86079     0.28757
68           -12.396      0.6901     0.26296     0.19974     -2.0606     0.69195   -0.024692
71           -6.7778     0.38364    0.038239   -0.068589      -1.649     0.80557     0.13074
72           -9.9097     0.70833     0.25369   -0.050417     -2.0859     0.77359     0.54652
73           -5.9718     0.50768     0.82424    0.017169     -1.1601     0.90102     0.36055
74           -6.8398     0.65694      1.0428     0.16238     -1.5025     0.82707     0.45029
75           -2.6471     0.71936     0.25814     0.17168    -0.47673      0.8484     0.23696
76           -10.903     0.81422     0.79534     0.81008     -1.9454     0.77361     0.13774
77           -6.1146    -0.16699     0.15706    0.041906     -1.0778      0.7977     0.85712
79           -16.621     0.66017      1.1485     0.26586     -2.6486     0.69087     0.44204
80           -22.428     0.88677      1.3875     0.26377      -3.285     0.64179     0.57335
81           -12.622     0.75286     0.58665   -0.022921     -3.0057     0.72905     0.50575
83           -9.6407     0.40809    0.092805  0.00020131     -0.9626     0.77318     0.45378
84           -14.542     0.67039      1.1105     0.12849     -3.5166      0.7111     0.52604
85            -14.04     0.59307      0.7365      0.2345      -2.429     0.70211     0.69116
86           -12.802     0.36417     0.10476     0.05999     -2.1167     0.69523     0.25259
87           -5.9081     0.55368     0.74908     0.43018     -1.3277     0.83145     0.16276
88           -13.415     0.85828      1.8131     0.85826     -2.8655     0.72751     0.35415
89           -8.6937     0.30409    0.050102   -0.048454     -2.2539     0.79902     0.46448
90           -15.166     0.83612     0.47393     0.10747     -2.3868     0.73044     0.23333
91           -1.3915     0.91798      1.5176      1.2681    -0.31053     0.96423    0.071906
92           -14.115     0.56452     0.29833   -0.012299     -3.5639     0.65503     0.66821
93           -11.158     0.39993      0.7452    0.039404      -2.755      0.7861     0.62682
94           -22.324     0.42711    0.073626     0.29069     -2.4037     0.61902    -0.16714
95           -13.267     0.47929     0.55174     0.28933     -2.1948      0.8231     0.24064
96            -24.84     0.82239     0.98351     0.83396     -6.2029     0.62617     0.44392
97           -7.5202     0.79422     0.38133  -0.0046794     -1.6591     0.82553      0.3538
98           -24.189     0.89374     0.78889     0.28632     -4.0541     0.67559      0.3258
99           -28.913     0.71222     0.26058    0.059942     -5.2691     0.51286     0.32718
101          -18.782     0.70805      1.4216     0.40795     -4.1853     0.60348     0.41445
103          -8.7442     0.77639     0.75828     0.19686      -2.271     0.81362     0.26391
104          -13.074     0.51543     0.58561   -0.036913     -3.6141     0.70421     0.56604
105          -25.332     0.28955     0.29107     0.15519     -4.0525     0.57039     0.29473
106          -5.2185     0.68402     0.72246     0.25215     -1.7274     0.84161    -0.24131
107          -20.107     0.45797  -0.0043023    -0.11132      -5.163     0.62438     0.50419
108          -12.535     0.56767     0.18379   -0.053179     -2.9402     0.71721     0.38917
109           -7.617    0.075261     0.16196   -0.033882      -1.884     0.80066     0.39642
110           -8.133     0.37313     0.17629    0.087808     -2.3163     0.77174     0.58337
112           -3.882     0.54033     0.28685    0.031061     -1.0651     0.86813     0.32009
115           8.1595      0.9149      2.0552      1.0261      1.3788      1.1337     0.19902
116          -13.699     0.84648      0.7673     0.14229     -1.8153     0.72353      0.5377
117          -8.5378     0.81163     0.59798     0.18595     -1.6778     0.86813     0.31735
118          -11.524      0.6028     0.38506     0.40859     -1.8037     0.71742        0.33
119          -7.1497     0.40756     0.21413    0.098034     -1.7806     0.74193    0.044979
120          -21.935     0.61202     0.44036     0.08837     -3.0362     0.63866     0.45393
121          -0.2004     0.23892     0.07392    0.017167   -0.050129     0.99084    -0.41724
123          -24.414     0.75648       1.333     0.31508     -4.5382      0.6374     0.41725
124           -14.12      0.2671     0.25601   -0.022963     -3.0543     0.75578     0.38477
125          -26.345     0.82107    0.030105   -0.087707     -3.1088     0.70465     0.40648
126          -14.353     0.21299  -0.0013257   -0.085323     -3.1436     0.68603     0.23425
128          -16.038     0.16509     0.47978    0.077322     -3.1557      0.7245     0.37366
129          -5.2299     0.56213     0.46915       0.224     -1.7694     0.82168   -0.058251
130          -3.1412     0.23284     0.32712     0.15295    -0.75144     0.87161   -0.059781
131          -26.638     0.33577      0.5422    0.018784     -3.0104     0.56682     0.62513
133          -15.704     0.73403     0.86791     0.24663     -3.1396     0.71711     0.43745
134          -19.569     0.52314     0.18342     0.10988     -4.5513      0.6289     0.44475
135          -15.404     0.79757     0.75072      0.2785      -2.838     0.67541     0.54246
136           11.679     0.15197     0.40354   -0.086765     0.84207      1.5626     0.69324
138          -23.752    0.041638     0.45958    0.055062     -3.6157     0.66062     0.49742
140          -4.5351     0.45702     0.26161     0.11956    -0.95627     0.85026     0.33439
142          -22.382     0.86031      1.1498     0.10476     -4.6231      0.5851     0.35758
144          -3.1353     0.27934   0.0085922   -0.025335    -0.65657     0.89467    -0.42436
145          -15.143     0.25003     0.19973     0.14874     -3.4118     0.69653    -0.12552
147          -1.6793     0.80086     0.33893    0.032174    -0.32507     0.95348     0.29941
148          -15.244    0.035888     0.40956   -0.038446      -2.374     0.69353     0.47244
150          -26.701     0.53157     0.52671    0.032407     -3.8846     0.60177     0.29998
152          -2.2947     0.70684     0.64515     0.10079    -0.54753     0.94065      0.3582
154         -0.85684     -0.1427    0.030149    0.012218    -0.17695     0.96382    0.077377
155          -62.101     0.64359     0.76656     0.30905     -9.1984     0.34786     0.59251
156          -12.899     0.28662   -0.007576     0.15992      -3.974     0.62932      0.4866
157          -15.622     0.20629     0.22436     0.01887     -3.2889     0.64943     0.43742
158          -12.921     0.60387     0.53806     0.21828     -1.7948     0.76367     0.60687
159          -11.624     0.55721     0.14658    0.053959     -2.1067     0.72732   -0.010177
160          -8.1156    -0.34443      1.8197     0.09893     -1.9471     0.84619     0.73195
162          -8.9739      0.7033     0.17882 -0.00063109      -1.736       0.742     0.12715
163          -16.824     0.49262     0.52865     0.10095      -4.076     0.55531     0.10573
164          -7.2093     0.11743     0.14388   -0.037119     -1.8057     0.79036     0.12849
165          -5.7706     0.43154     0.44685     0.26027     -1.1058     0.81488      0.5422
166          -30.501     0.23923     0.32684    0.033324     -5.0264     0.53481     0.53555
168          -15.217     0.53303     0.43259    0.090307     -3.2947     0.69801    -0.10157
169          -25.449    -0.12815   0.0099297   0.0018597     -4.9693     0.53341     0.41713
170          -19.434     0.24046     0.31672    0.076129     -3.5904     0.58406     0.62795
171          -13.315    0.034352      0.1676 -0.00014685     -1.8247     0.65526     0.52094
172          -14.572    -0.06464  -0.0041519    -0.03884     -2.8201     0.52318     0.89427
173          -14.492     -0.2785     0.85187    0.041872     -2.5747     0.71066     0.60005
175          -18.094   -0.039903     0.57346    0.061077     -4.6062     0.62287     0.66233
176          -32.884     0.55817     0.75988    0.014303     -5.7335     0.59719     0.67934
179          -6.3806     0.51889     0.36945      0.1853     -1.4521     0.68094   -0.049449
180          -19.419      0.2216       0.765    -0.02311      -3.474     0.60924     0.73629
181          -19.435     0.44497     0.31519    -0.09173     -3.8705     0.66189     0.38804
184          -29.389      0.3964     0.31362   0.0057524       -5.08     0.53677     0.30077
185          -11.114   -0.030787    0.057234    0.076215     -1.6497     0.76525     0.46325
186          -7.6362   -0.064228     0.34573     0.18615     -1.2729     0.70678     0.55522
189           4.3882    -0.14092    0.055442      0.1216     0.65176      1.2612     0.55781
190          -13.924     0.53467    0.075202   -0.037031     -2.9417     0.66456     0.11294
191          -21.668   -0.021706      1.2011    0.040963     -3.6671      0.6302     0.69144
192          -27.064     0.17632    0.083636   0.0059679     -4.3035     0.51575     0.23647
194          -21.109     0.73242    0.071394   -0.086081     -3.9456     0.59614     0.28271
197          -27.678     0.61529     0.17601    0.028406     -5.1373     0.56729   -0.076891
200          -13.182     0.01752     0.15221   0.0027633     -1.4977     0.69957      0.6813
201          -35.781     0.74327      1.4163   -0.020099     -5.4743      0.5869     0.60537
203           11.309    0.047331    0.019087     0.12068       2.149     -1.1599     0.83857
204          -6.3654    -0.57634     0.12772    0.067181     -1.0084     0.75357     0.56175
205          -19.174     0.35487     0.85844    0.083922     -4.3645     0.60032     0.49484
207          -28.835     0.33588     0.88593    0.026031     -4.7061     0.58377     0.54528
208          -25.727     0.23988     0.12836    -0.12853     -3.5773     0.66226     0.48308
209          -9.1076     0.39984      1.2208    -0.05924      -1.742     0.83697      0.5942
212          -15.388     0.69804     0.70344     0.68312     -3.2754     0.67879     0.10387
214          -28.433     0.37941     0.69614    0.050017     -3.4845     0.55816     0.61213
216          -8.7104    0.024682     0.11881   -0.041661     -1.3962     0.56176     0.36797
217           -31.46     0.55421      1.7902    0.081035     -5.7276     0.57065     0.63404
218          -21.873     0.35079      1.5807     0.26767     -6.8438     0.57798     0.49856
219          -16.091     0.23303     0.73288   -0.035817     -3.8449     0.58736      0.5438
220           5.1542     0.37308   0.0031831  -0.0064246     0.89817     0.33208      2.4217
222           11.459     0.47198  -0.0013001    -0.07413      1.8956     0.11808      2.0702
224           -4.373     0.43568     0.25211     0.15494    -0.79013     0.70541     0.64618
226          -4.5515     0.37112   0.0078632   -0.080647    -0.84712     0.74721      0.5462
